panel,target,T_trade,cost,h,turn_py,cal_turn_lo,cal_turn_hi,inside_ladder,d_oos_Sharpe,d_oos_MaxDD,d_oos_CAGR,d_full_Sharpe,d_full_MaxDD
B136,0.08,M,0,0.01,5.19258398189763,1.181259718304513,5.482417258670059,True,0.005213793134047462,0.0022231880970607076,1.1311225136950709e-06,0.0015548595400081133,0.0022231880970604995
B136,0.08,M,0,0.02,4.8733310752158205,1.181259718304513,5.482417258670059,True,0.011444967275973994,0.003284425016015835,0.00015159358447104643,0.009201497123433766,0.0032844250160157518
B136,0.08,M,0,0.03,4.491117682660678,1.181259718304513,5.482417258670059,True,0.015699828658051862,0.007521593698969875,0.00014729631529904197,0.00969395835562259,0.0075215936989695975
B136,0.08,M,0,0.05,3.983614024095402,1.181259718304513,5.482417258670059,True,0.036554637754107056,0.007704256272955234,0.0014793279459581615,0.02713845260044634,0.0077042562729548875
B136,0.08,M,0,0.08,3.414733079738111,1.181259718304513,5.482417258670059,True,0.04125436986551012,0.016597987861149605,0.0012623682338054054,0.006560028508622695,0.01659798786114991
B136,0.08,M,0,0.12,3.0968707422441404,1.181259718304513,5.482417258670059,True,0.056258285004275876,0.024538667583963003,0.0020108661043219817,0.010014392618327594,0.024538667583962365
B136,0.08,M,0,0.16,2.664318965557655,1.181259718304513,5.482417258670059,True,0.07851784090448222,0.027663455927693426,0.0025403836639120297,0.03680641844062271,0.02766345592769326
B136,0.08,M,0,0.2,2.181222934135856,1.181259718304513,5.482417258670059,True,0.17470712926057108,0.06851597621907471,0.00769190081194393,0.059673501887441915,0.06851597621907451
B136,0.08,M,0,0.25,2.085744113255171,1.181259718304513,5.482417258670059,True,0.10732406765241076,0.06421062207932984,-0.0026203654176386315,0.015204905153747061,0.06421062207932965
B136,0.08,M,10,0.01,5.19258398189763,1.181259718304513,5.482417258670059,True,0.005455675582374919,0.0018001094178716481,3.632451612066434e-05,0.001461035776547881,0.0018001094178717453
B136,0.08,M,10,0.02,4.8733310752158205,1.181259718304513,5.482417258670059,True,0.011904622289065081,0.004113963888448605,0.00021610589361331645,0.009012049189115023,0.004113963888448896
B136,0.08,M,10,0.03,4.491117682660678,1.181259718304513,5.482417258670059,True,0.015717571044046696,0.0066128466010895726,0.00017618501828595146,0.009505605461934241,0.006612846601088074
B136,0.08,M,10,0.05,3.983614024095402,1.181259718304513,5.482417258670059,True,0.037083474833760954,0.00798227975794076,0.0015780510579927326,0.02683974313562465,0.007982279757940788
B136,0.08,M,10,0.08,3.414733079738111,1.181259718304513,5.482417258670059,True,0.040907918716632574,0.016421181679630054,0.0012741201838914057,0.006164160248392836,0.016421181679629443
B136,0.08,M,10,0.12,3.0968707422441404,1.181259718304513,5.482417258670059,True,0.05532988889483459,0.023484707058102627,0.001990987723560503,0.009274364141526936,0.02348470705810271
B136,0.08,M,10,0.16,2.664318965557655,1.181259718304513,5.482417258670059,True,0.07609360931531861,0.027651072848503544,0.002392401378513778,0.035828336111703774,0.027651072848503377
B136,0.08,M,10,0.2,2.181222934135856,1.181259718304513,5.482417258670059,True,0.17316293166445051,0.06832472158484548,0.007723582424720862,0.05776029232910629,0.06832472158484526
B136,0.08,M,10,0.25,2.085744113255171,1.181259718304513,5.482417258670059,True,0.10759751098182302,0.06398326242618865,-0.0023905214428534827,0.013487574514065903,0.06398326242618865
B136,0.08,M,25,0.01,5.19258398189763,1.181259718304513,5.482417258670059,True,0.0058137832868425665,0.0014414344237035082,8.78619696811217e-05,0.0013140505064395125,0.0014414344237041604
B136,0.08,M,25,0.02,4.8733310752158205,1.181259718304513,5.482417258670059,True,0.012584219148593423,0.004358601809210175,0.0003107543932855811,0.0087210218119127,0.004358601809210133
B136,0.08,M,25,0.03,4.491117682660678,1.181259718304513,5.482417258670059,True,0.015727972525720224,0.005252169125993744,0.0002179729349110343,0.009201813764766476,0.005252169125994535
B136,0.08,M,25,0.05,3.983614024095402,1.181259718304513,5.482417258670059,True,0.037872882505055605,0.007742067776353251,0.0017241894458404905,0.026364645647647844,0.00774206777635239
B136,0.08,M,25,0.08,3.414733079738111,1.181259718304513,5.482417258670059,True,0.04037402076649599,0.016156225082218062,0.0012910497377768837,0.005559738604978159,0.015959384462408133
B136,0.08,M,25,0.12,3.0968707422441404,1.181259718304513,5.482417258670059,True,0.053945177133080335,0.0219075444252059,0.001960438925600008,0.008165726467970646,0.02190754442520576
B136,0.08,M,25,0.16,2.664318965557655,1.181259718304513,5.482417258670059,True,0.07245325844671302,0.027632579361097143,0.0021712001156242167,0.034377505304724165,0.027632579361096976
B136,0.08,M,25,0.2,2.181222934135856,1.181259718304513,5.482417258670059,True,0.1708851802529998,0.06803809614397263,0.007771064190782245,0.05495146263460016,0.06803809614397271
B136,0.08,M,25,0.25,2.085744113255171,1.181259718304513,5.482417258670059,True,0.10799978868137128,0.06364249850009665,-0.0020472730911565706,0.010930428768499478,0.06364249850009651
B136,0.08,M,50,0.01,5.19258398189763,1.181259718304513,5.482417258670059,True,0.0063969375840524645,0.0009225545562408649,0.00017047519727907134,0.0010516664159004874,0.0009225545562412674
B136,0.08,M,50,0.02,4.8733310752158205,1.181259718304513,5.482417258670059,True,0.01368848724322902,0.003462918721179764,0.00046294260629696493,0.008215914547595848,0.0034629187211800833
B136,0.08,M,50,0.03,4.491117682660678,1.181259718304513,5.482417258670059,True,0.015697941226266332,0.0032596163177224524,0.0002835758763321955,0.008634461643591829,0.003259616317722855
B136,0.08,M,50,0.05,3.983614024095402,1.181259718304513,5.482417258670059,True,0.039169664899707746,0.004777171461513505,0.0019626290571778393,0.025492031569735785,0.004777171461513338
B136,0.08,M,50,0.08,3.414733079738111,1.181259718304513,5.482417258670059,True,0.03944014007242225,0.016101627350720515,0.0013174296090012055,0.004514451818392162,0.01484019783779425
B136,0.08,M,50,0.12,3.0968707422441404,1.181259718304513,5.482417258670059,True,0.05165695156653194,0.0195659700328778,0.0019076093394577998,0.006316972954033773,0.019565970032877078
B136,0.08,M,50,0.16,2.664318965557655,1.181259718304513,5.482417258670059,True,0.06637504209202172,0.02773015301428336,0.0018045952466797521,0.03199708937633483,0.02773015301428275
B136,0.08,M,50,0.2,2.181222934135856,1.181259718304513,5.482417258670059,True,0.1671843276566758,0.06756107102111103,0.007850090526658804,0.05042535367459133,0.06756107102111042
B136,0.08,M,50,0.25,2.085744113255171,1.181259718304513,5.482417258670059,True,0.1086419831576837,0.06307529334322484,-0.0014792233440779207,0.006716851521555878,0.06307529334322448
B136,0.08,W,0,0.01,5.408220982001987,1.6565256242912054,5.644064272863915,True,0.0043304810760662615,0.0012113625608390077,9.38545139366892e-05,0.0017058540642944653,0.0012113625608375644
B136,0.08,W,0,0.02,5.142980787854931,1.6565256242912054,5.644064272863915,True,0.005138332903267928,0.0022125647390089376,-0.00014937174110693507,0.006944852614266139,0.0022125647390086323
B136,0.08,W,0,0.03,4.794318916300196,1.6565256242912054,5.644064272863915,True,0.013536793698540661,0.005343742733613502,0.0003844898449203993,0.007975171665404401,0.005343742733612253
B136,0.08,W,0,0.05,4.357103893104126,1.6565256242912054,5.644064272863915,True,0.030022310812333197,0.004988896284410724,0.0013906373569025632,0.022206762977818872,0.004988896284409919
B136,0.08,W,0,0.08,3.8140813186373825,1.6565256242912054,5.644064272863915,True,0.01928662487939614,0.0033552829807733386,0.0012668158090638204,0.008799083493866044,0.003355282980771812
B136,0.08,W,0,0.12,3.4560084036496574,1.6565256242912054,5.644064272863915,True,0.057442365807576445,0.023246402853274895,0.0037654772969587524,0.022806786594602446,0.02324640285327334
B136,0.08,W,0,0.16,3.0784829825250393,1.6565256242912054,5.644064272863915,True,0.09477512546026867,0.043829320617064876,0.002832550845162013,0.03919982429306246,0.043829320617065015
B136,0.08,W,0,0.2,2.528318308373467,1.6565256242912054,5.644064272863915,True,0.25190162056441334,0.10425550324804117,0.00894070570350057,0.11563048862427916,0.10425550324804134
B136,0.08,W,0,0.25,2.486127751096503,1.6565256242912054,5.644064272863915,True,0.1680925980275132,0.09550439427252683,-0.001742485232266569,0.08298254071310596,0.09550439427252688
B136,0.08,W,10,0.01,5.408220982001987,1.6565256242912054,5.644064272863915,True,0.004391876264158379,0.0015450830017167266,0.00010620916022535676,0.0016370371133125339,0.0015450830017174344
B136,0.08,W,10,0.02,5.142980787854931,1.6565256242912054,5.644064272863915,True,0.005145258615268711,0.002908228036255872,-0.00013513958340137522,0.00681309023803367,0.0029082280362572877
B136,0.08,W,10,0.03,4.794318916300196,1.6565256242912054,5.644064272863915,True,0.013248736449923193,0.0059424193488248345,0.00037131859978373205,0.007836060749324636,0.00594241934882582
B136,0.08,W,10,0.05,4.357103893104126,1.6565256242912054,5.644064272863915,True,0.029601048901809923,0.00549014990551798,0.0013852193598121731,0.0220045314787658,0.005490149905517841
B136,0.08,W,10,0.08,3.8140813186373825,1.6565256242912054,5.644064272863915,True,0.019455846701768476,0.0032565037556034904,0.0012736437159938385,0.008943920191326615,0.0032565037556028797
B136,0.08,W,10,0.12,3.4560084036496574,1.6565256242912054,5.644064272863915,True,0.056916089516692026,0.021931604770333887,0.003748402367970735,0.02231440681848551,0.021931604770333596
B136,0.08,W,10,0.16,3.0784829825250393,1.6565256242912054,5.644064272863915,True,0.09153628655004531,0.04382484267945558,0.002684739974103678,0.03721117057406653,0.043824842679455606
B136,0.08,W,10,0.2,2.528318308373467,1.6565256242912054,5.644064272863915,True,0.24948802776806267,0.10403083516740103,0.009024555447498084,0.11256302409293273,0.10403083516740125
B136,0.08,W,10,0.25,2.486127751096503,1.6565256242912054,5.644064272863915,True,0.1672700201406312,0.09526966134938797,-0.0014625806765164312,0.08024746746491718,0.095269661349388
B136,0.08,W,25,0.01,5.408220982001987,1.6565256242912054,5.644064272863915,True,0.004480448168676654,0.0013563080358272306,0.00012385470673556553,0.001530873357829643,0.0013563080358258706
B136,0.08,W,25,0.02,5.142980787854931,1.6565256242912054,5.644064272863915,True,0.0051461003707744535,0.0025218127883370745,-0.00011521353043925098,0.00661236700654988,0.0025218127883367136
B136,0.08,W,25,0.03,4.794318916300196,1.6565256242912054,5.644064272863915,True,0.01280511111967031,0.005370926217563021,0.00035026840057234,0.007615953226852268,0.0053709262175602734
B136,0.08,W,25,0.05,4.357103893104126,1.6565256242912054,5.644064272863915,True,0.028968075748380118,0.004848981276174363,0.001375738248108438,0.021681318332034794,0.004848981276174655
B136,0.08,W,25,0.08,3.8140813186373825,1.6565256242912054,5.644064272863915,True,0.019687336021277924,0.0033247101674149654,0.001283303376666045,0.009137880530147191,0.003324710167415146
B136,0.08,W,25,0.12,3.4560084036496574,1.6565256242912054,5.644064272863915,True,0.056128498691608186,0.019963499730840953,0.003722845660722285,0.021567436781124494,0.019963499730841106
B136,0.08,W,25,0.16,3.0784829825250393,1.6565256242912054,5.644064272863915,True,0.0866861505797103,0.043818194762408,0.0024647868757002728,0.034259223866382804,0.043818194762408
B136,0.08,W,25,0.2,2.528318308373467,1.6565256242912054,5.644064272863915,True,0.24586885698036554,0.10369412282835822,0.009149236730873839,0.10799549942834608,0.10369412282835833
B136,0.08,W,25,0.25,2.486127751096503,1.6565256242912054,5.644064272863915,True,0.16600075818104965,0.09491785557435733,-0.0010454685671222597,0.07614476670009629,0.09491785557435745
B136,0.08,W,50,0.01,5.408220982001987,1.6565256242912054,5.644064272863915,True,0.004618470613626746,0.0010614316371493904,0.00015094876796249712,0.0013460841385595224,0.0010614316371508198
B136,0.08,W,50,0.02,5.142980787854931,1.6565256242912054,5.644064272863915,True,0.005122118598990921,0.0019642882562901365,-8.571568556439702e-05,0.006269439158650747,0.001964288256291191
B136,0.08,W,50,0.03,4.794318916300196,1.6565256242912054,5.644064272863915,True,0.012033517725424048,0.0038735684476672444,0.0003118208246772336,0.007216981343672102,0.0038735684476665505
B136,0.08,W,50,0.05,4.357103893104126,1.6565256242912054,5.644064272863915,True,0.02790780601897591,0.002546218043375806,0.0013564072956226414,0.021086278700172656,0.0025462180433764303
B136,0.08,W,50,0.08,3.8140813186373825,1.6565256242912054,5.644064272863915,True,0.020009063818576145,0.0039003567069545997,0.0012978802518117394,0.00939241337537855,0.0039003567069539197
B136,0.08,W,50,0.12,3.4560084036496574,1.6565256242912054,5.644064272863915,True,0.05481759736080849,0.01703952721184629,0.0036804021445731028,0.020294505081288605,0.017039527211846484
B136,0.08,W,50,0.16,3.0784829825250393,1.6565256242912054,5.644064272863915,True,0.07862305715093187,0.04389472791295612,0.002102867189299945,0.029415990932083025,0.043894727912956066
B136,0.08,W,50,0.2,2.528318308373467,1.6565256242912054,5.644064272863915,True,0.239834854641499,0.10313370801931615,0.009354144640343579,0.10046909367365142,0.10313370801931582
B136,0.08,W,50,0.25,2.486127751096503,1.6565256242912054,5.644064272863915,True,0.1637873759944467,0.09433229526617373,-0.00035755620201592675,0.06930948252946467,0.09433229526617348
B136,0.1,M,0,0.01,4.177993450321168,1.145961740019635,4.403206556542032,True,0.008899236710709024,0.003370086110321524,0.0005176656860166884,0.0069384988547493975,0.0037417945792219687
B136,0.1,M,0,0.02,3.886702394937045,1.145961740019635,4.403206556542032,True,0.022281768581082773,0.007926569303257774,0.0012787623684347715,0.016016537022335298,0.00812247963099133
B136,0.1,M,0,0.03,3.6708394678059753,1.145961740019635,4.403206556542032,True,0.020283419023346516,0.00602950619346404,0.0008013684928518117,0.01860279007258203,0.007703346674110545
B136,0.1,M,0,0.05,3.2684467610758254,1.145961740019635,4.403206556542032,True,0.06450156725994827,0.01805967762102406,0.005287887017965703,0.03822576549176171,0.015291807243475286
B136,0.1,M,0,0.08,2.699181395624177,1.145961740019635,4.403206556542032,True,0.0648509587228634,0.024791651132226672,0.001755843546818625,0.043288919605130705,0.02479165113222681
B136,0.1,M,0,0.12,2.3934424780674255,1.145961740019635,4.403206556542032,True,0.058023010667227704,0.05201928197255029,-0.00026524166663446924,-0.0010221995661219285,0.052019281972549625
B136,0.1,M,0,0.16,1.991154541202418,1.145961740019635,4.403206556542032,True,0.08238790012255115,0.07383879148082753,-0.002301314326823428,0.017303460502960055,0.0738387914808282
B136,0.1,M,0,0.2,1.7822733687905266,1.145961740019635,4.403206556542032,True,0.1437226623580996,0.08152853886598169,0.0021622557091457717,0.07896962608583746,0.08152853886598113
B136,0.1,M,0,0.25,1.8379448118933757,1.145961740019635,4.403206556542032,True,0.11413750714116366,0.08397016886158748,0.004236144104788869,0.024112320151214783,0.08397016886158692
B136,0.1,M,10,0.01,4.177993450321168,1.145961740019635,4.403206556542032,True,0.009084452003093935,0.0032989042186347406,0.0005504570379518126,0.006834996779204738,0.0035996393595338766
B136,0.1,M,10,0.02,3.886702394937045,1.145961740019635,4.403206556542032,True,0.022476744489450695,0.009420471943454786,0.0013371351576254575,0.015721268111289266,0.007803101462060091
B136,0.1,M,10,0.03,3.6708394678059753,1.145961740019635,4.403206556542032,True,0.020603278386351898,0.0074656921697181244,0.0008735384454872652,0.018319150773982162,0.008443604614718492
B136,0.1,M,10,0.05,3.2684467610758254,1.145961740019635,4.403206556542032,True,0.06462472688241938,0.016639362718295303,0.00533980548098667,0.03785567999402861,0.014584161040085752
B136,0.1,M,10,0.08,2.699181395624177,1.145961740019635,4.403206556542032,True,0.0637511590518165,0.024744555439284832,0.0017507774531583253,0.04225374375916369,0.024744555439284555
B136,0.1,M,10,0.12,2.3934424780674255,1.145961740019635,4.403206556542032,True,0.05702247426744922,0.050797664754134775,-0.0002606834327127938,-0.0021409020311078386,0.050797664754134164
B136,0.1,M,10,0.16,1.991154541202418,1.145961740019635,4.403206556542032,True,0.08039611772268596,0.07305925818145731,-0.0023603143521221948,0.015608159399097987,0.07305925818145709
B136,0.1,M,10,0.2,1.7822733687905266,1.145961740019635,4.403206556542032,True,0.14212594891699704,0.08137280629892338,0.0021767688461008794,0.07736698082311921,0.08137280629892288
B136,0.1,M,10,0.25,1.8379448118933757,1.145961740019635,4.403206556542032,True,0.11143002884215303,0.08364179610046141,0.004030248199069025,0.02279445407604097,0.08364179610046135
B136,0.1,M,25,0.01,4.177993450321168,1.145961740019635,4.403206556542032,True,0.009366070077659217,0.002717752751080882,0.0005988461334900247,0.006682341059667918,0.002717752751081437
B136,0.1,M,25,0.02,3.886702394937045,1.145961740019635,4.403206556542032,True,0.022783571670027314,0.00832847980069465,0.001423364127784224,0.01528903744220056,0.007664841717208604
B136,0.1,M,25,0.03,3.6708394678059753,1.145961740019635,4.403206556542032,True,0.021090552833597842,0.006854389258088789,0.000980321985897717,0.017899830277231965,0.006854389258089871
B136,0.1,M,25,0.05,3.2684467610758254,1.145961740019635,4.403206556542032,True,0.06482270240726229,0.013995310792847188,0.005416781623219152,0.03730378326352124,0.013614057082656145
B136,0.1,M,25,0.08,2.699181395624177,1.145961740019635,4.403206556542032,True,0.062131877466525376,0.024674081702729445,0.0017428855567600543,0.04073110423676285,0.02467408170272914
B136,0.1,M,25,0.12,2.3934424780674255,1.145961740019635,4.403206556542032,True,0.055539169180315984,0.04897053973167961,-0.0002542171743363797,-0.0037891312407982713,0.048970539731680224
B136,0.1,M,25,0.16,1.991154541202418,1.145961740019635,4.403206556542032,True,0.07742004947862657,0.07189247907398838,-0.002448030694764458,0.013097859616944207,0.07189247907398971
B136,0.1,M,25,0.2,1.7822733687905266,1.145961740019635,4.403206556542032,True,0.13974875904948147,0.08113944904323261,0.0021985922013922077,0.07499086578763614,0.08113944904323289
B136,0.1,M,25,0.25,1.8379448118933757,1.145961740019635,4.403206556542032,True,0.10736038695585726,0.08314970449365067,0.003722674061911485,0.020834166083946837,0.08314970449365053
B136,0.1,M,50,0.01,4.177993450321168,1.145961740019635,4.403206556542032,True,0.009844739904189215,0.0017555081284222063,0.0006773941449631227,0.006434137217634417,0.001755508128423039
B136,0.1,M,50,0.02,3.886702394937045,1.145961740019635,4.403206556542032,True,0.02333151277689649,0.006517244570152597,0.0015635756153354746,0.014595422375146772,0.00651724457015182
B136,0.1,M,50,0.03,3.6708394678059753,1.145961740019635,4.403206556542032,True,0.021920669115750746,0.004356521424162929,0.0011544168855703862,0.017215162464147227,0.004356521424163207
B136,0.1,M,50,0.05,3.2684467610758254,1.145961740019635,4.403206556542032,True,0.06518458622383361,0.009617970707288398,0.0055426958626025175,0.036388567350841505,0.009617970707288231
B136,0.1,M,50,0.08,2.699181395624177,1.145961740019635,4.403206556542032,True,0.05951084767404535,0.024557077987328285,0.0017289632174023462,0.03826825672990797,0.02455707798732848
B136,0.1,M,50,0.12,2.3934424780674255,1.145961740019635,4.403206556542032,True,0.0531113645697574,0.04593942735728279,-0.0002444162868302374,-0.00645987337025411,0.04593942735728326
B136,0.1,M,50,0.16,1.991154541202418,1.145961740019635,4.403206556542032,True,0.07248774968057359,0.06995455798591405,-0.0025921458509625406,0.008996632225354961,0.06995455798591349
B136,0.1,M,50,0.2,1.7822733687905266,1.145961740019635,4.403206556542032,True,0.13583246189119524,0.08075116445082389,0.0022351066176233003,0.07110254524207993,0.08075116445082431
B136,0.1,M,50,0.25,1.8379448118933757,1.145961740019635,4.403206556542032,True,0.10055779237377149,0.08233079839766899,0.0032134249423933364,0.0176111353803321,0.08233079839766944
B136,0.1,W,0,0.01,4.461433763452833,1.6708991387700884,4.639612648078597,True,0.005913279865396692,0.0014064732326578566,0.0003881803326012401,0.005108005460163545,0.0024219770869121082
B136,0.1,W,0,0.02,4.218936342184793,1.6708991387700884,4.639612648078597,True,0.014231504143006779,0.004580923291098021,0.0007192099290003473,0.011106387011801777,0.006127245277092436
B136,0.1,W,0,0.03,3.9985859971841364,1.6708991387700884,4.639612648078597,True,0.017806545554140074,0.002324442625276965,0.0009366062158299715,0.01406859163514107,0.004045726682413819
B136,0.1,W,0,0.05,3.630694672723793,1.6708991387700884,4.639612648078597,True,0.04457140897625966,0.010868863639620613,0.0036843657892249027,0.028649195381922565,0.011882788059825095
B136,0.1,W,0,0.08,3.1323083839844807,1.6708991387700884,4.639612648078597,True,0.05472939217984396,0.016215714918956736,0.003191900004054282,0.04684619119684075,0.016271371718221322
B136,0.1,W,0,0.12,2.8331306119601085,1.6708991387700884,4.639612648078597,True,0.07019599796785791,0.06089273928997563,-0.00012040864400866824,0.01821293674291824,0.06089273928997585
B136,0.1,W,0,0.16,2.3888888741994903,1.6708991387700884,4.639612648078597,True,0.17064411743307906,0.11182411826748756,0.00018494246614678134,0.09304680980535274,0.11182411826748806
B136,0.1,W,0,0.2,2.1427246734598295,1.6708991387700884,4.639612648078597,True,0.21632927836728433,0.12583361345647603,0.000761205530698611,0.1285734955958,0.1258336134564763
B136,0.1,W,0,0.25,2.098576352865456,1.6708991387700884,4.639612648078597,True,0.3043793332316842,0.13103619591196397,0.015470157071970914,0.1662868270653335,0.1310361959119638
B136,0.1,W,10,0.01,4.461433763452833,1.6708991387700884,4.639612648078597,True,0.005955908164480883,0.002186847329900321,0.0003989496663387715,0.005039699588217816,0.0023277487283724085
B136,0.1,W,10,0.02,4.218936342184793,1.6708991387700884,4.639612648078597,True,0.014259222095830859,0.0071019925143480656,0.0007494218980569345,0.010869591579255378,0.005845027245715173
B136,0.1,W,10,0.03,3.9985859971841364,1.6708991387700884,4.639612648078597,True,0.01769692882099627,0.004338770008982681,0.0009490250161080793,0.013831962269589493,0.0049834606037966744
B136,0.1,W,10,0.05,3.630694672723793,1.6708991387700884,4.639612648078597,True,0.04408886811448376,0.012012710395419735,0.003655794224600939,0.028392049106963357,0.011490799246457017
B136,0.1,W,10,0.08,3.1323083839844807,1.6708991387700884,4.639612648078597,True,0.05392703598618098,0.01616382002331143,0.003195406169325926,0.0462043090380988,0.016184665748846472
B136,0.1,W,10,0.12,2.8331306119601085,1.6708991387700884,4.639612648078597,True,0.0686605984323343,0.060757855637962044,-0.00011524730582559983,0.016543377785755098,0.060757855637962405
B136,0.1,W,10,0.16,2.3888888741994903,1.6708991387700884,4.639612648078597,True,0.16817634905360346,0.11064118457472977,0.00025994388044664474,0.09032008957913984,0.11064118457472985
B136,0.1,W,10,0.2,2.1427246734598295,1.6708991387700884,4.639612648078597,True,0.21473761381491685,0.12545866501611935,0.0009666655293062154,0.12573507150748942,0.12545866501611913
B136,0.1,W,10,0.25,2.098576352865456,1.6708991387700884,4.639612648078597,True,0.30218310836225903,0.1306037605572702,0.015516418401937071,0.1637832815882978,0.13060376055727024
B136,0.1,W,25,0.01,4.461433763452833,1.6708991387700884,4.639612648078597,True,0.006021598202226475,0.001765910856224101,0.00041458900444653335,0.0049390471380446055,0.0017659108562250586
B136,0.1,W,25,0.02,4.218936342184793,1.6708991387700884,4.639612648078597,True,0.01431005774725036,0.006395853330197376,0.0007936330346798581,0.01052440983708558,0.006395853330197432
B136,0.1,W,25,0.03,3.9985859971841364,1.6708991387700884,4.639612648078597,True,0.01753596605437502,0.006702558835715966,0.0009666623249330875,0.01348266614114646,0.006702558835715244
B136,0.1,W,25,0.05,3.630694672723793,1.6708991387700884,4.639612648078597,True,0.043374105733311685,0.009985171790174996,0.003612512247845187,0.028008342685261534,0.00998517179017544
B136,0.1,W,25,0.08,3.1323083839844807,1.6708991387700884,4.639612648078597,True,0.05275661034096868,0.015073273830297773,0.0032006349865873196,0.04526596564537688,0.015073273830297523
B136,0.1,W,25,0.12,2.8331306119601085,1.6708991387700884,4.639612648078597,True,0.06637563222649057,0.06042819708458405,-0.00010735590578531129,0.014081492609028468,0.06042819708458405
B136,0.1,W,25,0.16,2.3888888741994903,1.6708991387700884,4.639612648078597,True,0.16448589113141665,0.1088714263059069,0.00037186493370104656,0.08625171874304027,0.10887142630590713
B136,0.1,W,25,0.2,2.1427246734598295,1.6708991387700884,4.639612648078597,True,0.21234221638295026,0.12489685800926764,0.0012732930128229042,0.12147865139466285,0.12489685800926775
B136,0.1,W,25,0.25,2.098576352865456,1.6708991387700884,4.639612648078597,True,0.2988714328425064,0.12995569661001843,0.015585159018621883,0.16002895425383068,0.12995569661001827
B136,0.1,W,50,0.01,4.461433763452833,1.6708991387700884,4.639612648078597,True,0.006135346028593114,0.0010644971460743724,0.0004393042080782783,0.004775791790109674,0.0010644971460746222
B136,0.1,W,50,0.02,4.218936342184793,1.6708991387700884,4.639612648078597,True,0.014418607072044454,0.005126474383212842,0.0008644111048212999,0.009974993929449782,0.005126474383212842
B136,0.1,W,50,0.03,3.9985859971841364,1.6708991387700884,4.639612648078597,True,0.01727613815209561,0.00461231412136659,0.0009934597998817463,0.012914529973971911,0.004612314121366479
B136,0.1,W,50,0.05,3.630694672723793,1.6708991387700884,4.639612648078597,True,0.04220553021625939,0.00642584997821205,0.0035392721235137647,0.027371888598338945,0.006425849978212217
B136,0.1,W,50,0.08,3.1323083839844807,1.6708991387700884,4.639612648078597,True,0.050891288792452416,0.009525579284395735,0.003209269073372212,0.04376213669746942,0.009525579284396984
B136,0.1,W,50,0.12,2.8331306119601085,1.6708991387700884,4.639612648078597,True,0.06261202054941362,0.05668359732048989,-9.380927063797062e-05,0.010086164181062562,0.05668359732048939
B136,0.1,W,50,0.16,2.3888888741994903,1.6708991387700884,4.639612648078597,True,0.15836228672128239,0.10593417629854357,0.0005568591157245617,0.07952604081836956,0.10593417629854396
B136,0.1,W,50,0.2,2.1427246734598295,1.6708991387700884,4.639612648078597,True,0.20832677683734147,0.12396215355148588,0.0017801934513525797,0.11438831166377894,0.12396215355148538
B136,0.1,W,50,0.25,2.098576352865456,1.6708991387700884,4.639612648078597,True,0.2933070107541733,0.12887716015002487,0.015698001935976938,0.15377684195868135,0.12887716015002515
B136,0.12,M,0,0.01,3.2450217037867666,1.0625489498560823,3.411973460955561,True,0.01208317760639499,0.004259068039083935,0.001019089599380879,0.008552229418644641,0.004470431563057653
B136,0.12,M,0,0.02,3.015874998165667,1.0625489498560823,3.411973460955561,True,0.03197567785695732,0.009206647075697072,0.0027936101392995183,0.017209806749216128,0.01011579368078877
B136,0.12,M,0,0.03,2.83522180096802,1.0625489498560823,3.411973460955561,True,0.043849515934227146,0.014334918248421452,0.0036593591175942963,0.030008739986839172,0.01498166080864649
B136,0.12,M,0,0.05,2.465964632214824,1.0625489498560823,3.411973460955561,True,0.06888891930808994,0.016836488376621744,0.005928156785942634,0.039648613978563674,0.016946874115158966
B136,0.12,M,0,0.08,2.2395400132969834,1.0625489498560823,3.411973460955561,True,0.06941657955133151,0.028770423850824345,0.003721279245064768,0.03563278567449113,0.02877042385082451
B136,0.12,M,0,0.12,1.8047123790995878,1.0625489498560823,3.411973460955561,True,0.07110158661029442,0.06848966130305983,-0.0028890816568402644,0.031002556382782043,0.06523660588150229
B136,0.12,M,0,0.16,1.6728359982306116,1.0625489498560823,3.411973460955561,True,0.027284473616936644,0.05104634572876901,-0.008373869864694405,0.0036387865284841503,0.051046345728768955
B136,0.12,M,0,0.2,1.5009925367650314,1.0625489498560823,3.411973460955561,True,0.13637787341053298,0.09746333927721967,0.0005768404317713638,0.07268303710402546,0.09746333927721929
B136,0.12,M,0,0.25,1.4297035731450771,1.0625489498560823,3.411973460955561,True,0.10336031827989678,0.07840358170362116,-0.0011933330220580962,0.04762947807037876,0.07840358170362094
B136,0.12,M,10,0.01,3.2450217037867666,1.0625489498560823,3.411973460955561,True,0.012223177250394235,0.0038993005336060427,0.0010461675190475694,0.00848473283585549,0.0038993005336075692
B136,0.12,M,10,0.02,3.015874998165667,1.0625489498560823,3.411973460955561,True,0.03195825890373305,0.008349657719841003,0.002817962232652932,0.017027733329726402,0.008349657719840392
B136,0.12,M,10,0.03,2.83522180096802,1.0625489498560823,3.411973460955561,True,0.04380680856536889,0.013756781878154933,0.0036950844828956553,0.029712205261916536,0.013756781878155516
B136,0.12,M,10,0.05,2.465964632214824,1.0625489498560823,3.411973460955561,True,0.06882059755414316,0.0170228976721242,0.005973417965094874,0.03926161043869025,0.017022897672124504
B136,0.12,M,10,0.08,2.2395400132969834,1.0625489498560823,3.411973460955561,True,0.06895349400291817,0.02865624423865884,0.0037583873984154137,0.03501437449007794,0.02865624423865909
B136,0.12,M,10,0.12,1.8047123790995878,1.0625489498560823,3.411973460955561,True,0.06961085175150306,0.06831572551404,-0.0029069820003527203,0.029856098155728095,0.06477360199453935
B136,0.12,M,10,0.16,1.6728359982306116,1.0625489498560823,3.411973460955561,True,0.02608390828091789,0.050941478534745566,-0.008361846622876923,0.0025095849987395447,0.05094147853474562
B136,0.12,M,10,0.2,1.5009925367650314,1.0625489498560823,3.411973460955561,True,0.13439046687379097,0.09730244681661732,0.0005323833573026016,0.0713717712475308,0.0973024468166172
B136,0.12,M,10,0.25,1.4297035731450771,1.0625489498560823,3.411973460955561,True,0.1018240194494151,0.0781737904043096,-0.0012300000188800175,0.04664978711703638,0.07817379040430983
B136,0.12,M,25,0.01,3.2450217037867666,1.0625489498560823,3.411973460955561,True,0.012435992596544487,0.0033620248517433615,0.0010863096996268917,0.008385249332731215,0.003362024851742307
B136,0.12,M,25,0.02,3.015874998165667,1.0625489498560823,3.411973460955561,True,0.03194171239394494,0.007070072224906854,0.0028539375838302905,0.016759718486336617,0.0070700722249069925
B136,0.12,M,25,0.03,2.83522180096802,1.0625489498560823,3.411973460955561,True,0.043756579444921506,0.01225573992538545,0.0037480273137381614,0.02927629523494235,0.0122557399253862
B136,0.12,M,25,0.05,2.465964632214824,1.0625489498560823,3.411973460955561,True,0.06873640585014584,0.017300536816477752,0.006040894053301132,0.038692295083204487,0.01730053681647839
B136,0.12,M,25,0.08,2.2395400132969834,1.0625489498560823,3.411973460955561,True,0.06828028758471327,0.02848539443885817,0.003813611535831124,0.034100197541452104,0.028485394438858586
B136,0.12,M,25,0.12,1.8047123790995878,1.0625489498560823,3.411973460955561,True,0.06739440039902878,0.06805528461104801,-0.002933779947723286,0.028158153571460787,0.06408043111730666
B136,0.12,M,25,0.16,1.6728359982306116,1.0625489498560823,3.411973460955561,True,0.024298778693458756,0.05078450249406927,-0.008343766256769636,0.0008345461547167865,0.050784502494069184
B136,0.12,M,25,0.2,1.5009925367650314,1.0625489498560823,3.411973460955561,True,0.13142393763671967,0.09682733349185668,0.0004661062908530855,0.06941889517646493,0.09682733349185646
B136,0.12,M,25,0.25,1.4297035731450771,1.0625489498560823,3.411973460955561,True,0.09952292905892834,0.07782941395210424,-0.00128474771962786,0.04518579064241934,0.07782941395210413
B136,0.12,M,50,0.01,3.2450217037867666,1.0625489498560823,3.411973460955561,True,0.012797783948903074,0.002472877557672032,0.0011519598158279687,0.008223882115269365,0.0024728775576717266
B136,0.12,M,50,0.02,3.015874998165667,1.0625489498560823,3.411973460955561,True,0.0319387925561625,0.00495309275421521,0.00291243796517926,0.016325958889501502,0.0049530927542149605
B136,0.12,M,50,0.03,2.83522180096802,1.0625489498560823,3.411973460955561,True,0.043708476586358014,0.009768484442316372,0.003834561447758539,0.02857258447044253,0.009768484442316705
B136,0.12,M,50,0.05,2.465964632214824,1.0625489498560823,3.411973460955561,True,0.0686426520574479,0.015471713702745332,0.006152252473873077,0.037771321999550356,0.015471713702745055
B136,0.12,M,50,0.08,2.2395400132969834,1.0625489498560823,3.411973460955561,True,0.0672141482770452,0.02820176211500075,0.003904491545226818,0.03261125391609676,0.028201762115000584
B136,0.12,M,50,0.12,1.8047123790995878,1.0625489498560823,3.411973460955561,True,0.06375174333701206,0.0676224496896794,-0.002978300467539441,0.02538474961085857,0.06292870152264554
B136,0.12,M,50,0.16,1.6728359982306116,1.0625489498560823,3.411973460955561,True,0.021364740293801976,0.050523741441086206,-0.008313510394113821,-0.0019081171542529862,0.05052374144108579
B136,0.12,M,50,0.2,1.5009925367650314,1.0625489498560823,3.411973460955561,True,0.12651869121863313,0.09594805223819153,0.0003567301321966143,0.0662009098089349,0.09594805223819136
B136,0.12,M,50,0.25,1.4297035731450771,1.0625489498560823,3.411973460955561,True,0.09569728073794503,0.07725628106751264,-0.0013753214519928447,0.04276070192303849,0.07725628106751253
B136,0.12,W,0,0.01,3.6004457675791737,1.612288033496555,3.73326867688893,True,0.007215445359133321,0.0016462486916476726,0.0006140068523431408,0.005940976644057017,0.002761792174004518
B136,0.12,W,0,0.02,3.3955979291942544,1.612288033496555,3.73326867688893,True,0.024111104286257845,0.006430217119486742,0.0021542277662864873,0.014646284179719693,0.007326485943406735
B136,0.12,W,0,0.03,3.2306891990723283,1.612288033496555,3.73326867688893,True,0.03371896106973815,0.009473495755175781,0.0027282442871423562,0.022499092892793726,0.010193241820761006
B136,0.12,W,0,0.05,2.9071064695134416,1.612288033496555,3.73326867688893,True,0.05625959186248153,0.010846809537290975,0.0049548674692843075,0.03295619577312903,0.011220183910309073
B136,0.12,W,0,0.08,2.7155201379420313,1.612288033496555,3.73326867688893,True,0.06364874720830382,0.012079028186986251,0.005034751546315802,0.040275899685676686,0.012247323376608499
B136,0.12,W,0,0.12,2.2556540783570753,1.612288033496555,3.73326867688893,True,0.07898174874354624,0.0794450005319062,-0.005395209855256322,0.0297412706122282,0.07944500053190598
B136,0.12,W,0,0.16,2.069569314335344,1.612288033496555,3.73326867688893,True,0.0793631941304136,0.09131562103865909,-0.010946015289119954,0.059163695847628484,0.0913156210386587
B136,0.12,W,0,0.2,2.003077905555121,1.612288033496555,3.73326867688893,True,0.19444979416144448,0.12467885492022185,0.0034948219994283547,0.11705090863957901,0.12467885492022163
B136,0.12,W,0,0.25,2.0008326215824463,1.612288033496555,3.73326867688893,True,0.16235473240760068,0.10652784125981785,0.0051600877041751425,0.08291997991296296,0.10652784125981807
B136,0.12,W,10,0.01,3.6004457675791737,1.612288033496555,3.73326867688893,True,0.007258585183555821,0.0027889498081232755,0.0006252251209055981,0.0058938679049354015,0.0027889498081230812
B136,0.12,W,10,0.02,3.3955979291942544,1.612288033496555,3.73326867688893,True,0.023939652551133728,0.005859548486918775,0.002153123796733991,0.014487171983218472,0.0058595484869184145
B136,0.12,W,10,0.03,3.2306891990723283,1.612288033496555,3.73326867688893,True,0.03351710425005905,0.009857955090389753,0.0027352586163505166,0.022235498334888026,0.00985795509039017
B136,0.12,W,10,0.05,2.9071064695134416,1.612288033496555,3.73326867688893,True,0.05607285634706605,0.011743607196328887,0.004972450330686634,0.03261166994974074,0.01174360719632872
B136,0.12,W,10,0.08,2.7155201379420313,1.612288033496555,3.73326867688893,True,0.06309214947554609,0.012420137090478622,0.005042466483907382,0.03980959038885379,0.012420137090478928
B136,0.12,W,10,0.12,2.2556540783570753,1.612288033496555,3.73326867688893,True,0.07621070992771961,0.07927223253000742,-0.005465213166644445,0.02787040104676408,0.07927223253000698
B136,0.12,W,10,0.16,2.069569314335344,1.612288033496555,3.73326867688893,True,0.07630567886911077,0.09111886302557792,-0.010980755466206138,0.05698514179612313,0.09111886302557748
B136,0.12,W,10,0.2,2.003077905555121,1.612288033496555,3.73326867688893,True,0.19154160544597265,0.12440893168241957,0.0034690715703563357,0.11495741172073992,0.12440893168241951
B136,0.12,W,10,0.25,2.0008326215824463,1.612288033496555,3.73326867688893,True,0.15935797421949327,0.10630619730634006,0.005028291792908091,0.08127172169896646,0.10630619730633994
B136,0.12,W,25,0.01,3.6004457675791737,1.612288033496555,3.73326867688893,True,0.0073248662493372585,0.0024222103403459816,0.0006417234713631537,0.005824710788101095,0.002422210340346481
B136,0.12,W,25,0.02,3.3955979291942544,1.612288033496555,3.73326867688893,True,0.02368999501496316,0.004893711268693479,0.002151091478305167,0.014252628091962372,0.004893711268694895
B136,0.12,W,25,0.03,3.2306891990723283,1.612288033496555,3.73326867688893,True,0.03322245970707782,0.00878742830932494,0.002745248211358131,0.021846903783577787,0.008787428309324413
B136,0.12,W,25,0.05,2.9071064695134416,1.612288033496555,3.73326867688893,True,0.05580517676278074,0.013079566490628358,0.004998272441542301,0.03210506761709553,0.013079566490628358
B136,0.12,W,25,0.08,2.7155201379420313,1.612288033496555,3.73326867688893,True,0.06227703542728702,0.012927880362294975,0.005053729443350002,0.03911910848974398,0.012927880362294586
B136,0.12,W,25,0.12,2.2556540783570753,1.612288033496555,3.73326867688893,True,0.07207598904519008,0.07901358968956029,-0.0055693192234452515,0.025092758757293998,0.07901358968956007
B136,0.12,W,25,0.16,2.069569314335344,1.612288033496555,3.73326867688893,True,0.07172414024061902,0.09082411947715446,-0.011032428848195303,0.053732893571129425,0.09082411947715463
B136,0.12,W,25,0.2,2.003077905555121,1.612288033496555,3.73326867688893,True,0.18719170492777693,0.1238405137722039,0.0034306440701634133,0.11182889386490147,0.12384051377220406
B136,0.12,W,25,0.25,2.0008326215824463,1.612288033496555,3.73326867688893,True,0.15486594803742304,0.10597403646949499,0.0048314254952055435,0.07880346446953679,0.10597403646949527
B136,0.12,W,50,0.01,3.6004457675791737,1.612288033496555,3.73326867688893,True,0.007439332816373323,0.0018150194529099883,0.0006683541931929438,0.005713354458986464,0.0018150194529117647
B136,0.12,W,50,0.02,3.3955979291942544,1.612288033496555,3.73326867688893,True,0.023293427787079546,0.003295673175681413,0.002146716213366595,0.013872417810300908,0.003295673175681857
B136,0.12,W,50,0.03,3.2306891990723283,1.612288033496555,3.73326867688893,True,0.03275225547833083,0.007011424944867839,0.00276049893085345,0.021216813425350534,0.007011424944866923
B136,0.12,W,50,0.05,2.9071064695134416,1.612288033496555,3.73326867688893,True,0.05539053076625855,0.011844774803050379,0.005039854411553912,0.03128667045364275,0.011844774803051267
B136,0.12,W,50,0.08,2.7155201379420313,1.612288033496555,3.73326867688893,True,0.06097109963861902,0.012539995516818614,0.005071685736035891,0.03799209433377082,0.012539995516817087
B136,0.12,W,50,0.12,2.2556540783570753,1.612288033496555,3.73326867688893,True,0.06524140868854311,0.07858387475888454,-0.005740447129693044,0.020537056453184155,0.07858387475888443
B136,0.12,W,50,0.16,2.069569314335344,1.612288033496555,3.73326867688893,True,0.06410157881469969,0.09033392870659118,-0.011117391967432833,0.04835352707732721,0.0903339287065913
B136,0.12,W,50,0.2,2.003077905555121,1.612288033496555,3.73326867688893,True,0.17997611661657564,0.12289496828667157,0.0033671249557526983,0.10664647796219096,0.12289496828667151
B136,0.12,W,50,0.25,2.0008326215824463,1.612288033496555,3.73326867688893,True,0.14739062070190911,0.10542124831728483,0.004505514016685336,0.0747024317582583,0.10542124831728489
B136,0.16,M,0,0.01,2.201634151542448,0.8424283282394222,2.3031705310780657,True,0.008989627994468341,0.0026940588110691555,0.0009337162950697475,0.004014132597909947,0.0026940588110694885
B136,0.16,M,0,0.02,2.0544349531975885,0.8424283282394222,2.3031705310780657,True,0.02376946782048117,0.0067447527810215735,0.0026243182938279486,0.008826193446374031,0.0067447527810217955
B136,0.16,M,0,0.03,1.9291733871367354,0.8424283282394222,2.3031705310780657,True,0.03697792869220251,0.007665959925320043,0.003649497638870708,0.0144524234342569,0.007665959925319821
B136,0.16,M,0,0.05,1.7191272376789501,0.8424283282394222,2.3031705310780657,True,0.049029116599903055,0.008403495338297456,0.004687034661266937,0.024986453766397743,0.008403495338297123
B136,0.16,M,0,0.08,1.4965452953797997,0.8424283282394222,2.3031705310780657,True,0.09242851110765926,0.04019685431536485,0.0076627777240579065,0.043034272197943535,0.04019685431536474
B136,0.16,M,0,0.12,1.3382273040345876,0.8424283282394222,2.3031705310780657,True,0.06759320664194535,0.04760674058563269,0.0007352771271730008,0.035891739496426656,0.04760674058563269
B136,0.16,M,0,0.16,1.1758708448054436,0.8424283282394222,2.3031705310780657,True,0.068837537277886,0.06345941987129261,-0.00031493835008425397,0.02135058110979271,0.06345941987129261
B136,0.16,M,0,0.2,0.9171234322511213,0.8424283282394222,2.3031705310780657,True,0.15906692507766973,0.12612940909536458,-0.0022678627270617535,0.11428029936576434,0.12612940909536519
B136,0.16,M,0,0.25,0.731522322125001,0.8424283282394222,2.3031705310780657,False,0.179733205009319,0.14689446625653002,-0.009022369566803246,0.15335934849495536,0.14689446625653002
B136,0.16,M,10,0.01,2.201634151542448,0.8424283282394222,2.3031705310780657,True,0.009085412805977633,0.0027003684825287755,0.0009538799318660196,0.003982291629755164,0.0027003684825287755
B136,0.16,M,10,0.02,2.0544349531975885,0.8424283282394222,2.3031705310780657,True,0.023622284180714326,0.006760860389889378,0.002612730248081896,0.008762084822593996,0.006760860389889156
B136,0.16,M,10,0.03,1.9291733871367354,0.8424283282394222,2.3031705310780657,True,0.03666724386233233,0.007692577348072133,0.003634716342813371,0.014305883827523402,0.0076925773480718
B136,0.16,M,10,0.05,1.7191272376789501,0.8424283282394222,2.3031705310780657,True,0.04888819369576325,0.008410254993746397,0.004700416342546004,0.024823469828594735,0.008410254993746064
B136,0.16,M,10,0.08,1.4965452953797997,0.8424283282394222,2.3031705310780657,True,0.09152320233939726,0.040140441163727725,0.007601871163109897,0.04266759795945951,0.04014044116372756
B136,0.16,M,10,0.12,1.3382273040345876,0.8424283282394222,2.3031705310780657,True,0.0667851108553319,0.047435946131814705,0.0007101440576586793,0.03545014352344622,0.04743594613181484
B136,0.16,M,10,0.16,1.1758708448054436,0.8424283282394222,2.3031705310780657,True,0.06793696447965103,0.06321264184134384,-0.0003524284341598627,0.020734093927382347,0.06321264184134395
B136,0.16,M,10,0.2,0.9171234322511213,0.8424283282394222,2.3031705310780657,True,0.15721402896422831,0.12557978492045974,-0.0023557870135508807,0.11327137464341552,0.12557978492046012
B136,0.16,M,10,0.25,0.731522322125001,0.8424283282394222,2.3031705310780657,False,0.1786553858962554,0.14659576560450005,-0.008926422728631422,0.1528557939428934,0.14659576560450016
B136,0.16,M,25,0.01,2.201634151542448,0.8424283282394222,2.3031705310780657,True,0.00923081914724766,0.0028137640434497124,0.0009838698159398418,0.003935452691282704,0.0028137640434508226
B136,0.16,M,25,0.02,2.0544349531975885,0.8424283282394222,2.3031705310780657,True,0.023404390060081548,0.007425511239312205,0.002595275453420337,0.008667337553897703,0.007425511239312205
B136,0.16,M,25,0.03,1.9291733871367354,0.8424283282394222,2.3031705310780657,True,0.036209248586035025,0.00901539237754323,0.0036124997678328996,0.014089396731561621,0.009015392377543008
B136,0.16,M,25,0.05,1.7191272376789501,0.8424283282394222,2.3031705310780657,True,0.04868504275896579,0.008864841545068919,0.004720364521317577,0.02458268221164772,0.008864841545068697
B136,0.16,M,25,0.08,1.4965452953797997,0.8424283282394222,2.3031705310780657,True,0.09017648403836143,0.04005600541714685,0.00751086210939636,0.04212358852076492,0.04005600541714713
B136,0.16,M,25,0.12,1.3382273040345876,0.8424283282394222,2.3031705310780657,True,0.06558008387547565,0.04718004589462976,0.0006725857143502489,0.034792922347971045,0.04718004589462957
B136,0.16,M,25,0.16,1.1758708448054436,0.8424283282394222,2.3031705310780657,True,0.06659216155864911,0.06284282794772972,-0.00040836051988069055,0.019815398471964674,0.06284282794772933
B136,0.16,M,25,0.2,0.9171234322511213,0.8424283282394222,2.3031705310780657,True,0.15442851402795243,0.12475596606667444,-0.002487316453710975,0.11175453038108873,0.12475596606667388
B136,0.16,M,25,0.25,0.731522322125001,0.8424283282394222,2.3031705310780657,False,0.17703662970231515,0.1461477614106672,-0.008782669954119582,0.15209896727969796,0.1461477614106671
B136,0.16,M,50,0.01,2.201634151542448,0.8424283282394222,2.3031705310780657,True,0.009477638821849599,0.0019834144889425975,0.0010331763495751711,0.003859796081844946,0.0019834144889413208
B136,0.16,M,50,0.02,2.0544349531975885,0.8424283282394222,2.3031705310780657,True,0.023048668917595494,0.005558338421285308,0.002565993626269719,0.008513028319324434,0.005558338421284087
B136,0.16,M,50,0.03,1.9291733871367354,0.8424283282394222,2.3031705310780657,True,0.03546690247279072,0.009795454331337938,0.00357535620352184,0.013737111221743925,0.009795454331338549
B136,0.16,M,50,0.05,1.7191272376789501,0.8424283282394222,2.3031705310780657,True,0.04836765342632199,0.01006568652966236,0.004753282356264044,0.024190685047688065,0.01006568652966186
B136,0.16,M,50,0.08,1.4965452953797997,0.8424283282394222,2.3031705310780657,True,0.08796148110950175,0.039109690906173555,0.007360112935372476,0.04123238513815841,0.03910969090617292
B136,0.16,M,50,0.12,1.3382273040345876,0.8424283282394222,2.3031705310780657,True,0.06359030682335098,0.046754322123292724,0.0006103650035703678,0.03371093100927758,0.04675432212329253
B136,0.16,M,50,0.16,1.1758708448054436,0.8424283282394222,2.3031705310780657,True,0.06436659949997092,0.06222741281598565,-0.0005007746649685341,0.01829989358074191,0.062227412815985095
B136,0.16,M,50,0.2,0.9171234322511213,0.8424283282394222,2.3031705310780657,True,0.14977021352958064,0.12338458026139709,-0.0027055815968487773,0.10921745212825518,0.12338458026139715
B136,0.16,M,50,0.25,0.731522322125001,0.8424283282394222,2.3031705310780657,False,0.1743337500988631,0.14510178901447535,-0.008543527703289922,0.1508337794274659,0.14510178901447512
B136,0.16,W,0,0.01,2.650277045929111,1.410561599996233,2.726743408346504,True,0.00625857782454764,0.0012301397176546491,0.0006833446441360524,0.0035408964729890524,0.0012301397176549267
B136,0.16,W,0,0.02,2.5228228586162675,1.410561599996233,2.726743408346504,True,0.01740786664803351,0.0037583043884484024,0.002038920313804371,0.006708849245011139,0.0037583043884487355
B136,0.16,W,0,0.03,2.416641876394062,1.410561599996233,2.726743408346504,True,0.02437013130251464,0.003543674546562986,0.0020246950161044164,0.0087569974805779,0.0035436745465630415
B136,0.16,W,0,0.05,2.193853342932617,1.410561599996233,2.726743408346504,True,0.03727884634620371,0.003798230652943907,0.003484128947490478,0.014951432030537504,0.003798230652943768
B136,0.16,W,0,0.08,2.0177741477669864,1.410561599996233,2.726743408346504,True,0.07559034158338096,0.016037621589790968,0.008225763258429192,0.03836251673677604,0.016037621589791135
B136,0.16,W,0,0.12,1.840343205077828,1.410561599996233,2.726743408346504,True,0.07217214578175901,0.0509563398005429,0.0007082951391467751,0.03408551127266235,0.05095633980054379
B136,0.16,W,0,0.16,1.6079407034145867,1.410561599996233,2.726743408346504,True,0.13384036178323577,0.10314761056484884,0.0013532565904862126,0.0901622353634175,0.10314761056484895
B136,0.16,W,0,0.2,1.3767950449755937,1.410561599996233,2.726743408346504,False,0.20683559657222217,0.1506606149369637,0.0008468185019032681,0.16288521035571635,0.1506606149369636
B136,0.16,W,0,0.25,1.185936557214531,1.410561599996233,2.726743408346504,False,0.1839171034698348,0.14809809779573702,-0.008740049179900344,0.15605088124942235,0.14809809779573668
B136,0.16,W,10,0.01,2.650277045929111,1.410561599996233,2.726743408346504,True,0.006349241119421034,0.0012275868627799613,0.0007014126017826638,0.0035115580321514184,0.0012275868627796005
B136,0.16,W,10,0.02,2.5228228586162675,1.410561599996233,2.726743408346504,True,0.017235892245382356,0.0037592343702294306,0.002017856758115888,0.006648804034463218,0.003759234370228959
B136,0.16,W,10,0.03,2.416641876394062,1.410561599996233,2.726743408346504,True,0.02400025674784345,0.003547190994910826,0.00200116211423626,0.008598099605054088,0.0035471909949106872
B136,0.16,W,10,0.05,2.193853342932617,1.410561599996233,2.726743408346504,True,0.03687121631899992,0.00377970829668825,0.00345565842892126,0.014789971592840567,0.0037797082966883055
B136,0.16,W,10,0.08,2.0177741477669864,1.410561599996233,2.726743408346504,True,0.0747377263492841,0.01599114123628842,0.008156997318489151,0.03800387664269245,0.01599114123628889
B136,0.16,W,10,0.12,1.840343205077828,1.410561599996233,2.726743408346504,True,0.07092119789232343,0.05079554442583889,0.0006697562961715808,0.03339827248540361,0.050795544425839084
B136,0.16,W,10,0.16,1.6079407034145867,1.410561599996233,2.726743408346504,True,0.13136070207284978,0.10280745487772125,0.0012106083848582305,0.08883803433219506,0.1028074548777213
B136,0.16,W,10,0.2,1.3767950449755937,1.410561599996233,2.726743408346504,False,0.20407185018290552,0.15018801438480178,0.0007622700439084973,0.16134881354570574,0.15018801438480212
B136,0.16,W,10,0.25,1.185936557214531,1.410561599996233,2.726743408346504,False,0.18267372773513868,0.1478942074886882,-0.008511510602124961,0.15559905630117066,0.1478942074886881
B136,0.16,W,25,0.01,2.650277045929111,1.410561599996233,2.726743408346504,True,0.006486739403783748,0.0019325755990683702,0.0007282438012785053,0.0034685443769706392,0.001932575599069064
B136,0.16,W,25,0.02,2.5228228586162675,1.410561599996233,2.726743408346504,True,0.01697909687892518,0.005418982411396461,0.0019862644597520573,0.006559782291037042,0.005418982411395851
B136,0.16,W,25,0.03,2.416641876394062,1.410561599996233,2.726743408346504,True,0.023451305284433177,0.004914369880204078,0.0019658523047196563,0.008362321760146951,0.004914369880203495
B136,0.16,W,25,0.05,2.193853342932617,1.410561599996233,2.726743408346504,True,0.03626615393003774,0.004491902487830213,0.003413003394881292,0.01455124770629812,0.0044919024878303515
B136,0.16,W,25,0.08,2.0177741477669864,1.410561599996233,2.726743408346504,True,0.07347303637786728,0.01616984861175219,0.008054294930522149,0.03747269024342681,0.01616984861175194
B136,0.16,W,25,0.12,1.840343205077828,1.410561599996233,2.726743408346504,True,0.06905395174225393,0.05055468909028224,0.0006123585878393123,0.03237441618311543,0.050554689090282184
B136,0.16,W,25,0.16,1.6079407034145867,1.410561599996233,2.726743408346504,True,0.12764023403571345,0.10229772767844458,0.0009975633556780217,0.08685214264736274,0.1022977276784442
B136,0.16,W,25,0.2,1.3767950449755937,1.410561599996233,2.726743408346504,False,0.1999144428517129,0.14947971848616004,0.0006359477259068047,0.1590363889081925,0.1494797184861596
B136,0.16,W,25,0.25,1.185936557214531,1.410561599996233,2.726743408346504,False,0.18080730639009512,0.14758647343919173,-0.008169728338373261,0.15492070253636747,0.14758647343919162
B136,0.16,W,50,0.01,2.650277045929111,1.410561599996233,2.726743408346504,True,0.006719827358391273,0.0013435679464652295,0.0007722466586323473,0.0033994877297436332,0.001343567946465618
B136,0.16,W,50,0.02,2.5228228586162675,1.410561599996233,2.726743408346504,True,0.016554051763109978,0.00429777919596791,0.0019336219513916841,0.006414092898374024,0.004297779195967549
B136,0.16,W,50,0.03,2.416641876394062,1.410561599996233,2.726743408346504,True,0.02255175380948571,0.007714515527500576,0.0019069788676722987,0.007976001012230727,0.007714515527501492
B136,0.16,W,50,0.05,2.193853342932617,1.410561599996233,2.726743408346504,True,0.03527414255318284,0.0070120613192583,0.00334204980787442,0.014162115887973892,0.0070120613192583
B136,0.16,W,50,0.08,2.0177741477669864,1.410561599996233,2.726743408346504,True,0.07140281207339316,0.016915424483362418,0.007884310532154992,0.03660506949732123,0.016915424483362473
B136,0.16,W,50,0.12,1.840343205077828,1.410561599996233,2.726743408346504,True,0.06596579942652347,0.050154163182328015,0.000517784789271919,0.030686018344647348,0.05015416318232785
B136,0.16,W,50,0.16,1.6079407034145867,1.410561599996233,2.726743408346504,True,0.12143739196586667,0.10144953156428688,0.0006449517185586062,0.08354331121508007,0.10144953156428677
B136,0.16,W,50,0.2,1.3767950449755937,1.410561599996233,2.726743408346504,False,0.19295541574496167,0.14830083740261435,0.000426740772669465,0.15516210468076475,0.14830083740261435
B136,0.16,W,50,0.25,1.185936557214531,1.410561599996233,2.726743408346504,False,0.1776936227940601,0.14636050909375853,-0.007602817841327658,0.153788673959121,0.14636050909375886
B136,0.2,M,0,0.01,1.5878500720628346,0.7294536206098654,1.6510886196036132,True,0.0036985311167712087,0.0010551154682088837,0.0002130091891902608,0.0025081778825475354,0.0010551154682084951
B136,0.2,M,0,0.02,1.4945305249071885,0.7294536206098654,1.6510886196036132,True,0.007578742155561757,0.0033123238383533093,0.00031579072580040224,0.00393536974688069,0.00331232383835367
B136,0.2,M,0,0.03,1.4387100769586159,0.7294536206098654,1.6510886196036132,True,0.011834999951050529,0.004853309417527957,0.0007756266915916465,0.005273575494445737,0.004853309417527846
B136,0.2,M,0,0.05,1.2931329082045078,0.7294536206098654,1.6510886196036132,True,0.03184835573631717,0.008749300102358304,0.003194721395665512,0.014823858795274925,0.008749300102358304
B136,0.2,M,0,0.08,1.132335995522282,0.7294536206098654,1.6510886196036132,True,0.04109220658936086,0.02157305020644168,0.0015193433952568336,0.011837039977224295,0.02157305020644179
B136,0.2,M,0,0.12,1.0591900444882092,0.7294536206098654,1.6510886196036132,True,0.06195119269814797,0.06015988235982067,0.0002043271079588127,0.031990245003338025,0.06015988235982073
B136,0.2,M,0,0.16,0.9738355926245921,0.7294536206098654,1.6510886196036132,True,0.10007765763909782,0.08922570913507849,0.003316185545744532,0.05169165355730354,0.08922570913507816
B136,0.2,M,0,0.2,0.9602423167483152,0.7294536206098654,1.6510886196036132,True,0.09588342896207669,0.07988265440735826,0.004029335086090907,0.033741287731969605,0.07988265440735859
B136,0.2,M,0,0.25,0.7524806444167657,0.7294536206098654,1.6510886196036132,True,0.14471373458561576,0.1035099038649896,1.6336305264208484e-05,0.07751635727149186,0.1035099038649897
B136,0.2,M,10,0.01,1.5878500720628346,0.7294536206098654,1.6510886196036132,True,0.0037604142653062667,0.0010683918884696053,0.0002265916468625062,0.0024953922403023743,0.0010683918884693833
B136,0.2,M,10,0.02,1.4945305249071885,0.7294536206098654,1.6510886196036132,True,0.007614239442767623,0.0033137676695301765,0.00032744557406055863,0.003927894453401581,0.0033137676695297325
B136,0.2,M,10,0.03,1.4387100769586159,0.7294536206098654,1.6510886196036132,True,0.011727938901448853,0.004848008028979445,0.0007697528096559381,0.00523145917991763,0.004848008028979112
B136,0.2,M,10,0.05,1.2931329082045078,0.7294536206098654,1.6510886196036132,True,0.03160431272606723,0.008753995853109653,0.003169358610521339,0.014769531720552065,0.008753995853109098
B136,0.2,M,10,0.08,1.132335995522282,0.7294536206098654,1.6510886196036132,True,0.04079928588902337,0.02144748006713909,0.001511077466438221,0.011711312139441654,0.021447480067138813
B136,0.2,M,10,0.12,1.0591900444882092,0.7294536206098654,1.6510886196036132,True,0.06195658579812546,0.05998611117134561,0.000272879441093693,0.031759702797599765,0.0599861111713455
B136,0.2,M,10,0.16,0.9738355926245921,0.7294536206098654,1.6510886196036132,True,0.0993725696646246,0.08890337729394243,0.0032974251348328876,0.05137787241904013,0.08890337729394249
B136,0.2,M,10,0.2,0.9602423167483152,0.7294536206098654,1.6510886196036132,True,0.09520364898181488,0.07943128619100442,0.003993875434674388,0.03351727058987919,0.07943128619100398
B136,0.2,M,10,0.25,0.7524806444167657,0.7294536206098654,1.6510886196036132,True,0.14348603376936064,0.10328032134676884,-6.094500568978867e-05,0.07671152831541517,0.10328032134676857
B136,0.2,M,25,0.01,1.5878500720628346,0.7294536206098654,1.6510886196036132,True,0.0038533725255405216,0.001088290121277119,0.0002468544655057914,0.0024762060378771267,0.00108829012127723
B136,0.2,M,25,0.02,1.4945305249071885,0.7294536206098654,1.6510886196036132,True,0.007667048180910019,0.0033159688149662636,0.0003448053387952177,0.003916030084941902,0.003315968814965764
B136,0.2,M,25,0.03,1.4387100769586159,0.7294536206098654,1.6510886196036132,True,0.01156780112589817,0.004840127216393542,0.0007609093931785216,0.005168689489215117,0.004840127216393264
B136,0.2,M,25,0.05,1.2931329082045078,0.7294536206098654,1.6510886196036132,True,0.03123878721205453,0.008761119420317265,0.0031314087014852054,0.014688133287298122,0.008761119420317182
B136,0.2,M,25,0.08,1.132335995522282,0.7294536206098654,1.6510886196036132,True,0.04036172425382234,0.021259392423446488,0.0014987441344809227,0.011523131324752578,0.021259392423446044
B136,0.2,M,25,0.12,1.0591900444882092,0.7294536206098654,1.6510886196036132,True,0.061964223687270836,0.059725607324496444,0.00037545764398161374,0.03141318861306375,0.05972560732449628
B136,0.2,M,25,0.16,0.9738355926245921,0.7294536206098654,1.6510886196036132,True,0.09831573418538153,0.08842019051746497,0.003269422565119029,0.050908744104453785,0.08842019051746453
B136,0.2,M,25,0.2,0.9602423167483152,0.7294536206098654,1.6510886196036132,True,0.09418247778788769,0.07875476075573101,0.00394087642614982,0.033182102586075235,0.07875476075573029
B136,0.2,M,25,0.25,0.7524806444167657,0.7294536206098654,1.6510886196036132,True,0.14163682090577434,0.10293598205637933,-0.00017659429918606695,0.07550057506273511,0.10293598205637883
B136,0.2,M,50,0.01,1.5878500720628346,0.7294536206098654,1.6510886196036132,True,0.004008643083929231,0.0011214101472226679,0.00028033161750298796,0.0024441937621919596,0.0011214101472224736
B136,0.2,M,50,0.02,1.4945305249071885,0.7294536206098654,1.6510886196036132,True,0.007753878085532184,0.003319731579126628,0.00037341340725097205,0.003894474559660077,0.0033197315791266002
B136,0.2,M,50,0.03,1.4387100769586159,0.7294536206098654,1.6510886196036132,True,0.01130213204848296,0.004827182184971496,0.000746084506404926,0.005065104299567524,0.004827182184971052
B136,0.2,M,50,0.05,1.2931329082045078,0.7294536206098654,1.6510886196036132,True,0.03063097980492735,0.008773204702016674,0.003068409923460663,0.014552571642865164,0.008773204702016618
B136,0.2,M,50,0.08,1.132335995522282,0.7294536206098654,1.6510886196036132,True,0.0396371789290928,0.020946625558033977,0.001478363128473409,0.011210368621587419,0.020946625558033755
B136,0.2,M,50,0.12,1.0591900444882092,0.7294536206098654,1.6510886196036132,True,0.06197565927779536,0.0577866456925778,0.0005457557351971065,0.030833701362305455,0.057786645692578464
B136,0.2,M,50,0.16,0.9738355926245921,0.7294536206098654,1.6510886196036132,True,0.09655652473478193,0.08761570816915693,0.0032231190776333685,0.05013082286032855,0.08761570816915637
B136,0.2,M,50,0.2,0.9602423167483152,0.7294536206098654,1.6510886196036132,True,0.0924766085317672,0.07762862267584242,0.0038530517368551287,0.03262562651440226,0.0776286226758422
B136,0.2,M,50,0.25,0.7524806444167657,0.7294536206098654,1.6510886196036132,True,0.13853469662761286,0.10236217520424234,-0.00036861679954755533,0.07347262082188522,0.10236217520424229
B136,0.2,W,0,0.01,2.077422033704361,1.2994909052768815,2.1264117397227427,True,0.002087173480309845,-5.610060038216402e-05,5.575643902830385e-05,0.002077174569977691,-5.61006003823028e-05
B136,0.2,W,0,0.02,1.9950603766488297,1.2994909052768815,2.1264117397227427,True,0.004499648555082558,0.0010967341286463594,5.441364733047016e-05,0.0019572588137746205,0.0010967341286463317
B136,0.2,W,0,0.03,1.9508525777933026,1.2994909052768815,2.1264117397227427,True,0.00876179494806073,0.0021502462373876596,0.0006029821921463008,0.004327558858768565,0.002150246237387382
B136,0.2,W,0,0.05,1.803956233873584,1.2994909052768815,2.1264117397227427,True,0.02198575057465013,0.005273039088327464,0.00190642788046555,0.009561102781195707,0.005273039088327713
B136,0.2,W,0,0.08,1.671574999430873,1.2994909052768815,2.1264117397227427,True,0.01711988271285092,-0.00015481403699998952,0.0013969784457950052,0.0027740175722044125,-0.0001548140369996287
B136,0.2,W,0,0.12,1.6013302664743392,1.2994909052768815,2.1264117397227427,True,0.03158594989488406,0.03063305135300831,-0.0007686868958898807,0.009981765096441109,0.030633051353008478
B136,0.2,W,0,0.16,1.4762739063906827,1.2994909052768815,2.1264117397227427,True,0.1291129696565516,0.11375397247701452,0.004102871055959301,0.071259068001152,0.11375397247701419
B136,0.2,W,0,0.2,1.4949269671163419,1.2994909052768815,2.1264117397227427,True,0.12483205428089517,0.09703679131887005,0.005762809158250087,0.06262256156833934,0.09703679131887
B136,0.2,W,0,0.25,1.2224346859623216,1.2994909052768815,2.1264117397227427,False,0.15419392054000336,0.10370323064599496,0.0007146497824219722,0.09004389312169203,0.10370323064599518
B136,0.2,W,10,0.01,2.077422033704361,1.2994909052768815,2.1264117397227427,True,0.0021325891511192463,-5.40750311680549e-05,6.720958999262283e-05,0.0020579082731737586,-5.407503116786061e-05
B136,0.2,W,10,0.02,1.9950603766488297,1.2994909052768815,2.1264117397227427,True,0.004446135497635284,0.0010787797348469075,5.3484750966587e-05,0.0019285486315283595,0.001078779734846852
B136,0.2,W,10,0.03,1.9508525777933026,1.2994909052768815,2.1264117397227427,True,0.008531362082296656,0.002125822468145605,0.0005777891449518513,0.004270241986548573,0.0021258224681453275
B136,0.2,W,10,0.05,1.803956233873584,1.2994909052768815,2.1264117397227427,True,0.02156326373022588,0.005244857267707959,0.0018566738178849573,0.00943507726925863,0.005244857267707931
B136,0.2,W,10,0.08,1.671574999430873,1.2994909052768815,2.1264117397227427,True,0.01672987732650122,-0.00021505620547851434,0.0013531637012497988,0.002638810786412149,-0.00021505620547837556
B136,0.2,W,10,0.12,1.6013302664743392,1.2994909052768815,2.1264117397227427,True,0.0315154546163412,0.030583711816192793,-0.0007128192871884431,0.009718992316420705,0.030583711816192988
B136,0.2,W,10,0.16,1.4762739063906827,1.2994909052768815,2.1264117397227427,True,0.12750787797068397,0.11339471762228187,0.004038189316833113,0.07036921205835389,0.11339471762228215
B136,0.2,W,10,0.2,1.4949269671163419,1.2994909052768815,2.1264117397227427,True,0.12363631080180704,0.09656345688032825,0.005721998654192012,0.06207511428050605,0.0965634568803288
B136,0.2,W,10,0.25,1.2224346859623216,1.2994909052768815,2.1264117397227427,False,0.152507923407319,0.10348238023102563,0.0006692985025833487,0.08929575908749787,0.10348238023102585
B136,0.2,W,25,0.01,2.077422033704361,1.2994909052768815,2.1264117397227427,True,0.002200841955123378,-5.1029303387628566e-05,8.426626482724298e-05,0.0020291097348781317,-5.102930338740652e-05
B136,0.2,W,25,0.02,1.9950603766488297,1.2994909052768815,2.1264117397227427,True,0.004365428835486851,0.0010519243171476234,5.2024118611104786e-05,0.0018849844871038357,0.0010519243171478176
B136,0.2,W,25,0.03,1.9508525777933026,1.2994909052768815,2.1264117397227427,True,0.008186309665311642,0.002089293425038774,0.0005400935520643024,0.004184942038045092,0.0020892934250388573
B136,0.2,W,25,0.05,1.803956233873584,1.2994909052768815,2.1264117397227427,True,0.020930072751375706,0.005202728622186598,0.0017822998825354763,0.009247506837319897,0.005202728622186764
B136,0.2,W,25,0.08,1.671574999430873,1.2994909052768815,2.1264117397227427,True,0.01614695140802902,-0.0003051325117107706,0.0012877022655330694,0.0024366939850788416,-0.0003051325117108816
B136,0.2,W,25,0.12,1.6013302664743392,1.2994909052768815,2.1264117397227427,True,0.03140851146772938,0.03050979259308506,-0.0006293357899039009,0.009323685125436354,0.030509792593084728
B136,0.2,W,25,0.16,1.4762739063906827,1.2994909052768815,2.1264117397227427,True,0.12510193002998826,0.11285629775515704,0.003941576786045398,0.06903853635141655,0.11285629775515743
B136,0.2,W,25,0.2,1.4949269671163419,1.2994909052768815,2.1264117397227427,True,0.12183971330824273,0.09585417977498206,0.0056610291149318814,0.06125350115679473,0.09585417977498212
B136,0.2,W,25,0.25,1.2224346859623216,1.2994909052768815,2.1264117397227427,False,0.14996834648281054,0.10315123184753305,0.0006015240477523776,0.08816942947027417,0.10315123184753294
B136,0.2,W,50,0.01,2.077422033704361,1.2994909052768815,2.1264117397227427,True,0.0023149481911135528,-4.5933480400855986e-05,0.00011236802438552296,0.0019813806278832224,-4.593348040113354e-05
B136,0.2,W,50,0.02,1.9950603766488297,1.2994909052768815,2.1264117397227427,True,0.004229789602142153,0.0010073680591760337,4.941220228898979e-05,0.001811031109976824,0.0010073680591754508
B136,0.2,W,50,0.03,1.9508525777933026,1.2994909052768815,2.1264117397227427,True,0.007612902247391196,0.0020286954625842735,0.0004775182354445351,0.0040445607511825354,0.0020286954625840514
B136,0.2,W,50,0.05,1.803956233873584,1.2994909052768815,2.1264117397227427,True,0.019876221134075944,0.005132897723353014,0.0016590272662435623,0.008938678208198825,0.005132897723353319
B136,0.2,W,50,0.08,1.671574999430873,1.2994909052768815,2.1264117397227427,True,0.015180921585494334,-0.00045449596504787415,0.0011792925988389769,0.0021015290983068535,-0.0004544959650471525
B136,0.2,W,50,0.12,1.6013302664743392,1.2994909052768815,2.1264117397227427,True,0.031227083181930793,0.029021264082036424,-0.0004910412118370733,0.008661729862113443,0.02902126408203687
B136,0.2,W,50,0.16,1.4762739063906827,1.2994909052768815,2.1264117397227427,True,0.12109678568319304,0.11196016358198951,0.003781645565038849,0.06683159865057742,0.11196016358198951
B136,0.2,W,50,0.2,1.4949269671163419,1.2994909052768815,2.1264117397227427,True,0.11883768846746601,0.0946739818486862,0.005560067644107408,0.05988287555602101,0.09467398184868664
B136,0.2,W,50,0.25,1.2224346859623216,1.2994909052768815,2.1264117397227427,False,0.1457081708891108,0.10259965707360519,0.0004892380880434644,0.08628138792230877,0.10259965707360563
SMALL665,0.08,M,0,0.01,5.023831763720536,1.1144701326087234,5.354507033890894,True,0.01269975548376584,0.0038023096089640496,0.0011061824699966014,0.0032078792837498815,0.0038023096089659925
SMALL665,0.08,M,0,0.02,4.586507186151722,1.1144701326087234,5.354507033890894,True,0.018496179504271293,0.010400307568607797,0.0015775260203813243,-0.003261175442770825,0.010400307568609102
SMALL665,0.08,M,0,0.03,4.219466263651842,1.1144701326087234,5.354507033890894,True,0.0374739884111272,0.021646463513042558,0.0032157046061381325,0.011802416677886063,0.02164646351304636
SMALL665,0.08,M,0,0.05,3.6352017679063624,1.1144701326087234,5.354507033890894,True,0.060086489322594305,0.029206592625444644,0.0053697703869390115,0.023914603663397704,0.029206592625443784
SMALL665,0.08,M,0,0.08,3.230965638632129,1.1144701326087234,5.354507033890894,True,0.07394257459147219,0.03685137184512205,0.006703575407679029,0.025579627848852704,0.036851371845122216
SMALL665,0.08,M,0,0.12,2.8971747264780046,1.1144701326087234,5.354507033890894,True,0.058997848244607964,0.0414017128224973,0.005708347607954224,-0.020055980617460945,0.04140171282249688
SMALL665,0.08,M,0,0.16,2.2752571009752978,1.1144701326087234,5.354507033890894,True,0.11110304929069653,0.0648655174940555,0.010421490436413827,0.008757409410669381,0.06486551749405522
SMALL665,0.08,M,0,0.2,2.142029220233312,1.1144701326087234,5.354507033890894,True,0.20392458716972217,0.09218701646099076,0.018899254495498063,0.049838540313916324,0.0921870164609887
SMALL665,0.08,M,0,0.25,1.6748363223046834,1.1144701326087234,5.354507033890894,True,0.09922308613548353,0.17924484514562417,0.009241424348705628,0.02090265686815851,0.17924484514562278
SMALL665,0.08,M,10,0.01,5.023831763720536,1.1144701326087234,5.354507033890894,True,0.012956361556764218,0.00361931349369915,0.001128051735535457,0.0031333149015794204,0.0036193134936974847
SMALL665,0.08,M,10,0.02,4.586507186151722,1.1144701326087234,5.354507033890894,True,0.019205872981337135,0.009901756285529945,0.001644465769756253,-0.0034386298682879124,0.009901756285528224
SMALL665,0.08,M,10,0.03,4.219466263651842,1.1144701326087234,5.354507033890894,True,0.03804428630334983,0.021151647442921723,0.003270277193029879,0.01150971391009692,0.02115164744292114
SMALL665,0.08,M,10,0.05,3.6352017679063624,1.1144701326087234,5.354507033890894,True,0.06124586352493633,0.0284435427717237,0.005460366632733728,0.023669251939870795,0.02844354277172692
SMALL665,0.08,M,10,0.08,3.230965638632129,1.1144701326087234,5.354507033890894,True,0.0756877748307247,0.03606884885279382,0.006837683360579348,0.025446526430307648,0.03606884885279554
SMALL665,0.08,M,10,0.12,2.8971747264780046,1.1144701326087234,5.354507033890894,True,0.05943567221512347,0.04098039721878299,0.005703815793911288,-0.019944791535478568,0.04098039721878183
SMALL665,0.08,M,10,0.16,2.2752571009752978,1.1144701326087234,5.354507033890894,True,0.1121578019736818,0.06438627146316361,0.010502999211143404,0.008391918188109804,0.06438627146316345
SMALL665,0.08,M,10,0.2,2.142029220233312,1.1144701326087234,5.354507033890894,True,0.20492535663783384,0.09224059424601183,0.018987958005331908,0.04947295661581175,0.09224059424601172
SMALL665,0.08,M,10,0.25,1.6748363223046834,1.1144701326087234,5.354507033890894,True,0.09946067186549101,0.18116424115791485,0.009359968332100874,0.019832415353987387,0.1811642411579143
SMALL665,0.08,M,25,0.01,5.023831763720536,1.1144701326087234,5.354507033890894,True,0.013343883404446644,0.0033475341312890483,0.001159595606129639,0.003019697504496155,0.003347534131289076
SMALL665,0.08,M,25,0.02,4.586507186151722,1.1144701326087234,5.354507033890894,True,0.020276106844759834,0.009163337978976477,0.0017423940048173076,-0.003702505987713489,0.00916333797897495
SMALL665,0.08,M,25,0.03,4.219466263651842,1.1144701326087234,5.354507033890894,True,0.038894683336589575,0.020416299839068508,0.0033498916371843927,0.011070267811729317,0.020416299839068702
SMALL665,0.08,M,25,0.05,3.6352017679063624,1.1144701326087234,5.354507033890894,True,0.06297665181201845,0.027313801276942468,0.0055946442210803166,0.023287521507874664,0.027313801276943328
SMALL665,0.08,M,25,0.08,3.230965638632129,1.1144701326087234,5.354507033890894,True,0.07829101499832003,0.034910055872871104,0.007036934235873163,0.02523044228274013,0.03491005587287077
SMALL665,0.08,M,25,0.12,2.8971747264780046,1.1144701326087234,5.354507033890894,True,0.06009825989674916,0.04035428079940878,0.005696122537470528,-0.019770339328113506,0.040354280799409836
SMALL665,0.08,M,25,0.16,2.2752571009752978,1.1144701326087234,5.354507033890894,True,0.11374913118732133,0.06367326275512447,0.010624154493805119,0.00786307891183935,0.06367326275512519
SMALL665,0.08,M,25,0.2,2.142029220233312,1.1144701326087234,5.354507033890894,True,0.2064319175197986,0.09231699429732626,0.019120074750444315,0.04894278160508614,0.09231699429732582
SMALL665,0.08,M,25,0.25,1.6748363223046834,1.1144701326087234,5.354507033890894,True,0.09982278779417103,0.18126128223986493,0.009537099011503541,0.018235176105288686,0.1812612822398622
SMALL665,0.08,M,50,0.01,5.023831763720536,1.1144701326087234,5.354507033890894,True,0.013997539998925695,0.002901801929773018,0.0012088672457601923,0.0028261303610275235,0.0029018019297712416
SMALL665,0.08,M,50,0.02,4.586507186151722,1.1144701326087234,5.354507033890894,True,0.022076067169887026,0.007957482574245056,0.0018990936815898689,-0.004135700199330572,0.00795748257424539
SMALL665,0.08,M,50,0.03,4.219466263651842,1.1144701326087234,5.354507033890894,True,0.04029900216412177,0.019209008988032517,0.0034766898444897176,0.010336289288196021,0.019209008988031878
SMALL665,0.08,M,50,0.05,3.6352017679063624,1.1144701326087234,5.354507033890894,True,0.06583762650924752,0.025469937312938395,0.0058141753439685355,0.022611392913660544,0.025469937312939395
SMALL665,0.08,M,50,0.08,3.230965638632129,1.1144701326087234,5.354507033890894,True,0.08258942550505152,0.03301816240558686,0.007363963992826426,0.024824503277085186,0.03301816240558586
SMALL665,0.08,M,50,0.12,2.8971747264780046,1.1144701326087234,5.354507033890894,True,0.06122032081715717,0.03932621214709403,0.0056809412182163566,-0.01945792771471566,0.03932621214709292
SMALL665,0.08,M,50,0.16,2.2752571009752978,1.1144701326087234,5.354507033890894,True,0.11642313696876141,0.06250039443337146,0.01082314775059337,0.007029705220109428,0.06250039443337041
SMALL665,0.08,M,50,0.2,2.142029220233312,1.1144701326087234,5.354507033890894,True,0.2089549782795878,0.09243388633548438,0.019337782173700097,0.04810592795847729,0.09243388633548366
SMALL665,0.08,M,50,0.25,1.6748363223046834,1.1144701326087234,5.354507033890894,True,0.10043951863824147,0.17962741100671603,0.009830495750839482,0.015593314261501401,0.17962741100671542
SMALL665,0.08,W,0,0.01,5.321256952186262,1.777846026812726,5.58360398546898,True,0.007909733529675833,0.0004942483938103481,0.0007268551987817812,0.0014920374675194692,0.0004942483938115694
SMALL665,0.08,W,0,0.02,4.939849048629823,1.777846026812726,5.58360398546898,True,0.015198387803268099,0.005567858009910415,0.0013381536977848316,-0.0011660484946921512,0.0055678580099093045
SMALL665,0.08,W,0,0.03,4.625960361904441,1.777846026812726,5.58360398546898,True,0.02363335538783512,0.013973036342832562,0.0020643432010832297,0.0037828499568667295,0.013973036342830564
SMALL665,0.08,W,0,0.05,4.094340491683259,1.777846026812726,5.58360398546898,True,0.03986464214072555,0.018350779735870626,0.003556409110795432,0.014062851249545205,0.018350779735870515
SMALL665,0.08,W,0,0.08,3.711450761688776,1.777846026812726,5.58360398546898,True,0.053679337688907036,0.012945872399774266,0.005214879108608808,0.017861825464326464,0.01294587239977571
SMALL665,0.08,W,0,0.12,3.3517399861848522,1.777846026812726,5.58360398546898,True,0.025717672537011904,0.005347422320399975,0.003242941902379018,-0.019019543062054445,0.005347422320399475
SMALL665,0.08,W,0,0.16,2.7849837161482185,1.777846026812726,5.58360398546898,True,0.18406232784099286,0.12230275838775984,0.01659217415530151,0.03551468831821669,0.12230275838776228
SMALL665,0.08,W,0,0.2,2.708316923676757,1.777846026812726,5.58360398546898,True,0.23157587555289466,0.1384251919020828,0.02144459667891295,0.06882432812760098,0.13842519190208386
SMALL665,0.08,W,0,0.25,2.206085600741466,1.777846026812726,5.58360398546898,True,0.22044122440265743,0.22221838422601237,0.020251356147541106,0.12494567833451886,0.22221838422601303
SMALL665,0.08,W,10,0.01,5.321256952186262,1.777846026812726,5.58360398546898,True,0.008151589488024524,0.000356192920613424,0.0007424274902147199,0.0014863034804638575,0.0003561929206141734
SMALL665,0.08,W,10,0.02,4.939849048629823,1.777846026812726,5.58360398546898,True,0.015604243125960371,0.005242414532066142,0.0013725270648975545,-0.0012644205727410096,0.005242414532065531
SMALL665,0.08,W,10,0.03,4.625960361904441,1.777846026812726,5.58360398546898,True,0.024076569492260114,0.013693823163753976,0.0021016716955976067,0.003619299261315878,0.013693823163753616
SMALL665,0.08,W,10,0.05,4.094340491683259,1.777846026812726,5.58360398546898,True,0.04028692512663634,0.017741409323877022,0.0035825743290449213,0.013917062022233084,0.017741409323874274
SMALL665,0.08,W,10,0.08,3.711450761688776,1.777846026812726,5.58360398546898,True,0.05523654882736634,0.012247396772641472,0.005303455515280588,0.018135862910608647,0.012247396772641583
SMALL665,0.08,W,10,0.12,3.3517399861848522,1.777846026812726,5.58360398546898,True,0.0263102497440848,0.004974569429947395,0.003204632539311962,-0.01839237906343605,0.004974569429947062
SMALL665,0.08,W,10,0.16,2.7849837161482185,1.777846026812726,5.58360398546898,True,0.18416220838950553,0.12158772906770055,0.01670312211435539,0.033831403723131315,0.12158772906769988
SMALL665,0.08,W,10,0.2,2.708316923676757,1.777846026812726,5.58360398546898,True,0.23206272887212015,0.13833626441673613,0.02158987294245482,0.06733243920960752,0.13833626441673386
SMALL665,0.08,W,10,0.25,2.206085600741466,1.777846026812726,5.58360398546898,True,0.21911031784576465,0.22404695258894947,0.02040718048837757,0.12212210281807945,0.22404695258894697
SMALL665,0.08,W,25,0.01,5.321256952186262,1.777846026812726,5.58360398546898,True,0.008519010578231623,0.00015131493911432758,0.0007646257358371496,0.0014787768960892733,0.00015131493911360594
SMALL665,0.08,W,25,0.02,4.939849048629823,1.777846026812726,5.58360398546898,True,0.016225047508216572,0.004759025326041333,0.001421793623017236,-0.0014044134771815098,0.004759025326041416
SMALL665,0.08,W,25,0.03,4.625960361904441,1.777846026812726,5.58360398546898,True,0.024741849941152083,0.013275515077474903,0.0021550209457896798,0.003377409317909641,0.01327551507747421
SMALL665,0.08,W,25,0.05,4.094340491683259,1.777846026812726,5.58360398546898,True,0.040910057333878425,0.01683677391891225,0.003619582085225715,0.013686637262562473,0.016836773918912612
SMALL665,0.08,W,25,0.08,3.711450761688776,1.777846026812726,5.58360398546898,True,0.057567305067877106,0.011213003782682085,0.005434071893918754,0.01853347817650064,0.011213003782684777
SMALL665,0.08,W,25,0.12,3.3517399861848522,1.777846026812726,5.58360398546898,True,0.027217878271581286,0.004423222006833233,0.003147441022961321,-0.01744438215649552,0.004423222006835259
SMALL665,0.08,W,25,0.16,2.7849837161482185,1.777846026812726,5.58360398546898,True,0.18433300377983397,0.12052273943427688,0.01686838145368829,0.03133169836947303,0.12052273943427688
SMALL665,0.08,W,25,0.2,2.708316923676757,1.777846026812726,5.58360398546898,True,0.23279850957836726,0.13819639779240944,0.021806227827351768,0.06510780029375224,0.13819639779240722
SMALL665,0.08,W,25,0.25,2.206085600741466,1.777846026812726,5.58360398546898,True,0.21709819226848606,0.222596900979514,0.02063943122707982,0.11787094238316809,0.22259690097951407
SMALL665,0.08,W,50,0.01,5.321256952186262,1.777846026812726,5.58360398546898,True,0.009144873340127396,-0.00018427324093162056,0.0007985866521600729,0.0014701014595859818,-0.00018427324093092667
SMALL665,0.08,W,50,0.02,4.939849048629823,1.777846026812726,5.58360398546898,True,0.017293697187667906,0.003966116003032288,0.001497898188913202,-0.0016159589680750375,0.003966116003031206
SMALL665,0.08,W,50,0.03,4.625960361904441,1.777846026812726,5.58360398546898,True,0.02585445602015629,0.012580037678526307,0.0022370114032250164,0.0029854255440108224,0.0125800376785275
SMALL665,0.08,W,50,0.05,4.094340491683259,1.777846026812726,5.58360398546898,True,0.04192292987378432,0.01535404445621652,0.003675390972292615,0.013271997173893046,0.01535404445621888
SMALL665,0.08,W,50,0.08,3.711450761688776,1.777846026812726,5.58360398546898,True,0.06143896821525091,0.009524145190688782,0.00564584883729034,0.019160247085910742,0.009524145190689504
SMALL665,0.08,W,50,0.12,3.3517399861848522,1.777846026812726,5.58360398546898,True,0.02878281445653058,0.0035251596167547583,0.003052845493291493,-0.015844155610317212,0.003525159616756479
SMALL665,0.08,W,50,0.16,2.7849837161482185,1.777846026812726,5.58360398546898,True,0.18467071406774438,0.11876771564407096,0.01714073191041282,0.02722897713273975,0.11876771564407135
SMALL665,0.08,W,50,0.2,2.708316923676757,1.777846026812726,5.58360398546898,True,0.2340373780416023,0.13794634977350084,0.022162685730399586,0.06143548989928943,0.13794634977350173
SMALL665,0.08,W,50,0.25,2.206085600741466,1.777846026812726,5.58360398546898,True,0.21370352123011543,0.2201955806825866,0.02102257610477907,0.11074758912826488,0.2201955806825857
SMALL665,0.1,M,0,0.01,5.152588607526964,1.2122578230190149,5.440261004311205,True,0.008212172706061616,0.0035097507898977087,0.0008756753500451658,0.002146972035644845,0.003509750789899513
SMALL665,0.1,M,0,0.02,4.714917499141809,1.2122578230190149,5.440261004311205,True,0.015664178903722015,0.011019093248153894,0.0015967739575269146,0.000407434868101908,0.011019093248155726
SMALL665,0.1,M,0,0.03,4.370446135007013,1.2122578230190149,5.440261004311205,True,0.012719683686520156,0.013237728375216556,0.0012645393004451083,-0.004521911557618941,0.013237728375217889
SMALL665,0.1,M,0,0.05,3.903171402277323,1.2122578230190149,5.440261004311205,True,0.03142195964488226,0.0277970661901632,0.0032985569948187146,0.0009097385419621906,0.0277970661901622
SMALL665,0.1,M,0,0.08,3.323230418078986,1.2122578230190149,5.440261004311205,True,0.030410528153621552,0.04209232739114682,0.0031745341535006494,-0.0032325921544067437,0.042092327391146045
SMALL665,0.1,M,0,0.12,2.777036184364408,1.2122578230190149,5.440261004311205,True,0.07287130651338375,0.07879127120421098,0.007650029631525286,0.007007849802816546,0.07879127120421081
SMALL665,0.1,M,0,0.16,2.4582071233607157,1.2122578230190149,5.440261004311205,True,0.09418576016491187,0.08839726366071055,0.011069313082929105,0.0020235992958000937,0.08839726366071077
SMALL665,0.1,M,0,0.2,2.064946306418122,1.2122578230190149,5.440261004311205,True,0.12159646832823934,0.09998795082022749,0.013256385563597733,0.027156481301981894,0.09998795082022649
SMALL665,0.1,M,0,0.25,1.9138103479429944,1.2122578230190149,5.440261004311205,True,0.1703999414036519,0.13526386740191093,0.017445044035421693,0.047843334213543365,0.13526386740190938
SMALL665,0.1,M,10,0.01,5.152588607526964,1.2122578230190149,5.440261004311205,True,0.0082684627123909,0.003367501951524854,0.0008811035519763893,0.0020931967533648344,0.003367501951527768
SMALL665,0.1,M,10,0.02,4.714917499141809,1.2122578230190149,5.440261004311205,True,0.01585148867024322,0.010618092551431924,0.001625450752735201,0.0002453951009240285,0.010618092551432506
SMALL665,0.1,M,10,0.03,4.370446135007013,1.2122578230190149,5.440261004311205,True,0.012897341641662563,0.012689351344801703,0.0012948882398685635,-0.004727633376914175,0.012689351344800287
SMALL665,0.1,M,10,0.05,3.903171402277323,1.2122578230190149,5.440261004311205,True,0.03178665297844829,0.027142258519337714,0.003344399394675915,0.0006547248288023555,0.02714225851933713
SMALL665,0.1,M,10,0.08,3.323230418078986,1.2122578230190149,5.440261004311205,True,0.031325585532153755,0.041197681601598035,0.0032825129350135193,-0.003512493328618582,0.041197681601597036
SMALL665,0.1,M,10,0.12,2.777036184364408,1.2122578230190149,5.440261004311205,True,0.07226725515578991,0.07821176219232218,0.00760292443343135,0.006584154424369548,0.07821176219232262
SMALL665,0.1,M,10,0.16,2.4582071233607157,1.2122578230190149,5.440261004311205,True,0.09380328860750542,0.08889653884411713,0.01098380349100786,0.0019304012851375507,0.08889653884411663
SMALL665,0.1,M,10,0.2,2.064946306418122,1.2122578230190149,5.440261004311205,True,0.12215736374844027,0.09970313625689242,0.013358321755487318,0.026514559127599147,0.09970313625689298
SMALL665,0.1,M,10,0.25,1.9138103479429944,1.2122578230190149,5.440261004311205,True,0.1703690429970452,0.13539223093732333,0.017548432261770393,0.046876255026980784,0.13539223093732328
SMALL665,0.1,M,25,0.01,5.152588607526964,1.2122578230190149,5.440261004311205,True,0.008350843001283359,0.003156226974191989,0.0008882296934936661,0.0020105481964652894,0.0031562269741932103
SMALL665,0.1,M,25,0.02,4.714917499141809,1.2122578230190149,5.440261004311205,True,0.01612858041370796,0.010023742974399952,0.001666321659466792,-1.157010566410488e-06,0.01002374297440134
SMALL665,0.1,M,25,0.03,4.370446135007013,1.2122578230190149,5.440261004311205,True,0.01316515844160232,0.011877208811318152,0.0013382214594298003,-0.005032938900893791,0.011877208811320678
SMALL665,0.1,M,25,0.05,3.903171402277323,1.2122578230190149,5.440261004311205,True,0.03232290901785112,0.02617205275359502,0.003411384193816258,0.00026832004916488295,0.02617205275359641
SMALL665,0.1,M,25,0.08,3.323230418078986,1.2122578230190149,5.440261004311205,True,0.0326948038180484,0.03987351682921969,0.003442753234868777,-0.003936248040676271,0.039873516829221245
SMALL665,0.1,M,25,0.12,2.777036184364408,1.2122578230190149,5.440261004311205,True,0.07136793081737458,0.07734967732588305,0.00753169909612493,0.005956224310266323,0.07734967732588405
SMALL665,0.1,M,25,0.16,2.4582071233607157,1.2122578230190149,5.440261004311205,True,0.0932263581244423,0.08953443472486172,0.010855451729491872,0.001794500292363832,0.08953443472486411
SMALL665,0.1,M,25,0.2,2.064946306418122,1.2122578230190149,5.440261004311205,True,0.12300423139601757,0.09927739984019146,0.013510650583122286,0.025566484334034856,0.09927739984019457
SMALL665,0.1,M,25,0.25,1.9138103479429944,1.2122578230190149,5.440261004311205,True,0.1703239451879096,0.13557885534048003,0.017702771831163436,0.045431484054604065,0.13557885534048297
SMALL665,0.1,M,50,0.01,5.152588607526964,1.2122578230190149,5.440261004311205,True,0.008483064224546533,0.0028096930621047678,0.0008974543480262248,0.0018676324596077487,0.002809693062103713
SMALL665,0.1,M,50,0.02,4.714917499141809,1.2122578230190149,5.440261004311205,True,0.01658021577257976,0.009052068217962506,0.0017288313665094653,-0.0004216512864970712,0.009052068217963227
SMALL665,0.1,M,50,0.03,4.370446135007013,1.2122578230190149,5.440261004311205,True,0.01361521174812394,0.010551140150089067,0.0014047123599887495,-0.005533811694898583,0.010551140150088567
SMALL665,0.1,M,50,0.05,3.903171402277323,1.2122578230190149,5.440261004311205,True,0.033187389560543845,0.024586690090295127,0.0035183581812137203,-0.00038713540037316196,0.02458669009029324
SMALL665,0.1,M,50,0.08,3.323230418078986,1.2122578230190149,5.440261004311205,True,0.0349659889781721,0.03771337157553545,0.0037052548802622466,-0.0046551229195535004,0.03771337157553528
SMALL665,0.1,M,50,0.12,2.777036184364408,1.2122578230190149,5.440261004311205,True,0.06988653233861197,0.07593182439546553,0.007411504612366542,0.004927839097445985,0.07593182439546681
SMALL665,0.1,M,50,0.16,2.4582071233607157,1.2122578230190149,5.440261004311205,True,0.09225527209248857,0.0882102106654431,0.010641315551562947,0.0015754829214197352,0.08821021066544232
SMALL665,0.1,M,50,0.2,2.064946306418122,1.2122578230190149,5.440261004311205,True,0.12442707409849585,0.09857177605084488,0.013763001972252189,0.02402261380185755,0.09857177605084588
SMALL665,0.1,M,50,0.25,1.9138103479429944,1.2122578230190149,5.440261004311205,True,0.1702508267965192,0.13587428098499948,0.01795803139966784,0.0430383326183692,0.13587428098500037
SMALL665,0.1,W,0,0.01,5.527471200216952,1.9890843448397288,5.75956065373442,True,0.00573048965271733,0.0008854789734732971,0.0006482196135257287,0.0015106783699853077,0.0008854789734734914
SMALL665,0.1,W,0,0.02,5.144580623049947,1.9890843448397288,5.75956065373442,True,0.01143136413334378,0.006315774304934296,0.0012215489323311388,0.00035371112121485027,0.006315774304932298
SMALL665,0.1,W,0,0.03,4.836263775379652,1.9890843448397288,5.75956065373442,True,0.009801590893331713,0.009042897774271974,0.0009940940294753814,-0.0005645678418840783,0.009042897774272807
SMALL665,0.1,W,0,0.05,4.43569321986669,1.9890843448397288,5.75956065373442,True,0.015240559162712664,0.017421889988596728,0.0017105737232880266,0.0024969391437252852,0.01742188998859523
SMALL665,0.1,W,0,0.08,3.9288153338318086,1.9890843448397288,5.75956065373442,True,0.012166952887982807,0.01463029442047098,0.0014828919893176418,-0.0020930589692871315,0.01463029442046912
SMALL665,0.1,W,0,0.12,3.4160535033944317,1.9890843448397288,5.75956065373442,True,0.04499622669695846,0.04598821225331662,0.0049746746289119695,0.0036159470406854632,0.04598821225331601
SMALL665,0.1,W,0,0.16,3.054585988961057,1.9890843448397288,5.75956065373442,True,0.08813829973072174,0.12076541537696239,0.008769464540402956,0.0036296598326707175,0.1207654153769614
SMALL665,0.1,W,0,0.2,2.7557502718816997,1.9890843448397288,5.75956065373442,True,0.1583730641593865,0.15573498799236757,0.016543997275149894,0.06466131800249009,0.15573498799236796
SMALL665,0.1,W,0,0.25,2.544604847731285,1.9890843448397288,5.75956065373442,True,0.19899798331831775,0.18964279460893135,0.01978114683804027,0.09656539963707933,0.18964279460893085
SMALL665,0.1,W,10,0.01,5.527471200216952,1.9890843448397288,5.75956065373442,True,0.005849874386530285,0.0008184609278146793,0.0006556725585110668,0.0015004794828280543,0.0008184609278148736
SMALL665,0.1,W,10,0.02,5.144580623049947,1.9890843448397288,5.75956065373442,True,0.011633811164812158,0.005988353377320704,0.0012424814609927823,0.000274703889004857,0.005988353377320649
SMALL665,0.1,W,10,0.03,4.836263775379652,1.9890843448397288,5.75956065373442,True,0.009866057515776072,0.0085964153655895,0.00100635794423342,-0.0007098033730725817,0.008596415365590582
SMALL665,0.1,W,10,0.05,4.43569321986669,1.9890843448397288,5.75956065373442,True,0.015637156326771484,0.01686219130246419,0.0017436588696538025,0.0024103683530912745,0.016862191302464774
SMALL665,0.1,W,10,0.08,3.9288153338318086,1.9890843448397288,5.75956065373442,True,0.01335416485484836,0.014127766690861798,0.0015946029979692702,-0.0021095327259011976,0.014127766690863602
SMALL665,0.1,W,10,0.12,3.4160535033944317,1.9890843448397288,5.75956065373442,True,0.04508858472232652,0.04539924593838013,0.004985404376306998,0.0034522236326040012,0.04539924593838163
SMALL665,0.1,W,10,0.16,3.054585988961057,1.9890843448397288,5.75956065373442,True,0.08664342676373926,0.12029658199712484,0.008727974587950132,0.002194155393784425,0.12029658199712523
SMALL665,0.1,W,10,0.2,2.7557502718816997,1.9890843448397288,5.75956065373442,True,0.15751553545436447,0.154800332084164,0.01661526481949922,0.06304938407760052,0.15480033208416633
SMALL665,0.1,W,10,0.25,2.544604847731285,1.9890843448397288,5.75956065373442,True,0.1978991250643768,0.18931976155790609,0.019934033629118768,0.09436563863742042,0.18931976155790742
SMALL665,0.1,W,25,0.01,5.527471200216952,1.9890843448397288,5.75956065373442,True,0.006028444128261035,0.0007181067408454644,0.0006657853931171069,0.00148446728092122,0.0007181067408451869
SMALL665,0.1,W,25,0.02,5.144580623049947,1.9890843448397288,5.75956065373442,True,0.011935870348190991,0.0055029724683534065,0.0012715488558019891,0.0001546044180427697,0.005502972468351575
SMALL665,0.1,W,25,0.03,4.836263775379652,1.9890843448397288,5.75956065373442,True,0.009963207287944642,0.007934421625140575,0.001022185836749949,-0.0009247093011495178,0.007934421625140825
SMALL665,0.1,W,25,0.05,4.43569321986669,1.9890843448397288,5.75956065373442,True,0.016229882076140567,0.016031785680568206,0.001790371692964015,0.002284860848201009,0.016031785680567956
SMALL665,0.1,W,25,0.08,3.9288153338318086,1.9890843448397288,5.75956065373442,True,0.015129302813055301,0.013382334359700265,0.0017591137790479577,-0.0021404216164345735,0.013382334359699766
SMALL665,0.1,W,25,0.12,3.4160535033944317,1.9890843448397288,5.75956065373442,True,0.04523227100148358,0.04452645016151574,0.005001277770899433,0.0032094724459591495,0.044526450161516684
SMALL665,0.1,W,25,0.16,3.054585988961057,1.9890843448397288,5.75956065373442,True,0.08442297525988385,0.11959556143279959,0.00866608650738376,6.144119360007583e-05,0.11959556143280375
SMALL665,0.1,W,25,0.2,2.7557502718816997,1.9890843448397288,5.75956065373442,True,0.15622882523149745,0.15340711685136055,0.016721038724539262,0.060633266539375175,0.15340711685136454
SMALL665,0.1,W,25,0.25,2.544604847731285,1.9890843448397288,5.75956065373442,True,0.19624856459087392,0.1888307460024347,0.02016149012493321,0.09106525964677004,0.18883074600243666
SMALL665,0.1,W,50,0.01,5.527471200216952,1.9890843448397288,5.75956065373442,True,0.006325287514786726,0.0005514109305473358,0.0006798579413994227,0.001456289562073998,0.0005514109305462256
SMALL665,0.1,W,50,0.02,5.144580623049947,1.9890843448397288,5.75956065373442,True,0.012435635648390286,0.004709244654634959,0.0013139073287107526,-4.939161748140908e-05,0.004709244654635403
SMALL665,0.1,W,50,0.03,4.836263775379652,1.9890843448397288,5.75956065373442,True,0.010127423648913475,0.006851585053289533,0.0010418636901908217,-0.0012745292298959598,0.006851585053289366
SMALL665,0.1,W,50,0.05,4.43569321986669,1.9890843448397288,5.75956065373442,True,0.017213015516028413,0.01467201249804817,0.0018606049187696594,0.0020880569131315196,0.01467201249804767
SMALL665,0.1,W,50,0.08,3.9288153338318086,1.9890843448397288,5.75956065373442,True,0.018072455231779527,0.012162075644933934,0.0020252701743933635,-0.0022085966162624926,0.012162075644932269
SMALL665,0.1,W,50,0.12,3.4160535033944317,1.9890843448397288,5.75956065373442,True,0.04548418759871653,0.0430998008743641,0.005027148951356534,0.0028099588087370786,0.04309980087436455
SMALL665,0.1,W,50,0.16,3.054585988961057,1.9890843448397288,5.75956065373442,True,0.08077953769341303,0.11843315420299494,0.008563858717732669,-0.003441542602086123,0.11843315420299505
SMALL665,0.1,W,50,0.2,2.7557502718816997,1.9890843448397288,5.75956065373442,True,0.15408225994849223,0.15110831319634405,0.016894345397885032,0.056610405160196886,0.1511083131963441
SMALL665,0.1,W,50,0.25,2.544604847731285,1.9890843448397288,5.75956065373442,True,0.19349243950602968,0.18800409862877787,0.020535621869090047,0.08556522200766958,0.1880040986287782
SMALL665,0.12,M,0,0.01,4.801863481520985,1.24618347900435,5.045532567447295,True,0.008952526358389667,0.004414230518058948,0.0011075625767080419,0.0032939525048435447,0.004414230518059142
SMALL665,0.12,M,0,0.02,4.440461362366696,1.24618347900435,5.045532567447295,True,0.019139816835277934,0.009850913588661359,0.0023689509033764447,0.0073493778879244465,0.009850913588660304
SMALL665,0.12,M,0,0.03,4.119868588532786,1.24618347900435,5.045532567447295,True,0.024146435862858917,0.014424560248044616,0.0029891908184300625,0.0037766583964674583,0.01442456024804184
SMALL665,0.12,M,0,0.05,3.6222093735089946,1.24618347900435,5.045532567447295,True,0.03148210259697615,0.02801539574348011,0.0037755337459396965,0.006607157843034006,0.028015395743478833
SMALL665,0.12,M,0,0.08,3.0271318748981257,1.24618347900435,5.045532567447295,True,0.05765317483928373,0.055354590636732426,0.006865494566685046,0.02789312025701407,0.05535459063673387
SMALL665,0.12,M,0,0.12,2.648901820641356,1.24618347900435,5.045532567447295,True,0.05103188475113701,0.06007714333372516,0.006006971848134493,0.01353545256505806,0.06007714333372488
SMALL665,0.12,M,0,0.16,2.3545951274023973,1.24618347900435,5.045532567447295,True,0.06518614202127887,0.06805944879514186,0.008041846809503657,4.246414520459041e-06,0.06805944879514242
SMALL665,0.12,M,0,0.2,1.9860642696021527,1.24618347900435,5.045532567447295,True,0.13333095948470336,0.1147410449816128,0.01802206551139953,0.026859082689518643,0.11474104498161547
SMALL665,0.12,M,0,0.25,1.6936917014587258,1.24618347900435,5.045532567447295,True,0.11388986865691492,0.14521171802018018,0.013383651225255332,0.06189048011747467,0.14521171802018173
SMALL665,0.12,M,10,0.01,4.801863481520985,1.24618347900435,5.045532567447295,True,0.008931509489359668,0.004350717331091519,0.0011057098010211555,0.003253417211405152,0.0043507173310937675
SMALL665,0.12,M,10,0.02,4.440461362366696,1.24618347900435,5.045532567447295,True,0.019086291104131903,0.00976137115473219,0.0023649116552957247,0.007258865122200087,0.009761371154731302
SMALL665,0.12,M,10,0.03,4.119868588532786,1.24618347900435,5.045532567447295,True,0.024231396010168826,0.014393992086591367,0.0030058162971768887,0.0036450497157654027,0.0143939920865922
SMALL665,0.12,M,10,0.05,3.6222093735089946,1.24618347900435,5.045532567447295,True,0.030986935383847336,0.027875732417240118,0.0037330882393525264,0.006313057531820765,0.027875732417240895
SMALL665,0.12,M,10,0.08,3.0271318748981257,1.24618347900435,5.045532567447295,True,0.057704536673673645,0.05477895717392578,0.006897188142705145,0.027514328369224628,0.054778957173926335
SMALL665,0.12,M,10,0.12,2.648901820641356,1.24618347900435,5.045532567447295,True,0.050584917226850046,0.05951941636693109,0.005969294248557931,0.013184041834646054,0.05951941636692959
SMALL665,0.12,M,10,0.16,2.3545951274023973,1.24618347900435,5.045532567447295,True,0.06422040139211416,0.06738714999938478,0.007927211638958757,-0.00031996676625345444,0.06738714999938428
SMALL665,0.12,M,10,0.2,1.9860642696021527,1.24618347900435,5.045532567447295,True,0.13157136395133917,0.11354977041571429,0.01777312743311784,0.02630603856538305,0.11354977041571407
SMALL665,0.12,M,10,0.25,1.6936917014587258,1.24618347900435,5.045532567447295,True,0.11168778080243941,0.1446980617437309,0.013171277347495042,0.06085749620047809,0.14469806174372946
SMALL665,0.12,M,25,0.01,4.801863481520985,1.24618347900435,5.045532567447295,True,0.008896494038809155,0.004255889487811748,0.0011021300509993434,0.003189989961334405,0.004255889487812414
SMALL665,0.12,M,25,0.02,4.440461362366696,1.24618347900435,5.045532567447295,True,0.019002764058562993,0.009626820259007907,0.0023573657255820946,0.007118500758294899,0.009626820259008018
SMALL665,0.12,M,25,0.03,4.119868588532786,1.24618347900435,5.045532567447295,True,0.024360063710600288,0.014345815266838813,0.003028802600634671,0.003445625067413194,0.014345815266841366
SMALL665,0.12,M,25,0.05,3.6222093735089946,1.24618347900435,5.045532567447295,True,0.03024751172799106,0.027666482923320745,0.0036690530450947736,0.005872494719043053,0.0276664829233228
SMALL665,0.12,M,25,0.08,3.0271318748981257,1.24618347900435,5.045532567447295,True,0.057770473350604756,0.053923934043708155,0.006943684365365757,0.026934186690292683,0.05392393404371071
SMALL665,0.12,M,25,0.12,2.648901820641356,1.24618347900435,5.045532567447295,True,0.04990370819147982,0.05869000669715585,0.0059121637716661735,0.012648849827304631,0.058690006697155184
SMALL665,0.12,M,25,0.16,2.3545951274023973,1.24618347900435,5.045532567447295,True,0.0627664942630764,0.06638748221157681,0.007755483504544823,-0.0008083360552496588,0.06638748221157942
SMALL665,0.12,M,25,0.2,1.9860642696021527,1.24618347900435,5.045532567447295,True,0.12893565446482003,0.11177909116419243,0.017401615110167044,0.025482038780434646,0.11177909116419166
SMALL665,0.12,M,25,0.25,1.6936917014587258,1.24618347900435,5.045532567447295,True,0.10839073938515342,0.1439301785120612,0.012853873043643563,0.0593127702486963,0.1439301785120632
SMALL665,0.12,M,50,0.01,4.801863481520985,1.24618347900435,5.045532567447295,True,0.008828906077247428,0.006609454879442644,0.0010940777548558815,0.003077174260726734,0.006609454879443033
SMALL665,0.12,M,50,0.02,4.440461362366696,1.24618347900435,5.045532567447295,True,0.01885485263762607,0.011584091444636735,0.0023409120967483703,0.006871932296714844,0.01158409144463679
SMALL665,0.12,M,50,0.03,4.119868588532786,1.24618347900435,5.045532567447295,True,0.024577458721059403,0.015815402991278538,0.003062010906340819,0.0031070132941831696,0.015815402991275984
SMALL665,0.12,M,50,0.05,3.6222093735089946,1.24618347900435,5.045532567447295,True,0.029023001014326283,0.027902302505250387,0.0035613866396015416,0.005137784843721516,0.027902302505248777
SMALL665,0.12,M,50,0.08,3.0271318748981257,1.24618347900435,5.045532567447295,True,0.05784880216710653,0.05252111357647343,0.007018425453894049,0.02593324314679679,0.05252111357647399
SMALL665,0.12,M,50,0.12,2.648901820641356,1.24618347900435,5.045532567447295,True,0.048739212017057554,0.05732662179174658,0.0058153378529288875,0.011733883107275411,0.0573266217917478
SMALL665,0.12,M,50,0.16,2.3545951274023973,1.24618347900435,5.045532567447295,True,0.06032931525839247,0.06474455813140284,0.00746988119752497,-0.0016287872178242235,0.06474455813140284
SMALL665,0.12,M,50,0.2,1.9860642696021527,1.24618347900435,5.045532567447295,True,0.12455260184686762,0.10887080582802472,0.016787456606434027,0.02412182118347561,0.10887080582802461
SMALL665,0.12,M,50,0.25,1.6936917014587258,1.24618347900435,5.045532567447295,True,0.10291310434264656,0.14265728849939108,0.012327939969167999,0.05675075936467355,0.14265728849939102
SMALL665,0.12,W,0,0.01,5.283930637310784,2.111481884426613,5.4832101160891185,True,0.007779964399214523,0.002655212650475247,0.0009879735327008657,0.0029498776087736323,0.0026552126504743867
SMALL665,0.12,W,0,0.02,4.97990043510927,2.111481884426613,5.4832101160891185,True,0.009372534385808096,0.005115561633287302,0.0011655710628778182,0.001398466264305287,0.005115561633287885
SMALL665,0.12,W,0,0.03,4.692691281804445,2.111481884426613,5.4832101160891185,True,0.01682465429142438,0.007321295492914326,0.002108342762869815,0.0014675334164639953,0.007321295492911717
SMALL665,0.12,W,0,0.05,4.201318382806001,2.111481884426613,5.4832101160891185,True,0.0253147978368663,0.020535127158287536,0.003091733544307064,0.0006048719492645072,0.020535127158285926
SMALL665,0.12,W,0,0.08,3.752738200851278,2.111481884426613,5.4832101160891185,True,0.04135860127419494,0.027773450541233202,0.005165393050338939,0.02500583699540848,0.027773450541231814
SMALL665,0.12,W,0,0.12,3.3484459393176103,2.111481884426613,5.4832101160891185,True,0.06806482987972201,0.044034792676819756,0.008690888564423377,0.03773092079280327,0.04403479267682009
SMALL665,0.12,W,0,0.16,3.0920451399336475,2.111481884426613,5.4832101160891185,True,0.07897126702030122,0.11460417963646163,0.008631497792627507,-0.0068858309259075545,0.11460417963646108
SMALL665,0.12,W,0,0.2,2.729100205914933,2.111481884426613,5.4832101160891185,True,0.14234209840753526,0.1508189995333537,0.015881818866510113,0.07720122082944925,0.15081899953335404
SMALL665,0.12,W,0,0.25,2.51005553210334,2.111481884426613,5.4832101160891185,True,0.06904482697857156,0.17821637789279343,0.004910510258165628,0.05473918993268467,0.1782163778927911
SMALL665,0.12,W,10,0.01,5.283930637310784,2.111481884426613,5.4832101160891185,True,0.007796666693319243,0.0025854731867333003,0.0009877916576061796,0.0029245482161108782,0.0025854731867334113
SMALL665,0.12,W,10,0.02,4.97990043510927,2.111481884426613,5.4832101160891185,True,0.009344817042585274,0.005005670189524525,0.001162651306837334,0.0013363704146587274,0.005005670189524081
SMALL665,0.12,W,10,0.03,4.692691281804445,2.111481884426613,5.4832101160891185,True,0.016750499267021934,0.007254891858641088,0.0021007354904742787,0.0013612368502141647,0.007254891858641477
SMALL665,0.12,W,10,0.05,4.201318382806001,2.111481884426613,5.4832101160891185,True,0.02509687820775941,0.020502100168212356,0.0030753757140158725,0.00035877699102171423,0.020502100168212245
SMALL665,0.12,W,10,0.08,3.752738200851278,2.111481884426613,5.4832101160891185,True,0.04130339566039215,0.02722377150289601,0.005164393981538,0.024753602448842393,0.02722377150289701
SMALL665,0.12,W,10,0.12,3.3484459393176103,2.111481884426613,5.4832101160891185,True,0.06739956969510885,0.043343541865441926,0.008601605917220922,0.037447589549474136,0.04334354186544448
SMALL665,0.12,W,10,0.16,3.0920451399336475,2.111481884426613,5.4832101160891185,True,0.07710487316719322,0.1137880480384793,0.008531317520654731,-0.008054334034289345,0.11378804803847786
SMALL665,0.12,W,10,0.2,2.729100205914933,2.111481884426613,5.4832101160891185,True,0.13894903023244465,0.14931615564338419,0.01564062348650975,0.07527218983752615,0.14931615564338524
SMALL665,0.12,W,10,0.25,2.51005553210334,2.111481884426613,5.4832101160891185,True,0.06689983725039933,0.17728267116867563,0.004924049236606817,0.052944651581737445,0.17728267116867502
SMALL665,0.12,W,25,0.01,5.283930637310784,2.111481884426613,5.4832101160891185,True,0.007819026058112855,0.002481798873453789,0.000986662040364794,0.002884845093466981,0.002481798873454677
SMALL665,0.12,W,25,0.02,4.97990043510927,2.111481884426613,5.4832101160891185,True,0.009304371645871001,0.004841566931578556,0.001156572302596602,0.0012423463631996423,0.004841566931578778
SMALL665,0.12,W,25,0.03,4.692691281804445,2.111481884426613,5.4832101160891185,True,0.01664762963649208,0.0071538411981647565,0.002087186627741204,0.0012057853182222411,0.0071538411981646455
SMALL665,0.12,W,25,0.05,4.201318382806001,2.111481884426613,5.4832101160891185,True,0.02477518841588805,0.020449056496180174,0.0030488550804572204,-6.437759644817298e-06,0.02044905649617834
SMALL665,0.12,W,25,0.08,3.752738200851278,2.111481884426613,5.4832101160891185,True,0.04121610258553737,0.026409122411682973,0.005161561497665536,0.02436739732651494,0.026409122411683306
SMALL665,0.12,W,25,0.12,3.3484459393176103,2.111481884426613,5.4832101160891185,True,0.06639009107040639,0.04231966956118832,0.008468642242612574,0.03700912132820866,0.04231966956118732
SMALL665,0.12,W,25,0.16,3.0920451399336475,2.111481884426613,5.4832101160891185,True,0.07430575551618956,0.11257480119389163,0.00838219036698775,-0.009808063252864208,0.11257480119389185
SMALL665,0.12,W,25,0.2,2.729100205914933,2.111481884426613,5.4832101160891185,True,0.1338658682142042,0.14708367261437,0.01528076964269811,0.0723774904211093,0.1470836726143715
SMALL665,0.12,W,25,0.25,2.51005553210334,2.111481884426613,5.4832101160891185,True,0.0636890138426075,0.17588968671838145,0.004943787290303946,0.05024872066912711,0.1758896867183814
SMALL665,0.12,W,50,0.01,5.283930637310784,2.111481884426613,5.4832101160891185,True,0.007849328073865708,0.004396069723275331,0.0009825490338423101,0.00281420527647841,0.004396069723275331
SMALL665,0.12,W,50,0.02,4.97990043510927,2.111481884426613,5.4832101160891185,True,0.009240242879260147,0.0063146262263818476,0.0011420169508638625,0.001083354304061368,0.006314626226382902
SMALL665,0.12,W,50,0.03,4.692691281804445,2.111481884426613,5.4832101160891185,True,0.016499035213963842,0.008405105572135918,0.0020590386231720617,0.0009573216520939454,0.008405105572134752
SMALL665,0.12,W,50,0.05,4.201318382806001,2.111481884426613,5.4832101160891185,True,0.02425259530584864,0.021225394246841445,0.0029994881169165613,-0.0006056163247559754,0.02122539424683939
SMALL665,0.12,W,50,0.08,3.752738200851278,2.111481884426613,5.4832101160891185,True,0.04105807705922215,0.025449447519134638,0.005153357950811489,0.02370178849871124,0.02544944751913436
SMALL665,0.12,W,50,0.12,3.3484459393176103,2.111481884426613,5.4832101160891185,True,0.06467621273820912,0.04064740388946053,0.008249577364729529,0.036240306787516885,0.04064740388945853
SMALL665,0.12,W,50,0.16,3.0920451399336475,2.111481884426613,5.4832101160891185,True,0.06964199844929203,0.1105815808678276,0.008136670054536329,-0.012734713832657563,0.11058158086782782
SMALL665,0.12,W,50,0.2,2.729100205914933,2.111481884426613,5.4832101160891185,True,0.1254138947011374,0.14342028725613565,0.014686157485303126,0.06755080490181553,0.14342028725613637
SMALL665,0.12,W,50,0.25,2.51005553210334,2.111481884426613,5.4832101160891185,True,0.05835729458761402,0.17358813488444147,0.004975179154775737,0.04574621443909771,0.17358813488444363
SMALL665,0.16,M,0,0.01,3.7595707025322946,1.2401164698259337,3.915749626882739,True,0.00887478466756636,0.003131842748960334,0.0013959507363411894,0.004404929846455019,0.003131842748957725
SMALL665,0.16,M,0,0.02,3.5397422575092556,1.2401164698259337,3.915749626882739,True,0.019056216945631976,0.005088446573638883,0.00293804467252929,0.010531852922638696,0.005088446573638938
SMALL665,0.16,M,0,0.03,3.2511966065647075,1.2401164698259337,3.915749626882739,True,0.030195386186439188,0.01085039824522771,0.004625900816383144,0.0165223439422838,0.010850398245225046
SMALL665,0.16,M,0,0.05,2.985368024980167,1.2401164698259337,3.915749626882739,True,0.02480266304384665,0.009495898234717193,0.00369190668814548,0.012443394208658032,0.009495898234714084
SMALL665,0.16,M,0,0.08,2.609976500585862,1.2401164698259337,3.915749626882739,True,0.046088808890538624,0.03625289528427916,0.006768862752735326,0.02048823090059093,0.036252895284276776
SMALL665,0.16,M,0,0.12,2.222417251698457,1.2401164698259337,3.915749626882739,True,0.015177866502749937,0.0525788784951034,0.0010927557073239919,-0.000889485423044456,0.052578878495102455
SMALL665,0.16,M,0,0.16,1.9438774047385483,1.2401164698259337,3.915749626882739,True,0.0020798303005867824,0.05061034692310473,-0.0022377562238939316,0.0072382864753209875,0.050610346923105454
SMALL665,0.16,M,0,0.2,1.8714216503355188,1.2401164698259337,3.915749626882739,True,0.05418298994582932,0.04790105722807109,0.0071094549071409815,0.0300500027184889,0.04790105722807142
SMALL665,0.16,M,0,0.25,1.6999185780837691,1.2401164698259337,3.915749626882739,True,0.0663856414546154,0.06702656346604452,0.009345896455273221,0.02639887978879396,0.06702656346604619
SMALL665,0.16,M,10,0.01,3.7595707025322946,1.2401164698259337,3.915749626882739,True,0.008804614860607907,0.0035504133371310753,0.0013848786757024723,0.00437383407038161,0.0035504133371290214
SMALL665,0.16,M,10,0.02,3.5397422575092556,1.2401164698259337,3.915749626882739,True,0.01893379896888331,0.007572969135003327,0.002924774374745004,0.01046217453536924,0.007572969135001273
SMALL665,0.16,M,10,0.03,3.2511966065647075,1.2401164698259337,3.915749626882739,True,0.030054439771366737,0.012482171807480624,0.004614702772735374,0.016410572655838007,0.012482171807481679
SMALL665,0.16,M,10,0.05,2.985368024980167,1.2401164698259337,3.915749626882739,True,0.024664003448235272,0.010403517800813222,0.0036916011717793434,0.012302095108880029,0.010403517800813722
SMALL665,0.16,M,10,0.08,2.609976500585862,1.2401164698259337,3.915749626882739,True,0.04547564961304995,0.03626855962280351,0.006699789328343017,0.020164391090457423,0.03626855962280512
SMALL665,0.16,M,10,0.12,2.222417251698457,1.2401164698259337,3.915749626882739,True,0.014266290085293343,0.052490348174299595,0.0009955992438518205,-0.0013404685069912103,0.05249034817430004
SMALL665,0.16,M,10,0.16,1.9438774047385483,1.2401164698259337,3.915749626882739,True,0.0014877437380291791,0.050330574761047575,-0.0022231273950296324,0.006744444517067905,0.050330574761047464
SMALL665,0.16,M,10,0.2,1.8714216503355188,1.2401164698259337,3.915749626882739,True,0.05333999642550907,0.04748757265430531,0.007031870627645431,0.02965028438193351,0.047487572654305754
SMALL665,0.16,M,10,0.25,1.6999185780837691,1.2401164698259337,3.915749626882739,True,0.0654511050211754,0.06658671409207478,0.009252350828805385,0.02600331150675328,0.06658671409207728
SMALL665,0.16,M,25,0.01,3.7595707025322946,1.2401164698259337,3.915749626882739,True,0.008700508049499622,0.0028486766282955767,0.0013678875186507733,0.0043275585632536195,0.0028486766282986853
SMALL665,0.16,M,25,0.02,3.5397422575092556,1.2401164698259337,3.915749626882739,True,0.01875167838381464,0.008915738416982566,0.0029040055652338748,0.010356980810222738,0.0089157384169819
SMALL665,0.16,M,25,0.03,3.2511966065647075,1.2401164698259337,3.915749626882739,True,0.029841421559572257,0.013926675542754674,0.004596865456711639,0.0162393375204527,0.013926675542755895
SMALL665,0.16,M,25,0.05,2.985368024980167,1.2401164698259337,3.915749626882739,True,0.02445972436338434,0.01157667907642107,0.003690342517740121,0.012089367338020796,0.011576679076421015
SMALL665,0.16,M,25,0.08,2.609976500585862,1.2401164698259337,3.915749626882739,True,0.044556957190483026,0.03374962198223097,0.006596551264205441,0.019677171043374853,0.03374962198223075
SMALL665,0.16,M,25,0.12,2.222417251698457,1.2401164698259337,3.915749626882739,True,0.012895391040550597,0.05235722522064118,0.0008500232924877477,-0.0020223371427677828,0.05235722522064207
SMALL665,0.16,M,25,0.16,1.9438774047385483,1.2401164698259337,3.915749626882739,True,0.0005955350380373869,0.049913015840441444,-0.002201741179799689,0.005999437566061028,0.049913015840441
SMALL665,0.16,M,25,0.2,1.8714216503355188,1.2401164698259337,3.915749626882739,True,0.05207054299592151,0.046871088732312494,0.006915691885162466,0.029048583648836113,0.046871088732313215
SMALL665,0.16,M,25,0.25,1.6999185780837691,1.2401164698259337,3.915749626882739,True,0.06404945379286214,0.06593064337302945,0.009112746339373971,0.02541009351585022,0.06593064337302712
SMALL665,0.16,M,50,0.01,3.7595707025322946,1.2401164698259337,3.915749626882739,True,0.008530101661364142,0.0017044915909712466,0.0013385735973101762,0.004251402274230487,0.0017044915909679714
SMALL665,0.16,M,50,0.02,3.5397422575092556,1.2401164698259337,3.915749626882739,True,0.018452170680668234,0.005937575351967483,0.0028671411095163996,0.010179777405919244,0.00593757535196443
SMALL665,0.16,M,50,0.03,3.2511966065647075,1.2401164698259337,3.915749626882739,True,0.029481685331246843,0.009168951373457246,0.004564421534560409,0.015944005747087542,0.009168951373454415
SMALL665,0.16,M,50,0.05,2.985368024980167,1.2401164698259337,3.915749626882739,True,0.02412878969555743,0.005705258481091657,0.0036861514521309355,0.011732452213095823,0.005705258481089992
SMALL665,0.16,M,50,0.08,2.609976500585862,1.2401164698259337,3.915749626882739,True,0.04302833681981161,0.0263612103830414,0.0064254790349954904,0.018860906608181516,0.026361210383041622
SMALL665,0.16,M,50,0.12,2.222417251698457,1.2401164698259337,3.915749626882739,True,0.01060094420595098,0.0521345035681976,0.0006078329894833243,-0.0031735249045865555,0.052134503568197044
SMALL665,0.16,M,50,0.16,1.9438774047385483,1.2401164698259337,3.915749626882739,True,-0.0009027658360252766,0.04922265341422144,-0.0021675647117710833,0.004745975462429608,0.04922265341422083
SMALL665,0.16,M,50,0.2,1.8714216503355188,1.2401164698259337,3.915749626882739,True,0.04994169055372433,0.04585353407980619,0.006722593875415697,0.028039814692613962,0.04585353407980636
SMALL665,0.16,M,50,0.25,1.6999185780837691,1.2401164698259337,3.915749626882739,True,0.061713775586508146,0.06484700667866361,0.008881967028873047,0.024421417277846635,0.06484700667866128
SMALL665,0.16,W,0,0.01,4.4105240397963685,2.2055796783742596,4.5391734596209155,True,0.006391775886258222,0.0017457151281290995,0.0010263517173210862,0.0031179491930296566,0.0017457151281304317
SMALL665,0.16,W,0,0.02,4.237590650639526,2.2055796783742596,4.5391734596209155,True,0.016694951801295876,0.003988832494200678,0.0026177887139672007,0.010351516346418621,0.003988832494204175
SMALL665,0.16,W,0,0.03,3.967403938862509,2.2055796783742596,4.5391734596209155,True,0.02382323109324974,0.005721754981742877,0.003723241812072821,0.012623959453595957,0.0057217549817455415
SMALL665,0.16,W,0,0.05,3.7488981033282833,2.2055796783742596,4.5391734596209155,True,0.022427173876405748,0.00844377855290862,0.0034028351972993642,0.014644512133156984,0.008443778552911008
SMALL665,0.16,W,0,0.08,3.402054921038586,2.2055796783742596,4.5391734596209155,True,0.03501475826366074,0.015639663962243644,0.0054108212652049445,0.014573731302124804,0.01563966396224714
SMALL665,0.16,W,0,0.12,3.068689957135272,2.2055796783742596,4.5391734596209155,True,0.02364129464527115,0.00968217672076932,0.0038298347486673406,0.005335904407348102,0.009682176720771762
SMALL665,0.16,W,0,0.16,2.745542781651284,2.2055796783742596,4.5391734596209155,True,0.011746613974132347,0.0990666564391896,-0.002812797024048644,0.010243815858103633,0.09906665643919166
SMALL665,0.16,W,0,0.2,2.6952238564328073,2.2055796783742596,4.5391734596209155,True,0.004119748050296079,0.08216455048743387,-0.003956981897086764,0.014518208698675816,0.08216455048743371
SMALL665,0.16,W,0,0.25,2.507892014445652,2.2055796783742596,4.5391734596209155,True,0.04458240300862848,0.10335999689234326,0.0019818695414907106,0.04147048130661002,0.10335999689234315
SMALL665,0.16,W,10,0.01,4.4105240397963685,2.2055796783742596,4.5391734596209155,True,0.0063845350975070825,0.0024015664501507716,0.0010231954916475605,0.0030982564761284914,0.0024015664501514378
SMALL665,0.16,W,10,0.02,4.237590650639526,2.2055796783742596,4.5391734596209155,True,0.016674734856810536,0.0055482879679077945,0.0026171291949668857,0.0102880182338565,0.005548287967906296
SMALL665,0.16,W,10,0.03,3.967403938862509,2.2055796783742596,4.5391734596209155,True,0.023711714952571794,0.0069049992587393305,0.0037087849607565296,0.012522875385677978,0.006904999258738331
SMALL665,0.16,W,10,0.05,3.7488981033282833,2.2055796783742596,4.5391734596209155,True,0.022482530819852964,0.009409246773329216,0.0034276290150609054,0.014501823707368522,0.009409246773329383
SMALL665,0.16,W,10,0.08,3.402054921038586,2.2055796783742596,4.5391734596209155,True,0.034753390752761515,0.01616707420727942,0.005384303976590302,0.014304213974402735,0.016167074207277143
SMALL665,0.16,W,10,0.12,3.068689957135272,2.2055796783742596,4.5391734596209155,True,0.023031320461955496,0.009710134788805724,0.0037230773290990588,0.0050795982170736,0.009710134788805391
SMALL665,0.16,W,10,0.16,2.745542781651284,2.2055796783742596,4.5391734596209155,True,0.009721229336660475,0.09835852921276284,-0.0028666731778898835,0.008733767177550367,0.09835852921276211
SMALL665,0.16,W,10,0.2,2.6952238564328073,2.2055796783742596,4.5391734596209155,True,0.0022288974569085185,0.08158061214411672,-0.004004324410228813,0.013273338761369269,0.08158061214411527
SMALL665,0.16,W,10,0.25,2.507892014445652,2.2055796783742596,4.5391734596209155,True,0.042580237026037304,0.10266422181422857,0.0019178004729849818,0.04015679057815258,0.10266422181422719
SMALL665,0.16,W,25,0.01,4.4105240397963685,2.2055796783742596,4.5391734596209155,True,0.006374469032093932,0.001960974479480071,0.001017909386897227,0.0030691024027746927,0.0019609744794810147
SMALL665,0.16,W,25,0.02,4.237590650639526,2.2055796783742596,4.5391734596209155,True,0.016646910877131882,0.0076152070179544284,0.0026148866928807427,0.010193525069792653,0.007615207017953929
SMALL665,0.16,W,25,0.03,3.967403938862509,2.2055796783742596,4.5391734596209155,True,0.023545030450354,0.011176459118362236,0.0036855533133118012,0.012369648137172784,0.011176459118362403
SMALL665,0.16,W,25,0.05,3.7488981033282833,2.2055796783742596,4.5391734596209155,True,0.022569969547006352,0.0075273721434021,0.0034625557138625376,0.014289828481919065,0.00752737214340371
SMALL665,0.16,W,25,0.08,3.402054921038586,2.2055796783742596,4.5391734596209155,True,0.03436799899551374,0.017891778623774668,0.005343538425441378,0.013903119490303206,0.017891778623774113
SMALL665,0.16,W,25,0.12,3.068689957135272,2.2055796783742596,4.5391734596209155,True,0.022113519835178452,0.00976716811896039,0.0035642846886607613,0.004687781006181391,0.009767168118959446
SMALL665,0.16,W,25,0.16,2.745542781651284,2.2055796783742596,4.5391734596209155,True,0.006675894644014135,0.09730447062138764,-0.0029468718214444092,0.006462400673590496,0.09730447062138631
SMALL665,0.16,W,25,0.2,2.6952238564328073,2.2055796783742596,4.5391734596209155,True,-0.0006146894379646106,0.0807110674254779,-0.004074956585913586,0.01140090535355065,0.08071106742547834
SMALL665,0.16,W,25,0.25,2.507892014445652,2.2055796783742596,4.5391734596209155,True,0.03957098929943964,0.101627654734112,0.0018219618048291447,0.038179082202298154,0.1016276547341125
SMALL665,0.16,W,50,0.01,4.4105240397963685,2.2055796783742596,4.5391734596209155,True,0.0063599237849377155,0.0012428561139309346,0.0010076634563479098,0.0030215890701186243,0.001242856113930324
SMALL665,0.16,W,50,0.02,4.237590650639526,2.2055796783742596,4.5391734596209155,True,0.016607392390099673,0.005802756438640533,0.0026078830935806763,0.010038129232898596,0.005802756438641754
SMALL665,0.16,W,50,0.03,3.967403938862509,2.2055796783742596,4.5391734596209155,True,0.023268737705361475,0.009173108658244222,0.003642808422229936,0.012109858632280646,0.009173108658245721
SMALL665,0.16,W,50,0.05,3.7488981033282833,2.2055796783742596,4.5391734596209155,True,0.02272753680613604,0.004089549659901048,0.0035148487281847843,0.013942031429733603,0.00408954965990016
SMALL665,0.16,W,50,0.08,3.402054921038586,2.2055796783742596,4.5391734596209155,True,0.033743451335643326,0.019616207066425972,0.0052730226719280154,0.013243109357972793,0.01961620706642503
SMALL665,0.16,W,50,0.12,3.068689957135272,2.2055796783742596,4.5391734596209155,True,0.020576012762883233,0.009858761069286903,0.0033031829704629964,0.004014823299058001,0.009858761069286348
SMALL665,0.16,W,50,0.16,2.745542781651284,2.2055796783742596,4.5391734596209155,True,0.0015811623152584553,0.09556919005235709,-0.0030789059913610833,0.0026598116156458795,0.09556919005235726
SMALL665,0.16,W,50,0.2,2.6952238564328073,2.2055796783742596,4.5391734596209155,True,-0.005372479957656606,0.07927864641924598,-0.00419166308907333,0.00826677549626842,0.07927864641924609
SMALL665,0.16,W,50,0.25,2.507892014445652,2.2055796783742596,4.5391734596209155,True,0.034541035648092355,0.099918811779526,0.0016629392838092977,0.034864633015785906,0.099918811779528
SMALL665,0.2,M,0,0.01,2.535040330909102,1.1508291716100687,2.625395270166995,True,0.007007114502093015,0.0023583708957450322,0.001246532608613335,0.004050360147389465,0.0023583708957453653
SMALL665,0.2,M,0,0.02,2.419020155570401,1.1508291716100687,2.625395270166995,True,0.017459253871015434,0.006283433132095229,0.003056973954812914,0.009880908196249205,0.006283433132096172
SMALL665,0.2,M,0,0.03,2.290277889867988,1.1508291716100687,2.625395270166995,True,0.024728858434409196,0.00925582676985115,0.004242636704454447,0.015082095932567263,0.009255826769850872
SMALL665,0.2,M,0,0.05,2.107222188441562,1.1508291716100687,2.625395270166995,True,0.03937320205048689,0.014607212295296101,0.006937401635259188,0.02341772958693611,0.014607212295295158
SMALL665,0.2,M,0,0.08,1.8519394759671541,1.1508291716100687,2.625395270166995,True,0.040110194178773206,0.046591129154028244,0.005493557579150821,0.021320168866079903,0.04659112915402852
SMALL665,0.2,M,0,0.12,1.717326475810561,1.1508291716100687,2.625395270166995,True,0.06756593081982787,0.08654480219944832,0.009212496068426251,0.03399295184724127,0.08654480219944821
SMALL665,0.2,M,0,0.16,1.5901172860316821,1.1508291716100687,2.625395270166995,True,0.02413295578506386,0.07836675466592924,0.000704651299272413,0.01688012569670827,0.07836675466593085
SMALL665,0.2,M,0,0.2,1.3916351642552158,1.1508291716100687,2.625395270166995,True,0.06852720863184741,0.10262831420656565,0.007252431020957642,0.04154692600992438,0.10262831420656748
SMALL665,0.2,M,0,0.25,1.389389119971381,1.1508291716100687,2.625395270166995,True,0.0853175422504151,0.10279322372908145,0.012558836449209201,0.047492089231712664,0.10279322372908328
SMALL665,0.2,M,10,0.01,2.535040330909102,1.1508291716100687,2.625395270166995,True,0.006965903133614781,0.002322553906786984,0.001238790072357679,0.004035420876107199,0.002322553906784375
SMALL665,0.2,M,10,0.02,2.419020155570401,1.1508291716100687,2.625395270166995,True,0.017310793927344692,0.006207718205117896,0.0030329810815506453,0.009829323936938916,0.006207718205116397
SMALL665,0.2,M,10,0.03,2.290277889867988,1.1508291716100687,2.625395270166995,True,0.02457503535440686,0.009181618971866146,0.004222419930480184,0.015004760841319409,0.009181618971866756
SMALL665,0.2,M,10,0.05,2.107222188441562,1.1508291716100687,2.625395270166995,True,0.03916600800902942,0.014622139182592753,0.006904408250981417,0.023333073238782198,0.01462213918259514
SMALL665,0.2,M,10,0.08,1.8519394759671541,1.1508291716100687,2.625395270166995,True,0.03939663138449434,0.0466795256011156,0.005421535279568623,0.020908235143161313,0.04667952560111466
SMALL665,0.2,M,10,0.12,1.717326475810561,1.1508291716100687,2.625395270166995,True,0.0665501499031016,0.08645754950391832,0.009119143365462476,0.0333793312142221,0.08645754950391915
SMALL665,0.2,M,10,0.16,1.5901172860316821,1.1508291716100687,2.625395270166995,True,0.023289414414976395,0.07794968200510594,0.0006607182299557535,0.01632460005027525,0.07794968200510621
SMALL665,0.2,M,10,0.2,1.3916351642552158,1.1508291716100687,2.625395270166995,True,0.06740086088860014,0.10240322589917555,0.007181153428912693,0.04087551812240786,0.10240322589917344
SMALL665,0.2,M,10,0.25,1.389389119971381,1.1508291716100687,2.625395270166995,True,0.08426468949470522,0.1025672118786291,0.012442354331240663,0.04700320088790222,0.10256721187862766
SMALL665,0.2,M,25,0.01,2.535040330909102,1.1508291716100687,2.625395270166995,True,0.006903622229349593,0.002269203503603434,0.001227054880265463,0.004012845849578506,0.0022692035036047664
SMALL665,0.2,M,25,0.02,2.419020155570401,1.1508291716100687,2.625395270166995,True,0.01708810484189327,0.006094919305649038,0.0029968709659113496,0.009752008564305803,0.006094919305648705
SMALL665,0.2,M,25,0.03,2.290277889867988,1.1508291716100687,2.625395270166995,True,0.02434310096551101,0.009071002569062903,0.004191875068070075,0.01488800483189101,0.009071002569062736
SMALL665,0.2,M,25,0.05,2.107222188441562,1.1508291716100687,2.625395270166995,True,0.03885336695087538,0.014644167821387999,0.0068549538210969235,0.02320422338740158,0.014644167821388054
SMALL665,0.2,M,25,0.08,1.8519394759671541,1.1508291716100687,2.625395270166995,True,0.03832763344568568,0.04681057223969315,0.005313874562596993,0.0202907683153305,0.04681057223969426
SMALL665,0.2,M,25,0.12,1.717326475810561,1.1508291716100687,2.625395270166995,True,0.06502661228132361,0.0863262493624149,0.008979503692240876,0.032459073277927075,0.08632624936241645
SMALL665,0.2,M,25,0.16,1.5901172860316821,1.1508291716100687,2.625395270166995,True,0.022022916521645675,0.07732658119574082,0.00059497370281833,0.015490037930049216,0.07732658119574015
SMALL665,0.2,M,25,0.2,1.3916351642552158,1.1508291716100687,2.625395270166995,True,0.06570650269462786,0.10206632428426182,0.007074736067552281,0.03986530156368606,0.1020663242842616
SMALL665,0.2,M,25,0.25,1.389389119971381,1.1508291716100687,2.625395270166995,True,0.08268019393345599,0.10222892990593746,0.012268293672378652,0.0462661979974095,0.10222892990593735
SMALL665,0.2,M,50,0.01,2.535040330909102,1.1508291716100687,2.625395270166995,True,0.006798596356703934,0.0021812793096014915,0.0012071789551042905,0.0039747709040508505,0.0021812793096027683
SMALL665,0.2,M,50,0.02,2.419020155570401,1.1508291716100687,2.625395270166995,True,0.016717018837957842,0.005908969298154543,0.00293637489029229,0.00962330614877338,0.005908969298155542
SMALL665,0.2,M,50,0.03,2.290277889867988,1.1508291716100687,2.625395270166995,True,0.02395334671592375,0.008888483827565463,0.004140393251302818,0.014691349815691646,0.00888848382756452
SMALL665,0.2,M,50,0.05,2.107222188441562,1.1508291716100687,2.625395270166995,True,0.038327352659003444,0.01467992577678573,0.006772629126469025,0.02298440559517312,0.01467992577678573
SMALL665,0.2,M,50,0.08,1.8519394759671541,1.1508291716100687,2.625395270166995,True,0.03654955867412912,0.04702488501424651,0.0051354321339864145,0.019262710380722803,0.04702488501424723
SMALL665,0.2,M,50,0.12,1.717326475810561,1.1508291716100687,2.625395270166995,True,0.062487995722463385,0.08610630752809179,0.008747809213091956,0.030925848243397835,0.08610630752809245
SMALL665,0.2,M,50,0.16,1.5901172860316821,1.1508291716100687,2.625395270166995,True,0.01990901509567794,0.07629473973723738,0.0004858147214221453,0.014095660321574166,0.07629473973723844
SMALL665,0.2,M,50,0.2,1.3916351642552158,1.1508291716100687,2.625395270166995,True,0.06286974757082159,0.10150676577830003,0.006898699386830617,0.038173221350090936,0.10150676577830042
SMALL665,0.2,M,50,0.25,1.389389119971381,1.1508291716100687,2.625395270166995,True,0.08002570683985333,0.10166708397235757,0.011979953307962185,0.04502804486226941,0.1016670839723573
SMALL665,0.2,W,0,0.01,3.3538785628644923,2.1511317266767205,3.423225775438965,True,0.004090872864963013,0.0008001429388954651,0.0007483215836687346,0.002141218084510066,0.0008001429388948544
SMALL665,0.2,W,0,0.02,3.262335290405414,2.1511317266767205,3.423225775438965,True,0.012922256393822273,0.003026855377539661,0.0023046429791830497,0.006703815957846859,0.0030268553775387175
SMALL665,0.2,W,0,0.03,3.129645202064661,2.1511317266767205,3.423225775438965,True,0.01586367359245422,0.005196896439894683,0.0027557873397947297,0.00887660380118227,0.005196896439895182
SMALL665,0.2,W,0,0.05,2.9852043861932462,2.1511317266767205,3.423225775438965,True,0.030139646112561147,0.00723583864489985,0.005382803422782495,0.019378066115539605,0.007235838644900405
SMALL665,0.2,W,0,0.08,2.754448996961539,2.1511317266767205,3.423225775438965,True,0.039895199386537405,0.017684364743691783,0.006593962366812964,0.01937665516075404,0.01768436474369156
SMALL665,0.2,W,0,0.12,2.607301844768404,2.1511317266767205,3.423225775438965,True,0.05963780629489723,0.039134307215694664,0.009959013821700072,0.028438540624712738,0.03913430721569777
SMALL665,0.2,W,0,0.16,2.505605706105972,2.1511317266767205,3.423225775438965,True,0.027413519956389465,0.10898733698183094,-0.0005506310496633249,0.023501518129129928,0.10898733698183094
SMALL665,0.2,W,0,0.2,2.2495861175304523,2.1511317266767205,3.423225775438965,True,0.06606036301621404,0.13050041385433914,0.005175223899625853,0.058515673710118454,0.13050041385433936
SMALL665,0.2,W,0,0.25,2.2742125153491957,2.1511317266767205,3.423225775438965,True,0.04181950279136992,0.11210763188613543,0.0023878174280828196,0.038488092717267164,0.1121076318861357
SMALL665,0.2,W,10,0.01,3.3538785628644923,2.1511317266767205,3.423225775438965,True,0.004061822425448169,0.0007669569399614828,0.0007418434090539494,0.0021310393082453194,0.0007669569399626486
SMALL665,0.2,W,10,0.02,3.262335290405414,2.1511317266767205,3.423225775438965,True,0.012786480241414044,0.0029482251201787824,0.002280563633177385,0.006658847983697536,0.0029482251201786713
SMALL665,0.2,W,10,0.03,3.129645202064661,2.1511317266767205,3.423225775438965,True,0.01568758336787346,0.005127298793544399,0.002727744122506398,0.008806133900457813,0.00512729879354501
SMALL665,0.2,W,10,0.05,2.9852043861932462,2.1511317266767205,3.423225775438965,True,0.029905959070565036,0.0072323671526569044,0.005342211404982894,0.019276760241814905,0.007232367152657404
SMALL665,0.2,W,10,0.08,2.754448996961539,2.1511317266767205,3.423225775438965,True,0.039221037099612055,0.017877609738591926,0.006500850585038853,0.0189721941498312,0.01787760973859126
SMALL665,0.2,W,10,0.12,2.607301844768404,2.1511317266767205,3.423225775438965,True,0.058753059193579815,0.039269739886476696,0.009833433169805714,0.027906483712611507,0.03926973988647625
SMALL665,0.2,W,10,0.16,2.505605706105972,2.1511317266767205,3.423225775438965,True,0.02562482962832968,0.10829511996697583,-0.0006161498937034271,0.02223970614313997,0.10829511996697588
SMALL665,0.2,W,10,0.2,2.2495861175304523,2.1511317266767205,3.423225775438965,True,0.06420088594874823,0.1316603283342654,0.005100439764763404,0.05715471594343624,0.1316603283342649
SMALL665,0.2,W,10,0.25,2.2742125153491957,2.1511317266767205,3.423225775438965,True,0.04003949225868597,0.11344408114644161,0.0022699313836159474,0.037346447666330884,0.11344408114644167
SMALL665,0.2,W,25,0.01,3.3538785628644923,2.1511317266767205,3.423225775438965,True,0.004018181801874632,0.0007176737927112042,0.0007319908770491851,0.0021158596163292076,0.0007176737927111487
SMALL665,0.2,W,25,0.02,3.262335290405414,2.1511317266767205,3.423225775438965,True,0.012583216875542758,0.0028314225324901354,0.0022442984452629017,0.006591726623320082,0.002831422532492134
SMALL665,0.2,W,25,0.03,3.129645202064661,2.1511317266767205,3.423225775438965,True,0.01542257684427234,0.005023754647653367,0.002685375054908082,0.00870030046157988,0.005023754647654921
SMALL665,0.2,W,25,0.05,2.9852043861932462,2.1511317266767205,3.423225775438965,True,0.029555579554704614,0.00722683053390033,0.00528105052689494,0.019125126619377153,0.007226830533902162
SMALL665,0.2,W,25,0.08,2.754448996961539,2.1511317266767205,3.423225775438965,True,0.03821179583644568,0.01816414281167361,0.0063617704121394225,0.018366622675891175,0.018164142811675388
SMALL665,0.2,W,25,0.12,2.607301844768404,2.1511317266767205,3.423225775438965,True,0.057425807725522526,0.03947008160782284,0.009646261077226687,0.027108875146342082,0.039470081607824836
SMALL665,0.2,W,25,0.16,2.505605706105972,2.1511317266767205,3.423225775438965,True,0.022939609412684525,0.10726349262959722,-0.0007136710106439431,0.020343750677504158,0.10726349262959778
SMALL665,0.2,W,25,0.2,2.2495861175304523,2.1511317266767205,3.423225775438965,True,0.06140170472343193,0.13183623950846662,0.004988807902465864,0.055104768056045805,0.13183623950846735
SMALL665,0.2,W,25,0.25,2.2742125153491957,2.1511317266767205,3.423225775438965,True,0.037361732490165445,0.11392258032861896,0.002094013276141185,0.03562675852320285,0.11392258032861913
SMALL665,0.2,W,50,0.01,3.3538785628644923,2.1511317266767205,3.423225775438965,True,0.003945315525807125,0.0006368442289036436,0.0007152178710035442,0.0020908126035842356,0.0006368442289040877
SMALL665,0.2,W,50,0.02,3.262335290405414,2.1511317266767205,3.423225775438965,True,0.012245642614941488,0.0026397686359816985,0.002183481055276673,0.006480782935713525,0.002639768635981421
SMALL665,0.2,W,50,0.03,3.129645202064661,2.1511317266767205,3.423225775438965,True,0.014978698554037884,0.004853434764301223,0.0026139713918343493,0.008523584943277207,0.004853434764303555
SMALL665,0.2,W,50,0.05,2.9852043861932462,2.1511317266767205,3.423225775438965,True,0.028972202892796506,0.007216740614921335,0.005178411847087339,0.018873314505531646,0.007216740614922668
SMALL665,0.2,W,50,0.08,2.754448996961539,2.1511317266767205,3.423225775438965,True,0.0365352100747503,0.018632896353496964,0.006131535681133324,0.01736035392852664,0.018632896353499184
SMALL665,0.2,W,50,0.12,2.607301844768404,2.1511317266767205,3.423225775438965,True,0.05521377961880225,0.0397965722686513,0.009337483576107988,0.025781025388316947,0.03979657226865396
SMALL665,0.2,W,50,0.16,2.505605706105972,2.1511317266767205,3.423225775438965,True,0.01845868773866355,0.10556183769141131,-0.0008742012762989193,0.017175212976166532,0.10556183769141075
SMALL665,0.2,W,50,0.2,2.2495861175304523,2.1511317266767205,3.423225775438965,True,0.056710501247382306,0.13052661200654941,0.004804199992988284,0.05166595517010708,0.13052661200654953
SMALL665,0.2,W,50,0.25,2.2742125153491957,2.1511317266767205,3.423225775438965,True,0.032879110950870705,0.11315150023397069,0.0018032342192665501,0.03274193149841975,0.11315150023397086
U56,0.08,M,0,0.01,5.060060860848985,1.149775992354091,5.339915602174985,True,0.004607982956450485,0.0011121950973949218,0.000168923913189456,0.002168540428725718,0.001112195097395241
U56,0.08,M,0,0.02,4.686628609133451,1.149775992354091,5.339915602174985,True,0.014691969853269926,0.002739644868185634,0.0008136779923223203,0.008208406921479616,0.0027396448681847596
U56,0.08,M,0,0.03,4.297989412966503,1.149775992354091,5.339915602174985,True,0.010112231427567231,0.0022910786754197776,0.00012667715999864493,0.007751056673238166,0.002291078675418709
U56,0.08,M,0,0.05,3.7844188050368244,1.149775992354091,5.339915602174985,True,0.024048637064849387,0.006034571040614736,0.0011437893270611899,0.017295503394997525,0.006034571040615527
U56,0.08,M,0,0.08,3.2527695314155567,1.149775992354091,5.339915602174985,True,0.059437349936579675,0.018435680984213915,0.003882359724973028,0.041319246303660906,0.018435680984214164
U56,0.08,M,0,0.12,2.7787321630760458,1.149775992354091,5.339915602174985,True,0.10903238933568171,0.03995166014793691,0.0057872095228293785,0.0506918775319396,0.03995166014793741
U56,0.08,M,0,0.16,2.306376950446908,1.149775992354091,5.339915602174985,True,0.02902433112984637,0.04023707488087899,-0.0017989482737424678,-0.006709707663554942,0.04023707488087774
U56,0.08,M,0,0.2,2.186497347790358,1.149775992354091,5.339915602174985,True,0.052967651892824597,0.04864384414276751,0.0012023452804027918,-0.017541761666813427,0.048643844142767734
U56,0.08,M,0,0.25,1.6978684918608529,1.149775992354091,5.339915602174985,True,0.239955601454916,0.09369704649567812,0.011527966092874015,0.1321948528207768,0.09369704649567762
U56,0.08,M,10,0.01,5.060060860848985,1.149775992354091,5.339915602174985,True,0.004666572734458363,0.001250333960142,0.0001825033188536801,0.002095897826999593,0.0012503339601427077
U56,0.08,M,10,0.02,4.686628609133451,1.149775992354091,5.339915602174985,True,0.014802331569487626,0.0027344763194604438,0.0008396341114174505,0.008062071722461317,0.0027344763194609017
U56,0.08,M,10,0.03,4.297989412966503,1.149775992354091,5.339915602174985,True,0.010086456767549823,0.0023122965143960728,0.00013907802417348347,0.007603547604155159,0.00231229651439728
U56,0.08,M,10,0.05,3.7844188050368244,1.149775992354091,5.339915602174985,True,0.023815850644806957,0.0063816877672229905,0.001149239852945072,0.01695860695845397,0.006381687767222838
U56,0.08,M,10,0.08,3.2527695314155567,1.149775992354091,5.339915602174985,True,0.05893339934554298,0.018353545310295927,0.003849934382244846,0.04090842801259753,0.018353545310295594
U56,0.08,M,10,0.12,2.7787321630760458,1.149775992354091,5.339915602174985,True,0.10758456332167321,0.039649344548421644,0.005732607298871956,0.049723957259288465,0.0396493445484227
U56,0.08,M,10,0.16,2.306376950446908,1.149775992354091,5.339915602174985,True,0.02644777506245366,0.03986185617366986,-0.001943249156743751,-0.00815265168739443,0.03986185617366994
U56,0.08,M,10,0.2,2.186497347790358,1.149775992354091,5.339915602174985,True,0.050251841123660324,0.04821488152816045,0.001010170401628624,-0.018538633023808426,0.04821488152816056
U56,0.08,M,10,0.25,1.6978684918608529,1.149775992354091,5.339915602174985,True,0.23674934813618131,0.09364354282003537,0.011371597129324534,0.13049228600580376,0.09364354282003554
U56,0.08,M,25,0.01,5.060060860848985,1.149775992354091,5.339915602174985,True,0.0047575965892392436,0.00123558106763752,0.000201890060888249,0.0019887548026171764,0.0012355810676376172
U56,0.08,M,25,0.02,4.686628609133451,1.149775992354091,5.339915602174985,True,0.014976673461739809,0.0027257408550783735,0.0008768244932020053,0.007843688042167951,0.00272574085507811
U56,0.08,M,25,0.03,4.297989412966503,1.149775992354091,5.339915602174985,True,0.010043268042461806,0.0023428144626845976,0.00015613390972073204,0.0073701970484869594,0.002342814462683973
U56,0.08,M,25,0.05,3.7844188050368244,1.149775992354091,5.339915602174985,True,0.02347253195847787,0.006863994178595026,0.0011566359375783514,0.016453210651240946,0.006863994178595817
U56,0.08,M,25,0.08,3.2527695314155567,1.149775992354091,5.339915602174985,True,0.05817680401691949,0.018230105601474034,0.00380115669126245,0.04029015071315256,0.018230105601472757
U56,0.08,M,25,0.12,2.7787321630760458,1.149775992354091,5.339915602174985,True,0.10542781282440794,0.03919615292934059,0.005650404602127471,0.048294314910974245,0.039196152929340144
U56,0.08,M,25,0.16,2.306376950446908,1.149775992354091,5.339915602174985,True,0.022631665159491554,0.03929980737866201,-0.0021584731515557065,-0.010254667581299115,0.03929980737866037
U56,0.08,M,25,0.2,2.186497347790358,1.149775992354091,5.339915602174985,True,0.046200053768454374,0.04757259397963309,0.0007236526323291526,-0.019980002220075344,0.047572593979630984
U56,0.08,M,25,0.25,1.6978684918608529,1.149775992354091,5.339915602174985,True,0.23193472592497044,0.09356330942462265,0.011137810894784064,0.1279449238945083,0.09356330942462288
U56,0.08,M,50,0.01,5.060060860848985,1.149775992354091,5.339915602174985,True,0.004917581607589927,0.001209791225927237,0.00023163290726906094,0.0018144966369681992,0.0012097912259269317
U56,0.08,M,50,0.02,4.686628609133451,1.149775992354091,5.339915602174985,True,0.015289088285742825,0.002708601343503758,0.0009342461372838506,0.007480201295242184,0.0027086013435018985
U56,0.08,M,50,0.03,4.297989412966503,1.149775992354091,5.339915602174985,True,0.009955785066950051,0.0023902330782365477,0.00018052086595318761,0.0069444793887623035,0.0023902330782351044
U56,0.08,M,50,0.05,3.7844188050368244,1.149775992354091,5.339915602174985,True,0.022911856911493222,0.007659210628885416,0.0011669237796227416,0.01560439755137577,0.007659210628884389
U56,0.08,M,50,0.08,3.2527695314155567,1.149775992354091,5.339915602174985,True,0.056908776284442686,0.018023751909043095,0.0037195004814126464,0.0392449308914502,0.018023751909042096
U56,0.08,M,50,0.12,2.7787321630760458,1.149775992354091,5.339915602174985,True,0.10187135215250276,0.03844159352035184,0.005512624714048578,0.045964688013420796,0.038441593520351564
U56,0.08,M,50,0.16,2.306376950446908,1.149775992354091,5.339915602174985,True,0.016396633874950606,0.038365138538021926,-0.002513919407643672,-0.013600425714759279,0.03836513853802037
U56,0.08,M,50,0.2,2.186497347790358,1.149775992354091,5.339915602174985,True,0.03950379496474454,0.04650519515416657,0.0002507519064195163,-0.0222466601955007,0.04650519515416668
U56,0.08,M,50,0.25,1.6978684918608529,1.149775992354091,5.339915602174985,True,0.22389802947915816,0.09213630666781292,0.01075020884396967,0.1237139263220155,0.09213630666781297
U56,0.08,W,0,0.01,5.271252773197578,1.6165489499245527,5.498139238753762,True,0.0021041647977551037,0.0006656284721350825,3.515954733390725e-05,0.0001713182900284771,0.0006656284721354988
U56,0.08,W,0,0.02,4.933577329642633,1.6165489499245527,5.498139238753762,True,0.00975407025619135,0.0015915623273282525,0.0005318769979192339,0.0060487897127352586,0.0015915623273283497
U56,0.08,W,0,0.03,4.584108983406314,1.6165489499245527,5.498139238753762,True,0.007719035693031673,-9.688311890505841e-05,0.00013735106925832907,0.00608991037238682,-9.688311890371226e-05
U56,0.08,W,0,0.05,4.158017812514052,1.6165489499245527,5.498139238753762,True,0.00499588521357941,-0.0026662741507545717,-0.0002982157634443122,0.005291682034989975,-0.0026662741507540583
U56,0.08,W,0,0.08,3.5603987936479533,1.6165489499245527,5.498139238753762,True,0.04274104364618303,0.010210086685803615,0.003983465589745036,0.04306459510271843,0.010210086685802922
U56,0.08,W,0,0.12,3.0979467783131533,1.6165489499245527,5.498139238753762,True,0.10851536679801899,0.04550326524185691,0.0052469859879836905,0.05340118875296529,0.045503265241857355
U56,0.08,W,0,0.16,2.6966048960918454,1.6165489499245527,5.498139238753762,True,0.07166701782174312,0.05573502910066602,-0.0016351719411394905,0.01907423053025048,0.05573502910066544
U56,0.08,W,0,0.2,2.6071291189779275,1.6165489499245527,5.498139238753762,True,0.11258988490155297,0.07396718121632487,0.001691476460270333,0.03428861447628728,0.07396718121632367
U56,0.08,W,0,0.25,2.11479114455763,1.6165489499245527,5.498139238753762,True,0.328734569743224,0.10714638804380097,0.01681149115212424,0.18413655456245892,0.1071463880438017
U56,0.08,W,10,0.01,5.271252773197578,1.6165489499245527,5.498139238753762,True,0.0021265627628253014,0.0007868305177417545,4.081702322815406e-05,0.00013605643925407307,0.000786830517742268
U56,0.08,W,10,0.02,4.933577329642633,1.6165489499245527,5.498139238753762,True,0.009666355187018416,0.0015919040472408968,0.0005337343864028343,0.005917394599330494,0.0015919040472412438
U56,0.08,W,10,0.03,4.584108983406314,1.6165489499245527,5.498139238753762,True,0.00726667058949837,-0.00015799048844872265,0.00010398642590937757,0.005988918308408087,-0.00015799048844909735
U56,0.08,W,10,0.05,4.158017812514052,1.6165489499245527,5.498139238753762,True,0.004234612584399944,-0.002587629497535354,-0.00035550057572029947,0.005056710468129166,-0.002587629497534785
U56,0.08,W,10,0.08,3.5603987936479533,1.6165489499245527,5.498139238753762,True,0.042174356367829846,0.010327129962728554,0.003905750241435066,0.04311953956821535,0.010327129962728124
U56,0.08,W,10,0.12,3.0979467783131533,1.6165489499245527,5.498139238753762,True,0.10669803654829568,0.04595598615276769,0.005189577135234977,0.05209090593945609,0.045955986152767886
U56,0.08,W,10,0.16,2.6966048960918454,1.6165489499245527,5.498139238753762,True,0.06784688726992916,0.054973847689780864,-0.0017708369914536531,0.016604900323748506,0.054973847689780364
U56,0.08,W,10,0.2,2.6071291189779275,1.6165489499245527,5.498139238753762,True,0.10937467895965569,0.07328325907570302,0.001566011476455964,0.03214908407270167,0.07328325907570238
U56,0.08,W,10,0.25,2.11479114455763,1.6165489499245527,5.498139238753762,True,0.3240656883486892,0.10623745582795419,0.0166195055297525,0.18135519632096364,0.1062374558279541
U56,0.08,W,25,0.01,5.271252773197578,1.6165489499245527,5.498139238753762,True,0.002160062973385557,0.0007901572077510938,4.848037777017977e-05,8.353065066835086e-05,0.0007901572077511076
U56,0.08,W,25,0.02,4.933577329642633,1.6165489499245527,5.498139238753762,True,0.0095430652985673,0.0015913378381119253,0.0005350345485145708,0.005726040431049961,0.0015913378381120086
U56,0.08,W,25,0.03,4.584108983406314,1.6165489499245527,5.498139238753762,True,0.006584499373442743,-0.00025020561227442895,5.2726653033532966e-05,0.005827000888764866,-0.0002502056122741514
U56,0.08,W,25,0.05,4.158017812514052,1.6165489499245527,5.498139238753762,True,0.003086358288549862,-0.0024715941880387726,-0.0004421548910879952,0.004703230135330028,-0.0024715941880393555
U56,0.08,W,25,0.08,3.5603987936479533,1.6165489499245527,5.498139238753762,True,0.04131587681167237,0.010501450078226282,0.0037898274576925045,0.04318984031704587,0.010501450078225338
U56,0.08,W,25,0.12,3.0979467783131533,1.6165489499245527,5.498139238753762,True,0.10398696767060667,0.045561623048446104,0.005104005501810116,0.05015587687684042,0.04556162304844502
U56,0.08,W,25,0.16,2.6966048960918454,1.6165489499245527,5.498139238753762,True,0.06217667842749175,0.0538346709387994,-0.001972857262300065,0.012970451545874395,0.05383467093879879
U56,0.08,W,25,0.2,2.6071291189779275,1.6165489499245527,5.498139238753762,True,0.10454362709800358,0.07225950488022675,0.0013788697151094764,0.02896768127195748,0.07225950488022709
U56,0.08,W,25,0.25,2.11479114455763,1.6165489499245527,5.498139238753762,True,0.3170351035815442,0.10487669132672572,0.016332578887786914,0.17717840600463863,0.10487669132672472
U56,0.08,W,50,0.01,5.271252773197578,1.6165489499245527,5.498139238753762,True,0.0022159623736659473,0.0007942198452093319,5.9105445036566895e-05,-3.0370921306754894e-06,0.0007942198452099702
U56,0.08,W,50,0.02,4.933577329642633,1.6165489499245527,5.498139238753762,True,0.009359070548507598,0.0015875616986990027,0.0005333261878589513,0.005421205667854312,0.0015875616986992247
U56,0.08,W,50,0.03,4.584108983406314,1.6165489499245527,5.498139238753762,True,0.005436925053293962,-0.00040533858856434124,-3.585364102781652e-05,0.005527255156130395,-0.0004053385885640082
U56,0.08,W,50,0.05,4.158017812514052,1.6165489499245527,5.498139238753762,True,0.001155758370943838,-0.002283294943568742,-0.0005884498271012395,0.004109178855194795,-0.002283294943568992
U56,0.08,W,50,0.08,3.5603987936479533,1.6165489499245527,5.498139238753762,True,0.039858777382925314,0.010788686681973525,0.003598352413075878,0.043266128274045634,0.010788686681973692
U56,0.08,W,50,0.12,3.0979467783131533,1.6165489499245527,5.498139238753762,True,0.09950416219322133,0.044698706170099106,0.004962823528638083,0.04700267528736468,0.04469870617009977
U56,0.08,W,50,0.16,2.6966048960918454,1.6165489499245527,5.498139238753762,True,0.0528832667966892,0.05194295036945604,-0.0023056432724584686,0.00709015137964264,0.05194295036945612
U56,0.08,W,50,0.2,2.6071291189779275,1.6165489499245527,5.498139238753762,True,0.09647132852418716,0.0705589151448425,0.001069768162847165,0.023736979535707414,0.07055891514484336
U56,0.08,W,50,0.25,2.11479114455763,1.6165489499245527,5.498139238753762,True,0.30525081585481684,0.1026157608053363,0.015857165997851197,0.17020595880389444,0.10261576080533649
U56,0.1,M,0,0.01,4.165249901926597,1.0985392484967915,4.379055173965942,True,0.008233281092166367,0.001138280670367503,0.0006371730714380408,0.004257270443872141,0.0011382806703660597
U56,0.1,M,0,0.02,3.8567867312448953,1.0985392484967915,4.379055173965942,True,0.020542886318402065,0.0037068195227960843,0.001359945346527669,0.012433052036195047,0.003706819522795779
U56,0.1,M,0,0.03,3.6089050709525217,1.0985392484967915,4.379055173965942,True,0.024562166871563873,0.0036416921240357003,0.0016572753060220546,0.01738966085144389,0.0036416921240339795
U56,0.1,M,0,0.05,3.126875162323326,1.0985392484967915,4.379055173965942,True,0.05902396890034711,0.010957405088560662,0.004836950003486357,0.03591715743675272,0.010957405088560579
U56,0.1,M,0,0.08,2.6217495944645814,1.0985392484967915,4.379055173965942,True,0.061375171429391306,0.022072053536282193,0.0026601881887718948,0.032418848759103946,0.022072053536282915
U56,0.1,M,0,0.12,2.2331600175964734,1.0985392484967915,4.379055173965942,True,0.07584244894503045,0.049902524434998013,0.0018267847719320163,0.018616229392281136,0.049902524434997514
U56,0.1,M,0,0.16,1.9511877687370192,1.0985392484967915,4.379055173965942,True,0.054984664157167185,0.047986440173510864,-0.001066565932328789,-0.0006386278220573693,0.04798644017351031
U56,0.1,M,0,0.2,1.9367639231575866,1.0985392484967915,4.379055173965942,True,0.0273158183428861,0.04702004831134468,-0.002359909519585507,-0.009641661952860536,0.04702004831134468
U56,0.1,M,0,0.25,1.538158222351675,1.0985392484967915,4.379055173965942,True,0.12751609622784366,0.0908598999354503,-0.004589106332552689,0.049911372285931455,0.09085989993545085
U56,0.1,M,10,0.01,4.165249901926597,1.0985392484967915,4.379055173965942,True,0.008292237785807233,0.0011471594312619515,0.000651942740169692,0.004179675418529039,0.001147159431261091
U56,0.1,M,10,0.02,3.8567867312448953,1.0985392484967915,4.379055173965942,True,0.0208490779877033,0.0039049073265126355,0.0014237606518759105,0.012184023264302013,0.003904907326512108
U56,0.1,M,10,0.03,3.6089050709525217,1.0985392484967915,4.379055173965942,True,0.025007364578190527,0.003569616045116325,0.0017362432892744917,0.017154859929507715,0.0035696160451153813
U56,0.1,M,10,0.05,3.126875162323326,1.0985392484967915,4.379055173965942,True,0.0589826514006091,0.011044742469417779,0.004880151790841281,0.03544996803623568,0.011044742469417723
U56,0.1,M,10,0.08,2.6217495944645814,1.0985392484967915,4.379055173965942,True,0.06078929192395188,0.021802686108209457,0.002681504316483063,0.0315865876075605,0.02180268610820832
U56,0.1,M,10,0.12,2.2331600175964734,1.0985392484967915,4.379055173965942,True,0.07420800618418055,0.04939251416402721,0.00177086977192481,0.017532894735577953,0.04939251416402768
U56,0.1,M,10,0.16,1.9511877687370192,1.0985392484967915,4.379055173965942,True,0.051676838735656316,0.04720136639679903,-0.0012805718334337746,-0.0020351583147464325,0.04720136639679923
U56,0.1,M,10,0.2,1.9367639231575866,1.0985392484967915,4.379055173965942,True,0.02435925887589052,0.0464924116466188,-0.0025650314255847573,-0.010744121150305652,0.04649241164661902
U56,0.1,M,10,0.25,1.538158222351675,1.0985392484967915,4.379055173965942,True,0.1262590451536405,0.09061670093457327,-0.004509897935071644,0.04849201278800597,0.0906167009345735
U56,0.1,M,25,0.01,4.165249901926597,1.0985392484967915,4.379055173965942,True,0.008384390736147607,0.0011596146148964426,0.0006734169587866712,0.004066885949976173,0.0011596146148959152
U56,0.1,M,25,0.02,3.8567867312448953,1.0985392484967915,4.379055173965942,True,0.021320826528625325,0.003986430725966994,0.001517783234671194,0.011821244897070926,0.003986430725966689
U56,0.1,M,25,0.03,3.6089050709525217,1.0985392484967915,4.379055173965942,True,0.025686628389889554,0.0034609169180157273,0.0018528004307929724,0.016810503660759313,0.003460916918016338
U56,0.1,M,25,0.05,3.126875162323326,1.0985392484967915,4.379055173965942,True,0.05894499804018616,0.011171212150258958,0.004944055308310741,0.03476957875723796,0.011171212150259707
U56,0.1,M,25,0.08,2.6217495944645814,1.0985392484967915,4.379055173965942,True,0.05993746110797904,0.02139937591504068,0.0027128945463554266,0.030366704219090934,0.02139937591504243
U56,0.1,M,25,0.12,2.2331600175964734,1.0985392484967915,4.379055173965942,True,0.07179038667235638,0.04862887169279459,0.0016871377802722132,0.015943066951296547,0.048628871692794284
U56,0.1,M,25,0.16,1.9511877687370192,1.0985392484967915,4.379055173965942,True,0.04676170099783472,0.046026622037247195,-0.0015998476234037329,-0.004083439260947452,0.04602662203724672
U56,0.1,M,25,0.2,1.9367639231575866,1.0985392484967915,4.379055173965942,True,0.01996247685140462,0.045702609090326474,-0.002871108257445465,-0.012355601239492309,0.04570260909032592
U56,0.1,M,25,0.25,1.538158222351675,1.0985392484967915,4.379055173965942,True,0.1243685418629159,0.09025219032135659,-0.004391519657579751,0.04636205454877795,0.0902521903213567
U56,0.1,M,50,0.01,4.165249901926597,1.0985392484967915,4.379055173965942,True,0.008547754347042025,0.0011781098189744543,0.0007074216396581179,0.0038883143245918017,0.0011781098189743988
U56,0.1,M,50,0.02,3.8567867312448953,1.0985392484967915,4.379055173965942,True,0.022138932276686507,0.004024841222113523,0.001670013788860114,0.011244070080786761,0.004024841222112857
U56,0.1,M,50,0.03,3.6089050709525217,1.0985392484967915,4.379055173965942,True,0.026847243657580844,0.0032782369163946445,0.0020420736770824788,0.01625566525766553,0.003278236916395616
U56,0.1,M,50,0.05,3.126875162323326,1.0985392484967915,4.379055173965942,True,0.05894389209352302,0.01137769861522106,0.005048191016064324,0.03368629800227452,0.011377698615220672
U56,0.1,M,50,0.08,2.6217495944645814,1.0985392484967915,4.379055173965942,True,0.05858648225178209,0.02072917024651144,0.0027636709201583898,0.028405942147739838,0.02072917024651194
U56,0.1,M,50,0.12,2.2331600175964734,1.0985392484967915,4.379055173965942,True,0.06784951874233536,0.047359797135628684,0.0015479651720200216,0.013383464978430348,0.047359797135629766
U56,0.1,M,50,0.16,1.9511877687370192,1.0985392484967915,4.379055173965942,True,0.038693782565745405,0.04407634468542368,-0.0021273725312602743,-0.007376596576274874,0.04407634468542282
U56,0.1,M,50,0.2,1.9367639231575866,1.0985392484967915,4.379055173965942,True,0.01273719145237795,0.04439067317302062,-0.0033769715600218686,-0.014931048883222164,0.04439067317301998
U56,0.1,M,50,0.25,1.538158222351675,1.0985392484967915,4.379055173965942,True,0.1212042900665633,0.08964544024442178,-0.0041953760124109896,0.04280964913481311,0.0896454402444215
U56,0.1,W,0,0.01,4.443872048826257,1.6082295162762772,4.613405617883589,True,0.004978962881210025,0.0012716945451702044,0.0004009104589881296,0.002547447581581652,0.0012716945451704265
U56,0.1,W,0,0.02,4.15647940756529,1.6082295162762772,4.613405617883589,True,0.010982896255647301,0.0017761591518416497,0.00046963269043873157,0.00590166112510393,0.0017761591518413167
U56,0.1,W,0,0.03,3.9475109100467507,1.6082295162762772,4.613405617883589,True,0.019976980618140905,0.0024455158313696213,0.0014590201960549831,0.014133236433147234,0.0024455158313696768
U56,0.1,W,0,0.05,3.506787120346668,1.6082295162762772,4.613405617883589,True,0.03438819107551483,0.004874705800687329,0.0024792272520381964,0.023493340488788927,0.004874705800685608
U56,0.1,W,0,0.08,3.0301149329201347,1.6082295162762772,4.613405617883589,True,0.05249232245738411,0.010948088862074906,0.004089329381043172,0.04042218184981916,0.010948088862075822
U56,0.1,W,0,0.12,2.649411475279404,1.6082295162762772,4.613405617883589,True,0.07341566060135274,0.0596742652330442,-9.085837075714642e-05,0.012756127688520413,0.0596742652330437
U56,0.1,W,0,0.16,2.3644548963000145,1.6082295162762772,4.613405617883589,True,0.13597857902385546,0.06939336348348082,0.004016368609362442,0.061810611280388006,0.06939336348348171
U56,0.1,W,0,0.2,2.3071954777794024,1.6082295162762772,4.613405617883589,True,0.14464816548114778,0.08503146897533784,0.004741366038263695,0.07108279978762022,0.08503146897533836
U56,0.1,W,0,0.25,1.850727778153211,1.6082295162762772,4.613405617883589,True,0.24736646186165823,0.11880679208866046,0.003925916229608778,0.14514385492060167,0.11880679208866035
U56,0.1,W,10,0.01,4.443872048826257,1.6082295162762772,4.613405617883589,True,0.005022711409591762,0.0012777548313876452,0.0004100934657977062,0.0024946788462041347,0.001277754831387451
U56,0.1,W,10,0.02,4.15647940756529,1.6082295162762772,4.613405617883589,True,0.011088456472649888,0.0018050219619668295,0.000506941945718653,0.005685778474777692,0.0018050219619661634
U56,0.1,W,10,0.03,3.9475109100467507,1.6082295162762772,4.613405617883589,True,0.02006480811367739,0.0022986488010050266,0.0014879332472740592,0.013942874281045237,0.0022986488010050543
U56,0.1,W,10,0.05,3.506787120346668,1.6082295162762772,4.613405617883589,True,0.03385934758807241,0.0048617587415021035,0.002463947844948855,0.02309784769323131,0.004861758741500327
U56,0.1,W,10,0.08,3.0301149329201347,1.6082295162762772,4.613405617883589,True,0.051817076009186946,0.010429913836259713,0.00407030188727886,0.03984086445450519,0.010429913836258797
U56,0.1,W,10,0.12,2.649411475279404,1.6082295162762772,4.613405617883589,True,0.07021105168359987,0.05857693150771623,-0.00024683706510902903,0.011091150830885743,0.05857693150771742
U56,0.1,W,10,0.16,2.3644548963000145,1.6082295162762772,4.613405617883589,True,0.13210011217808915,0.06821769812796447,0.003815972711560367,0.059785214734108694,0.06821769812796658
U56,0.1,W,10,0.2,2.3071954777794024,1.6082295162762772,4.613405617883589,True,0.14052744365422565,0.08478937622482385,0.00450148245797144,0.06904704686150298,0.08478937622482388
U56,0.1,W,10,0.25,1.850727778153211,1.6082295162762772,4.613405617883589,True,0.24642169438847583,0.11847676074739671,0.004195320437071812,0.14273340275479351,0.11847676074739688
U56,0.1,W,25,0.01,4.443872048826257,1.6082295162762772,4.613405617883589,True,0.005090519452055853,0.0012860789566971065,0.00042327591116259056,0.002418365099499775,0.0012860789566950803
U56,0.1,W,25,0.02,4.15647940756529,1.6082295162762772,4.613405617883589,True,0.011255545765372466,0.001705889414527123,0.0005614232559986165,0.005370823187284657,0.0017058894145268177
U56,0.1,W,25,0.03,3.9475109100467507,1.6082295162762772,4.613405617883589,True,0.020203469799660034,0.0020786499366923505,0.0015297619936038287,0.013663044314159434,0.002078649936691268
U56,0.1,W,25,0.05,3.506787120346668,1.6082295162762772,4.613405617883589,True,0.033087491504683486,0.0048409160057800715,0.002440220383546715,0.02252156538953831,0.004840916005780571
U56,0.1,W,25,0.08,3.0301149329201347,1.6082295162762772,4.613405617883589,True,0.0508321637820468,0.009657501996142348,0.004041869361248979,0.038995068883688866,0.009657501996140766
U56,0.1,W,25,0.12,2.649411475279404,1.6082295162762772,4.613405617883589,True,0.06544908450189202,0.056936418722347254,-0.000479029797035041,0.008642777995858442,0.05693641872234609
U56,0.1,W,25,0.16,2.3644548963000145,1.6082295162762772,4.613405617883589,True,0.12632121268086038,0.06645942122434448,0.003517107537662628,0.056785542861578,0.06645942122434595
U56,0.1,W,25,0.2,2.3071954777794024,1.6082295162762772,4.613405617883589,True,0.1343639992666028,0.0844267868138831,0.004143528201814295,0.06601943530735732,0.08442678681388274
U56,0.1,W,25,0.25,1.850727778153211,1.6082295162762772,4.613405617883589,True,0.24500596784951645,0.11798209838376417,0.004597667336099301,0.13910426473315063,0.11798209838376383
U56,0.1,W,50,0.01,4.443872048826257,1.6082295162762772,4.613405617883589,True,0.005209464850352896,0.0012979440389354613,0.00044369508287807335,0.00229881028252521,0.0012979440389348784
U56,0.1,W,50,0.02,4.15647940756529,1.6082295162762772,4.613405617883589,True,0.011556488703371004,0.0015394760465275714,0.000648333744785512,0.004868807072403003,0.0015394760465282653
U56,0.1,W,50,0.03,3.9475109100467507,1.6082295162762772,4.613405617883589,True,0.020451961642487193,0.0017128197360454789,0.0015954343828709777,0.013211023663785681,0.0017128197360455066
U56,0.1,W,50,0.05,3.506787120346668,1.6082295162762772,4.613405617883589,True,0.03185664542120392,0.0048024501014586884,0.0023985631115911454,0.021604231598356227,0.004802450101459854
U56,0.1,W,50,0.08,3.0301149329201347,1.6082295162762772,4.613405617883589,True,0.0492627535423007,0.008383005775533081,0.003994772132573807,0.037652274173042066,0.008383005775532859
U56,0.1,W,50,0.12,2.649411475279404,1.6082295162762772,4.613405617883589,True,0.057629650341740835,0.054216818581404314,-0.0008613150122986357,0.004687143588589349,0.054216818581404314
U56,0.1,W,50,0.16,2.3644548963000145,1.6082295162762772,4.613405617883589,True,0.11679279240370977,0.06354284281146991,0.0030235842432036752,0.05188548435427731,0.06354284281147082
U56,0.1,W,50,0.2,2.3071954777794024,1.6082295162762772,4.613405617883589,True,0.12414200374268103,0.0838239358876372,0.003551903726533426,0.06104240664116767,0.08382393588763704
U56,0.1,W,50,0.25,1.850727778153211,1.6082295162762772,4.613405617883589,True,0.24264920558061487,0.11715868639738292,0.005263574225027726,0.13302200310682655,0.1171586863973832
U56,0.12,M,0,0.01,3.2552657513039542,0.9838963754121697,3.4184233005329134,True,0.008839679389011312,0.0011600804671066944,0.0007796148022211624,0.0038550234652521276,0.0011600804671076381
U56,0.12,M,0,0.02,3.0261011148701353,0.9838963754121697,3.4184233005329134,True,0.02019471311057397,0.001886335563452024,0.001679407088358148,0.010189100029629916,0.0018863355634520795
U56,0.12,M,0,0.03,2.820147953560802,0.9838963754121697,3.4184233005329134,True,0.03780306553541535,0.005334886245375647,0.003406669547493746,0.018809858624126763,0.005334886245375342
U56,0.12,M,0,0.05,2.3870664867542053,0.9838963754121697,3.4184233005329134,True,0.053511178165205564,0.002610708784301974,0.004802240939656116,0.02873134752993356,0.002610708784302418
U56,0.12,M,0,0.08,2.0494783596787562,0.9838963754121697,3.4184233005329134,True,0.06761339640112407,0.025847783018049797,0.0036571969854657105,0.031622900562257916,0.025847783018049825
U56,0.12,M,0,0.12,1.6589299923295924,0.9838963754121697,3.4184233005329134,True,0.0697854285938464,0.04564889407687642,0.001326966299182858,0.02218800581268021,0.045648894076876056
U56,0.12,M,0,0.16,1.5490344841890327,0.9838963754121697,3.4184233005329134,True,0.05252677651601889,0.040969334941658914,-0.0004925232134020407,0.013211969901776532,0.040969334941658525
U56,0.12,M,0,0.2,1.510329768405171,0.9838963754121697,3.4184233005329134,True,0.071721959386843,0.06450774357687827,0.0022899140757312864,0.01706027009072919,0.06450774357687897
U56,0.12,M,0,0.25,1.0770939779537594,0.9838963754121697,3.4184233005329134,True,0.15494091679465782,0.10746386459217389,-2.417620511158125e-05,0.13059396658866773,0.10746386459217416
U56,0.12,M,10,0.01,3.2552657513039542,0.9838963754121697,3.4184233005329134,True,0.009080732714528805,0.001052593801670304,0.0008152946601183153,0.003815638305602942,0.0010525938016707204
U56,0.12,M,10,0.02,3.0261011148701353,0.9838963754121697,3.4184233005329134,True,0.020547780833224838,0.0016679754966067717,0.0017422170361155176,0.010098916566074756,0.0016679754966080762
U56,0.12,M,10,0.03,2.820147953560802,0.9838963754121697,3.4184233005329134,True,0.038321900462008784,0.004896858998946235,0.0034953790908867632,0.018687550659177266,0.004896858998947096
U56,0.12,M,10,0.05,2.3870664867542053,0.9838963754121697,3.4184233005329134,True,0.05369010776237104,0.0021501230304978858,0.004850930184154917,0.028584194080803815,0.0021501230304978303
U56,0.12,M,10,0.08,2.0494783596787562,0.9838963754121697,3.4184233005329134,True,0.06746178125060087,0.02536489327953395,0.003709577036258571,0.03121691377920155,0.025364893279534034
U56,0.12,M,10,0.12,1.6589299923295924,0.9838963754121697,3.4184233005329134,True,0.06873135854975088,0.04577624529599639,0.0012905552393347175,0.021488092356283905,0.04577624529599658
U56,0.12,M,10,0.16,1.5490344841890327,0.9838963754121697,3.4184233005329134,True,0.05079272042751648,0.040925580609023904,-0.0006315381797184216,0.01263546566583984,0.04092558060902379
U56,0.12,M,10,0.2,1.510329768405171,0.9838963754121697,3.4184233005329134,True,0.0706025106072703,0.06425476078261186,0.002237396703766631,0.016382364689469187,0.06425476078261191
U56,0.12,M,10,0.25,1.0770939779537594,0.9838963754121697,3.4184233005329134,True,0.15242692700222404,0.10706784734820796,-0.00014850137285832288,0.12940151384627296,0.10706784734820801
U56,0.12,M,25,0.01,3.2552657513039542,0.9838963754121697,3.4184233005329134,True,0.009443101431137135,0.0009391088090107136,0.0008681420874486478,0.0037568434530506067,0.0009391088090091593
U56,0.12,M,25,0.02,3.0261011148701353,0.9838963754121697,3.4184233005329134,True,0.021082950485076468,0.0013873148291681237,0.001835292567929775,0.009964856991490523,0.0013873148291682624
U56,0.12,M,25,0.03,2.820147953560802,0.9838963754121697,3.4184233005329134,True,0.0391065148352121,0.004416393548762915,0.0036270299740144563,0.018504015005257335,0.004416393548764108
U56,0.12,M,25,0.05,2.3870664867542053,0.9838963754121697,3.4184233005329134,True,0.05396574029054091,0.0017614253272301428,0.004923396342553343,0.028361563626601916,0.0017614253272292824
U56,0.12,M,25,0.08,2.0494783596787562,0.9838963754121697,3.4184233005329134,True,0.06724684271339965,0.024879444918568694,0.003787478999296351,0.03061033151520154,0.02487944491856925
U56,0.12,M,25,0.12,1.6589299923295924,0.9838963754121697,3.4184233005329134,True,0.0671668482861636,0.0460440086972175,0.0012360297091300043,0.02045023069109697,0.04604400869721684
U56,0.12,M,25,0.16,1.5490344841890327,0.9838963754121697,3.4184233005329134,True,0.048199694958677375,0.0408932143250344,-0.0008392520284337679,0.01178225813941891,0.04089321432503429
U56,0.12,M,25,0.2,1.510329768405171,0.9838963754121697,3.4184233005329134,True,0.0689327773470012,0.06389353525594896,0.0021589244087347192,0.015376715636147065,0.06389353525594851
U56,0.12,M,25,0.25,1.0770939779537594,0.9838963754121697,3.4184233005329134,True,0.1486559789966566,0.10647411954194036,-0.0003344290870971045,0.12761310106342716,0.10647411954194025
U56,0.12,M,50,0.01,3.2552657513039542,0.9838963754121697,3.4184233005329134,True,0.010048927402300345,0.0007507507403742009,0.000954446683854332,0.003659611822027564,0.0007507507403752278
U56,0.12,M,50,0.02,3.0261011148701353,0.9838963754121697,3.4184233005329134,True,0.021989029013194772,0.0009225364521868451,0.0019874105273199882,0.009744407829632262,0.0009225364521872892
U56,0.12,M,50,0.03,2.820147953560802,0.9838963754121697,3.4184233005329134,True,0.040430068765831884,0.0036224250048275675,0.0038427139163286217,0.018197540419591318,0.0036224250048275397
U56,0.12,M,50,0.05,2.3870664867542053,0.9838963754121697,3.4184233005329134,True,0.05444264388704889,0.0011194263265181525,0.005042670855426951,0.0279841696669223,0.0011194263265170978
U56,0.12,M,50,0.08,2.0494783596787562,0.9838963754121697,3.4184233005329134,True,0.06692049646633058,0.02366576044882307,0.003915546531849612,0.029604593498219645,0.023665760448823264
U56,0.12,M,50,0.12,1.6589299923295924,0.9838963754121697,3.4184233005329134,True,0.0646024189725305,0.04391782233783423,0.0011453993728315903,0.018751112186228713,0.04391782233783406
U56,0.12,M,50,0.16,1.5490344841890327,0.9838963754121697,3.4184233005329134,True,0.04389935620617691,0.04083756817167225,-0.001183291164108563,0.01038975417712229,0.04083756817167211
U56,0.12,M,50,0.2,1.510329768405171,0.9838963754121697,3.4184233005329134,True,0.06617524891738746,0.06329183098646074,0.002028945782228453,0.013730398885611228,0.06329183098646016
U56,0.12,M,50,0.25,1.0770939779537594,0.9838963754121697,3.4184233005329134,True,0.14237261795381317,0.1054853679085404,-0.0006428177986748662,0.12463347413907977,0.10548536790854024
U56,0.12,W,0,0.01,3.5977896948155466,1.5228482041352773,3.7273054111757156,True,0.005317279469987168,0.0008522068867117538,0.0004527797577364434,0.0020846834573073902,0.0008522068867113375
U56,0.12,W,0,0.02,3.3931820764026837,1.5228482041352773,3.7273054111757156,True,0.014136566873987455,0.0011759965753159185,0.0011618111948533127,0.006622562489797756,0.0011759965753162238
U56,0.12,W,0,0.03,3.205554883110297,1.5228482041352773,3.7273054111757156,True,0.02626403906840946,0.0033358948423097556,0.002250804642606463,0.01222930154811297,0.0033358948423104495
U56,0.12,W,0,0.05,2.818213294839341,1.5228482041352773,3.7273054111757156,True,0.03978974626770171,0.0017789762005951115,0.0035432638699307017,0.023797404171761904,0.0017789762005926413
U56,0.12,W,0,0.08,2.501845143584238,1.5228482041352773,3.7273054111757156,True,0.05135740062437799,0.0023254017162505913,0.003631388047991374,0.02918083846787467,0.0023254017162500917
U56,0.12,W,0,0.12,2.0596548403639034,1.5228482041352773,3.7273054111757156,True,0.10489469542014862,0.07002002193810641,0.0013399392306243096,0.03965126815648401,0.07002002193810586
U56,0.12,W,0,0.16,1.8957828248085282,1.5228482041352773,3.7273054111757156,True,0.15234090464679517,0.07909856947692046,0.005630239724254471,0.10792486259974621,0.07909856947692029
U56,0.12,W,0,0.2,1.8920298365929609,1.5228482041352773,3.7273054111757156,True,0.16062894635729874,0.0940039643925697,0.007945217510852781,0.10512845881464417,0.09400396439257064
U56,0.12,W,0,0.25,1.5273873762672183,1.5228482041352773,3.7273054111757156,True,0.2016714118418197,0.1269211765509347,0.0025245951705230307,0.1736909564174074,0.1269211765509347
U56,0.12,W,10,0.01,3.5977896948155466,1.5228482041352773,3.7273054111757156,True,0.005505796399789764,0.0008167394471592926,0.0004815151171946308,0.0020470371024066125,0.0008167394471584877
U56,0.12,W,10,0.02,3.3931820764026837,1.5228482041352773,3.7273054111757156,True,0.01437379353917101,0.0011099740938531055,0.0012044751082751215,0.006543958036236308,0.001109974093850996
U56,0.12,W,10,0.03,3.205554883110297,1.5228482041352773,3.7273054111757156,True,0.026400047403283056,0.003096925687275681,0.002291692084556596,0.01207490502980213,0.003096925687275931
U56,0.12,W,10,0.05,2.818213294839341,1.5228482041352773,3.7273054111757156,True,0.03944456016646347,0.0015432864406444424,0.003523670492210751,0.02362590481290905,0.001543286440644942
U56,0.12,W,10,0.08,2.501845143584238,1.5228482041352773,3.7273054111757156,True,0.05144958241865183,0.002102904551778556,0.0036908374630977847,0.028912426726283247,0.0021029045517791667
U56,0.12,W,10,0.12,2.0596548403639034,1.5228482041352773,3.7273054111757156,True,0.10254253763733856,0.06858483120124159,0.0012410058812452607,0.03829073810616146,0.06858483120124112
U56,0.12,W,10,0.16,1.8957828248085282,1.5228482041352773,3.7273054111757156,True,0.1481660757679526,0.07879656860159548,0.0053033114451011,0.10617903411229745,0.07879656860159592
U56,0.12,W,10,0.2,1.8920298365929609,1.5228482041352773,3.7273054111757156,True,0.15859187664135987,0.09309864685556363,0.007863942860825313,0.10376278195578359,0.09309864685556377
U56,0.12,W,10,0.25,1.5273873762672183,1.5228482041352773,3.7273054111757156,True,0.1983409316474154,0.1263170176312307,0.002418658305125776,0.1717595930266409,0.12631701763123127
U56,0.12,W,25,0.01,3.5977896948155466,1.5228482041352773,3.7273054111757156,True,0.005789743016210602,0.0007633003950521522,0.0005239833830532614,0.0019913738067822706,0.0007633003950510697
U56,0.12,W,25,0.02,3.3931820764026837,1.5228482041352773,3.7273054111757156,True,0.014732752125885762,0.0009327034807792844,0.001267405048410275,0.00642704248545356,0.0009327034807798118
U56,0.12,W,25,0.03,3.205554883110297,1.5228482041352773,3.7273054111757156,True,0.026610868129442578,0.00273986241015034,0.0023518598090032927,0.01184608629062045,0.00273986241015034
U56,0.12,W,25,0.05,2.818213294839341,1.5228482041352773,3.7273054111757156,True,0.03893354681375638,0.0011908391827974707,0.0034939206195153116,0.023367577490429614,0.0011908391827962772
U56,0.12,W,25,0.08,2.501845143584238,1.5228482041352773,3.7273054111757156,True,0.05159419263603704,0.001770996161085031,0.00377935346491437,0.028506657185526363,0.0017709961610852532
U56,0.12,W,25,0.12,2.0596548403639034,1.5228482041352773,3.7273054111757156,True,0.09903395757216393,0.0662835729490775,0.001093517238160674,0.03626720455947385,0.0662835729490781
U56,0.12,W,25,0.16,1.8957828248085282,1.5228482041352773,3.7273054111757156,True,0.14190877217910125,0.07784042484695122,0.004815277762300757,0.10356881999048895,0.07784042484695222
U56,0.12,W,25,0.2,1.8920298365929609,1.5228482041352773,3.7273054111757156,True,0.15553948211039126,0.09174367356161675,0.0077424949134049514,0.10172011266809977,0.09174367356161633
U56,0.12,W,25,0.25,1.5273873762672183,1.5228482041352773,3.7273054111757156,True,0.19334030517217615,0.12541170504718163,0.0022604384681992884,0.16885780973583597,0.12541170504718174
U56,0.12,W,50,0.01,3.5977896948155466,1.5228482041352773,3.7273054111757156,True,0.006266038818078412,0.0006736291266521144,0.0005930908414101266,0.0019008519450660621,0.000673629126654196
U56,0.12,W,50,0.02,3.3931820764026837,1.5228482041352773,3.7273054111757156,True,0.015338871510048202,0.0006377010379309267,0.001369479937624235,0.006234744512825019,0.0006377010379317871
U56,0.12,W,50,0.03,3.205554883110297,1.5228482041352773,3.7273054111757156,True,0.026979847152689196,0.002148484001662676,0.0024490749363464404,0.011472073851591658,0.002148484001665285
U56,0.12,W,50,0.05,2.818213294839341,1.5228482041352773,3.7273054111757156,True,0.03809878001907774,0.0006063541383598547,0.003443396911595009,0.022933419788531584,0.0006063541383621029
U56,0.12,W,50,0.08,2.501845143584238,1.5228482041352773,3.7273054111757156,True,0.0518505150766464,0.0012226954581193716,0.003925138102015474,0.02782100704223156,0.0012226954581191496
U56,0.12,W,50,0.12,2.0596548403639034,1.5228482041352773,3.7273054111757156,True,0.09323767971471075,0.06246915720562715,0.0008501203780153233,0.032938760222040786,0.0624691572056279
U56,0.12,W,50,0.16,1.8957828248085282,1.5228482041352773,3.7273054111757156,True,0.13149534706905097,0.07403618401626735,0.004008150497820939,0.09924077925494545,0.07403618401626799
U56,0.12,W,50,0.2,1.8920298365929609,1.5228482041352773,3.7273054111757156,True,0.15046150068451491,0.08914318193007123,0.007541315316513475,0.09833172008378566,0.08914318193007198
U56,0.12,W,50,0.25,1.5273873762672183,1.5228482041352773,3.7273054111757156,True,0.18499542970476324,0.12390531753472861,0.0019985605592618694,0.16401023808167392,0.1239053175347285
U56,0.16,M,0,0.01,2.1010854632849516,0.7632309104260645,2.196021283987472,True,0.00472250367417959,0.0007925468817449322,0.00048052676733728594,0.0012722141127243791,0.0007925468817447656
U56,0.16,M,0,0.02,1.9678388090049495,0.7632309104260645,2.196021283987472,True,0.015077108031290809,0.0027558748252010934,0.0016090601601917998,0.0046521978508569095,0.0027558748252007326
U56,0.16,M,0,0.03,1.8301447658312802,0.7632309104260645,2.196021283987472,True,0.022231006445443624,0.00359926973251809,0.0020440874192873826,0.009256978354168277,0.003599269732519006
U56,0.16,M,0,0.05,1.6324285406312617,0.7632309104260645,2.196021283987472,True,0.016904929612397535,0.004013549030418173,7.308627463786799e-05,0.006205647127877745,0.004013549030419616
U56,0.16,M,0,0.08,1.447401061831353,0.7632309104260645,2.196021283987472,True,0.042634921337092235,0.018776844323820513,0.0013330638168825015,0.021191172548536974,0.018776844323822067
U56,0.16,M,0,0.12,1.134130796310996,0.7632309104260645,2.196021283987472,True,0.0745255362459023,0.05377866331280237,-0.00035120865390486644,0.030490792458458982,0.053778663312802066
U56,0.16,M,0,0.16,0.9720564547925039,0.7632309104260645,2.196021283987472,True,0.06465860550147884,0.06231445627460275,-0.008215050495493814,0.035858083960244036,0.06231445627460114
U56,0.16,M,0,0.2,0.9221152877152999,0.7632309104260645,2.196021283987472,True,0.10078754934544576,0.06187757159448248,0.0011607284901842818,0.06395047654383568,0.06187757159448248
U56,0.16,M,0,0.25,0.8168820032896782,0.7632309104260645,2.196021283987472,True,0.12673158223620762,0.07915491240270822,0.0014051832423399302,0.10004130151552415,0.07915491240270817
U56,0.16,M,10,0.01,2.1010854632849516,0.7632309104260645,2.196021283987472,True,0.004746065860085524,0.0006465315322595755,0.000486371952981568,0.001238134394462298,0.0006465315322608522
U56,0.16,M,10,0.02,1.9678388090049495,0.7632309104260645,2.196021283987472,True,0.015036415015903692,0.0025178005382565094,0.0016068746813658052,0.004624114983144967,0.002517800538255177
U56,0.16,M,10,0.03,1.8301447658312802,0.7632309104260645,2.196021283987472,True,0.02220821421287522,0.0033846919446908486,0.002057541695153653,0.009161240185930453,0.003384691944691237
U56,0.16,M,10,0.05,1.6324285406312617,0.7632309104260645,2.196021283987472,True,0.016612716587051324,0.0034144728183220507,6.282382925665297e-05,0.006033145898896253,0.0034144728183219952
U56,0.16,M,10,0.08,1.447401061831353,0.7632309104260645,2.196021283987472,True,0.04228075043432833,0.018540287336916428,0.00134388340953992,0.0209064790292941,0.018540287336914374
U56,0.16,M,10,0.12,1.134130796310996,0.7632309104260645,2.196021283987472,True,0.07350380472831253,0.05286905369304776,-0.0003912750617076355,0.029943331131688344,0.052869053693047924
U56,0.16,M,10,0.16,0.9720564547925039,0.7632309104260645,2.196021283987472,True,0.06301157676842961,0.06106656228255042,-0.008319617350889347,0.03522015843956283,0.06106656228255153
U56,0.16,M,10,0.2,0.9221152877152999,0.7632309104260645,2.196021283987472,True,0.09937148399018758,0.06153005123467964,0.0010698573435266867,0.06322486168555042,0.06153005123467947
U56,0.16,M,10,0.25,0.8168820032896782,0.7632309104260645,2.196021283987472,True,0.1255600914392534,0.07874666138118075,0.0013484715312355455,0.09926669524871135,0.07874666138118008
U56,0.16,M,25,0.01,2.1010854632849516,0.7632309104260645,2.196021283987472,True,0.004781915829294325,0.0004292409135043529,0.0004949844080227583,0.0011872260735155127,0.000429240913504908
U56,0.16,M,25,0.02,1.9678388090049495,0.7632309104260645,2.196021283987472,True,0.014975997670405361,0.0021628916872687975,0.0016034186107623527,0.004582004731412015,0.0021628916872693527
U56,0.16,M,25,0.03,1.8301447658312802,0.7632309104260645,2.196021283987472,True,0.02217797102659258,0.0029764858662037763,0.0020774275820514554,0.00901982213185648,0.0029764858662054416
U56,0.16,M,25,0.05,1.6324285406312617,0.7632309104260645,2.196021283987472,True,0.016178698523932056,0.002522862432734113,4.743025188833072e-05,0.005776349140473203,0.0025228624327348903
U56,0.16,M,25,0.08,1.447401061831353,0.7632309104260645,2.196021283987472,True,0.04175543611056898,0.018186252733110003,0.0013600368209828462,0.0204842428179719,0.01818625273311103
U56,0.16,M,25,0.12,1.134130796310996,0.7632309104260645,2.196021283987472,True,0.07198111799203222,0.051507156532881265,-0.00045109240614946144,0.029128235121584245,0.05150715653288168
U56,0.16,M,25,0.16,0.9720564547925039,0.7632309104260645,2.196021283987472,True,0.06053960189361707,0.05919885803554931,-0.00847595838176185,0.034264432612990836,0.05919885803555025
U56,0.16,M,25,0.2,0.9221152877152999,0.7632309104260645,2.196021283987472,True,0.0972510205351913,0.06100905487596597,0.0009339082818471678,0.06213922229375801,0.06100905487596592
U56,0.16,M,25,0.25,0.8168820032896782,0.7632309104260645,2.196021283987472,True,0.12380137126566315,0.07813456902988003,0.0012636111026152475,0.0981034742045439,0.0781345690298802
U56,0.16,M,50,0.01,2.1010854632849516,0.7632309104260645,2.196021283987472,True,0.004842959006487124,7.167789968884342e-05,0.0005089280166070964,0.0011029402843090175,7.167789968792748e-05
U56,0.16,M,50,0.02,1.9678388090049495,0.7632309104260645,2.196021283987472,True,0.01487678228802447,0.0015772323371103791,0.0015971894070914705,0.0045117338878277735,0.0015772323371112673
U56,0.16,M,50,0.03,1.8301447658312802,0.7632309104260645,2.196021283987472,True,0.022137708371852582,0.002301791133693276,0.00210978937244094,0.008789727286244053,0.00230179113369286
U56,0.16,M,50,0.05,1.6324285406312617,0.7632309104260645,2.196021283987472,True,0.015466381957362607,0.0010553873022607352,2.1776119197791655e-05,0.0053532116053711665,0.0010553873022585702
U56,0.16,M,50,0.08,1.447401061831353,0.7632309104260645,2.196021283987472,True,0.04089554373969606,0.017585142701414924,0.001386757775086539,0.01979305296638101,0.017585142701413814
U56,0.16,M,50,0.12,1.134130796310996,0.7632309104260645,2.196021283987472,True,0.06946929102954358,0.04924403446436859,-0.0005500370139447652,0.027785412113837005,0.049244034464367786
U56,0.16,M,50,0.16,0.9720564547925039,0.7632309104260645,2.196021283987472,True,0.056416083319825505,0.05609702271081529,-0.008735171758509963,0.032674380535702596,0.056097022710815236
U56,0.16,M,50,0.2,0.9221152877152999,0.7632309104260645,2.196021283987472,True,0.09372694707744134,0.06014148532967001,0.0007082786866230983,0.06033719481614486,0.06014148532966951
U56,0.16,M,50,0.25,0.8168820032896782,0.7632309104260645,2.196021283987472,True,0.12086653410207271,0.07711517282927233,0.00112272894591392,0.0961614835097706,0.0771151728292715
U56,0.16,W,0,0.01,2.5410290494285337,1.3178607432981282,2.614403629718082,True,0.003350575168102221,0.00023369821688401515,0.0003928603006488618,0.0013980517218388222,0.00023369821688637438
U56,0.16,W,0,0.02,2.426528139267905,1.3178607432981282,2.614403629718082,True,0.009984251528504462,0.0020968645544431896,0.001073396746893357,0.0018824772978718318,0.0020968645544445497
U56,0.16,W,0,0.03,2.3019176635349803,1.3178607432981282,2.614403629718082,True,0.015410010697278986,0.002701198880368627,0.0013142291334411471,0.00542083068643695,0.0027011988803699316
U56,0.16,W,0,0.05,2.110527023747758,1.3178607432981282,2.614403629718082,True,0.008986159710214325,0.0033092818066993712,-0.0007451666165717297,0.004245338193375581,0.00330928180669926
U56,0.16,W,0,0.08,1.9065486496974065,1.3178607432981282,2.614403629718082,True,0.02726870668427983,0.011085755672315512,0.0005485263534663887,0.013871282047888567,0.011085755672315817
U56,0.16,W,0,0.12,1.6254438932060258,1.3178607432981282,2.614403629718082,True,0.1098623388564588,0.07490580517076251,0.001555946055265378,0.049562949440612014,0.07490580517076184
U56,0.16,W,0,0.16,1.4103936746449368,1.3178607432981282,2.614403629718082,True,0.13534915356342547,0.08420916098914638,-0.0021053729839626,0.10004371056807804,0.08420916098914594
U56,0.16,W,0,0.2,1.4235656724681394,1.3178607432981282,2.614403629718082,True,0.1297207626068957,0.07490781136787483,0.003108713835071164,0.08231940960366835,0.07490781136787472
U56,0.16,W,0,0.25,1.3242729462038159,1.3178607432981282,2.614403629718082,True,0.14548439217502218,0.08796927827603235,0.003941943474295578,0.12069403600426876,0.08796927827603213
U56,0.16,W,10,0.01,2.5410290494285337,1.3178607432981282,2.614403629718082,True,0.003366169248908202,0.00012421261144404672,0.00039596791355764327,0.0013631540596208414,0.0001242126114429365
U56,0.16,W,10,0.02,2.426528139267905,1.3178607432981282,2.614403629718082,True,0.009936407989545648,0.0019453102944008704,0.0010666581376062856,0.0018633458555765703,0.001945310294401592
U56,0.16,W,10,0.03,2.3019176635349803,1.3178607432981282,2.614403629718082,True,0.015339729109807854,0.002466744862400977,0.0013210310157317773,0.005303258640920072,0.0024667448624012267
U56,0.16,W,10,0.05,2.110527023747758,1.3178607432981282,2.614403629718082,True,0.008593495312652077,0.0027708842543599232,-0.0007648178762522662,0.0040259632162569225,0.002770884254361672
U56,0.16,W,10,0.08,1.9065486496974065,1.3178607432981282,2.614403629718082,True,0.026664245560915845,0.010959431513888701,0.0005229286026625646,0.01356425620970425,0.010959431513890505
U56,0.16,W,10,0.12,1.6254438932060258,1.3178607432981282,2.614403629718082,True,0.10811427790425054,0.0731988399371965,0.0014951175272452655,0.04853456470019468,0.07319883993719689
U56,0.16,W,10,0.16,1.4103936746449368,1.3178607432981282,2.614403629718082,True,0.13253694660421944,0.08257126321453317,-0.0022769703781086448,0.09869651500635879,0.0825712632145344
U56,0.16,W,10,0.2,1.4235656724681394,1.3178607432981282,2.614403629718082,True,0.12775521004491086,0.07455868641493474,0.0030101951203863053,0.08120381328383264,0.07455868641493463
U56,0.16,W,10,0.25,1.3242729462038159,1.3178607432981282,2.614403629718082,True,0.14342424574862322,0.0875779306933499,0.0038278462330672003,0.1193432846965976,0.08757793069335001
U56,0.16,W,25,0.01,2.5410290494285337,1.3178607432981282,2.614403629718082,True,0.003389756021577428,-3.86603784983397e-05,0.00040049211820900044,0.0013109504017094764,-3.86603784970907e-05
U56,0.16,W,25,0.02,2.426528139267905,1.3178607432981282,2.614403629718082,True,0.009863484104567721,0.0017189382937164988,0.0010563897745496098,0.0018337349119397217,0.001718938293716804
U56,0.16,W,25,0.03,2.3019176635349803,1.3178607432981282,2.614403629718082,True,0.015237878816050765,0.00211669756252042,0.0013308946799966137,0.005129546942461927,0.0021166975625215023
U56,0.16,W,25,0.05,2.110527023747758,1.3178607432981282,2.614403629718082,True,0.008008432272760713,0.001969423801238851,-0.0007943574664526221,0.003698719084015867,0.001969423801239767
U56,0.16,W,25,0.08,1.9065486496974065,1.3178607432981282,2.614403629718082,True,0.025763893489396006,0.01077041952685684,0.000484658417899797,0.013109480291556785,0.01077041952685659
U56,0.16,W,25,0.12,1.6254438932060258,1.3178607432981282,2.614403629718082,True,0.10550312332985179,0.07064695902574825,0.0014043902628622373,0.04699772904792954,0.07064695902574852
U56,0.16,W,25,0.16,1.4103936746449368,1.3178607432981282,2.614403629718082,True,0.12831058232447878,0.08012179095055766,-0.0025333846646261593,0.09667286307880296,0.0801217909505576
U56,0.16,W,25,0.2,1.4235656724681394,1.3178607432981282,2.614403629718082,True,0.12480856414271546,0.07403540889245458,0.0028629180611514926,0.0795321499144983,0.07403540889245469
U56,0.16,W,25,0.25,1.3242729462038159,1.3178607432981282,2.614403629718082,True,0.14033051269689167,0.08699134220552435,0.0036572796021499543,0.11731536383306018,0.08699134220552435
U56,0.16,W,50,0.01,2.5410290494285337,1.3178607432981282,2.614403629718082,True,0.003429571634734341,-0.00030652659491295364,0.0004076706161746102,0.001224353179361648,-0.000306526594912343
U56,0.16,W,50,0.02,2.426528139267905,1.3178607432981282,2.614403629718082,True,0.009738768081078542,0.0013442279740172314,0.0010388542699561742,0.0017818792895050173,0.001344227974018647
U56,0.16,W,50,0.03,2.3019176635349803,1.3178607432981282,2.614403629718082,True,0.015077378892725424,0.0015376582817718254,0.0013464396880511764,0.004846911050092828,0.0015376582817717144
U56,0.16,W,50,0.05,2.110527023747758,1.3178607432981282,2.614403629718082,True,0.007043549113286529,0.0006499136699622821,-0.0008437520269061194,0.0031578872823812,0.0006499136699602281
U56,0.16,W,50,0.08,1.9065486496974065,1.3178607432981282,2.614403629718082,True,0.024280190248904043,0.01033149940438624,0.0004212118999776804,0.012366620419029362,0.010331499404386213
U56,0.16,W,50,0.12,1.6254438932060258,1.3178607432981282,2.614403629718082,True,0.10117998794182004,0.06641658376254461,0.0012545466590617727,0.04445095201422844,0.06641658376254345
U56,0.16,W,50,0.16,1.4103936746449368,1.3178607432981282,2.614403629718082,True,0.12124626089607005,0.07605893452919976,-0.0029581321762015,0.09329268150420256,0.07605893452919826
U56,0.16,W,50,0.2,1.4235656724681394,1.3178607432981282,2.614403629718082,True,0.1199028162672211,0.0706991203814395,0.002618788678615369,0.07675097675163145,0.0706991203814401
U56,0.16,W,50,0.25,1.3242729462038159,1.3178607432981282,2.614403629718082,True,0.13516602796404964,0.08601484850568869,0.0033745422142038295,0.11393150038636324,0.08601484850568858
U56,0.2,M,0,0.01,1.4192161860950032,0.6801683286987678,1.47895940054395,True,0.005216669733930868,0.0011139130834473265,0.0005293493726117038,0.001681111899181964,0.0011139130834476318
U56,0.2,M,0,0.02,1.3563680005964531,0.6801683286987678,1.47895940054395,True,0.007964349102221435,0.0012290791934712886,0.0004188437910958853,0.0027129508030216964,0.0012290791934703726
U56,0.2,M,0,0.03,1.292457684984934,0.6801683286987678,1.47895940054395,True,0.012944272156754977,0.0024498881560833796,0.0007799746671197094,0.004776993437106913,0.0024498881560826857
U56,0.2,M,0,0.05,1.1726345276664873,0.6801683286987678,1.47895940054395,True,0.028920125207454905,0.00730039630534296,0.002283169304089061,0.012201026735262799,0.007300396305343876
U56,0.2,M,0,0.08,1.0509410473694107,0.6801683286987678,1.47895940054395,True,0.04894689946480679,0.022464087417531198,0.002581481341950159,0.021775143724505064,0.022464087417529754
U56,0.2,M,0,0.12,0.9603982265403749,0.6801683286987678,1.47895940054395,True,0.08858064723899539,0.04906286968375867,0.004579575985963924,0.03221077735940603,0.04906286968375839
U56,0.2,M,0,0.16,0.8509904037138081,0.6801683286987678,1.47895940054395,True,0.12864513297919267,0.07768287776094246,0.007332616311429702,0.05373140278460564,0.07768287776094268
U56,0.2,M,0,0.2,0.7462623231745644,0.6801683286987678,1.47895940054395,True,0.1480110787420792,0.08521034449200254,0.008191118088394789,0.07668727641974393,0.0852103444920041
U56,0.2,M,0,0.25,0.6200474094877773,0.6801683286987678,1.47895940054395,False,0.12323922007513466,0.07262259532185278,-0.008824504602203076,0.06954119887963062,0.072622595321853
U56,0.2,M,10,0.01,1.4192161860950032,0.6801683286987678,1.47895940054395,True,0.005296906633885268,0.0010859489670359546,0.0005414936142273397,0.0016864392129487538,0.0010859489670362321
U56,0.2,M,10,0.02,1.3563680005964531,0.6801683286987678,1.47895940054395,True,0.008034506020489829,0.0011823412353074991,0.00043506425972583695,0.002699210935705798,0.0011823412353095253
U56,0.2,M,10,0.03,1.292457684984934,0.6801683286987678,1.47895940054395,True,0.01298923762233084,0.0024167347257412486,0.0007928138506490268,0.004752442987978167,0.002416734725741637
U56,0.2,M,10,0.05,1.1726345276664873,0.6801683286987678,1.47895940054395,True,0.028946951949335498,0.007189474878724039,0.0022969328484485074,0.0121437652323646,0.007189474878723706
U56,0.2,M,10,0.08,1.0509410473694107,0.6801683286987678,1.47895940054395,True,0.04855157756514594,0.02216008088469873,0.0025492688606742475,0.021639504575599267,0.022160080884699146
U56,0.2,M,10,0.12,0.9603982265403749,0.6801683286987678,1.47895940054395,True,0.08840319233082017,0.04833008200953892,0.0046166878056781435,0.03192254644470993,0.04833008200953953
U56,0.2,M,10,0.16,0.8509904037138081,0.6801683286987678,1.47895940054395,True,0.1279069830337527,0.07658999886154788,0.007294659982076984,0.05330679424587692,0.07658999886154771
U56,0.2,M,10,0.2,0.7462623231745644,0.6801683286987678,1.47895940054395,True,0.1467038889551613,0.08445001501556759,0.008069071041339582,0.07621123203196745,0.08445001501556759
U56,0.2,M,10,0.25,0.6200474094877773,0.6801683286987678,1.47895940054395,False,0.12289758588302302,0.07233469599749498,-0.008740234846153827,0.06942878181344914,0.0723346959974952
U56,0.2,M,25,0.01,1.4192161860950032,0.6801683286987678,1.47895940054395,True,0.005417072040427406,0.001044012030752467,0.0005596262416073527,0.0016941897525939442,0.001044012030752356
U56,0.2,M,25,0.02,1.3563680005964531,0.6801683286987678,1.47895940054395,True,0.00813984026575798,0.001112243669040669,0.00045928129120870187,0.0026786028598517753,0.0011122436690409465
U56,0.2,M,25,0.03,1.292457684984934,0.6801683286987678,1.47895940054395,True,0.013056445071426781,0.002366770172808952,0.00081197838308536,0.004715463782613671,0.002366770172807925
U56,0.2,M,25,0.05,1.1726345276664873,0.6801683286987678,1.47895940054395,True,0.028987501854700337,0.007023691561644035,0.002317528734297858,0.01205885137154561,0.007023691561642703
U56,0.2,M,25,0.08,1.0509410473694107,0.6801683286987678,1.47895940054395,True,0.047959186572917645,0.02152531793241927,0.0025011163445134155,0.021437927330931972,0.021525317932419463
U56,0.2,M,25,0.12,0.9603982265403749,0.6801683286987678,1.47895940054395,True,0.08813985544504788,0.04723252076167789,0.004672295854548536,0.03149324959872457,0.0472325207616785
U56,0.2,M,25,0.16,0.8509904037138081,0.6801683286987678,1.47895940054395,True,0.12680250126427506,0.0749534852399577,0.007237961932688636,0.05267316648472664,0.07495348523995815
U56,0.2,M,25,0.2,0.7462623231745644,0.6801683286987678,1.47895940054395,True,0.14474156326484855,0.08331080045640343,0.007886405903872629,0.07549812984152071,0.08331080045640527
U56,0.2,M,25,0.25,0.6200474094877773,0.6801683286987678,1.47895940054395,False,0.12238244260786102,0.07190289032906039,-0.008613951628127392,0.06925931309693922,0.07190289032906105
U56,0.2,M,50,0.01,1.4192161860950032,0.6801683286987678,1.47895940054395,True,0.005616787234301146,0.0009741465136679228,0.0005896249614430749,0.0017064340376955478,0.0009741465136686445
U56,0.2,M,50,0.02,1.3563680005964531,0.6801683286987678,1.47895940054395,True,0.008315604504822494,0.0009954472915023882,0.0004993412307273404,0.0026442185959749676,0.0009954472915014168
U56,0.2,M,50,0.03,1.292457684984934,0.6801683286987678,1.47895940054395,True,0.013167740091020397,0.002282884225589532,0.0008436691459931256,0.0046533374847026465,0.0022828842255913917
U56,0.2,M,50,0.05,1.1726345276664873,0.6801683286987678,1.47895940054395,True,0.029055711472414147,0.006748979430347579,0.0023517238422097464,0.011919755021793321,0.006748979430344831
U56,0.2,M,50,0.08,1.0509410473694107,0.6801683286987678,1.47895940054395,True,0.046973363712648375,0.02047089838568661,0.0024213044221899627,0.021106764348259643,0.02047089838568525
U56,0.2,M,50,0.12,0.9603982265403749,0.6801683286987678,1.47895940054395,True,0.08770833761266905,0.04540756739746776,0.004764817225870077,0.030785660652540958,0.045407567397466764
U56,0.2,M,50,0.16,0.8509904037138081,0.6801683286987678,1.47895940054395,True,0.12496882910977813,0.07223342711468034,0.007144094517658017,0.05162562482985611,0.07223342711468012
U56,0.2,M,50,0.2,0.7462623231745644,0.6801683286987678,1.47895940054395,True,0.14146714775964297,0.08141551780012013,0.007583043740611223,0.07431213593388097,0.08141551780012057
U56,0.2,M,50,0.25,0.6200474094877773,0.6801683286987678,1.47895940054395,False,0.12151670212058296,0.07118332972994057,-0.008403802743405242,0.06897455076437109,0.07118332972994001
U56,0.2,W,0,0.01,1.9005864934772387,1.2343915616646333,1.944597126191428,True,0.0028704457192467725,0.0005414188374646134,0.00031008336308746554,0.0009027605182683196,0.0005414188374641971
U56,0.2,W,0,0.02,1.847069961654779,1.2343915616646333,1.944597126191428,True,0.00353981577537521,0.0007459226209062253,-0.00013452155186913228,0.0011184401587445159,0.0007459226209061698
U56,0.2,W,0,0.03,1.7844591210673424,1.2343915616646333,1.944597126191428,True,0.008445248366814928,0.001744217857857333,0.00039982634050922394,0.00244650642125821,0.0017442178578558065
U56,0.2,W,0,0.05,1.6771557817452643,1.2343915616646333,1.944597126191428,True,0.017629709519146886,0.004345802098771945,0.0004674330726869014,0.006042241240100887,0.004345802098773388
U56,0.2,W,0,0.08,1.569420013790737,1.2343915616646333,1.944597126191428,True,0.02164049643896937,0.00138156650247101,0.0018774146511522927,0.012776210617955419,0.0013815665024735635
U56,0.2,W,0,0.12,1.4920248038337982,1.2343915616646333,1.944597126191428,True,0.11551753212855997,0.06931403276330828,0.005174520763196189,0.04467435097650396,0.06931403276330811
U56,0.2,W,0,0.16,1.3773055201142161,1.2343915616646333,1.944597126191428,True,0.14829025766414894,0.08317519406914853,0.010363212857603693,0.07771618445432815,0.08317519406914836
U56,0.2,W,0,0.2,1.204113939181142,1.2343915616646333,1.944597126191428,False,0.17367785519141732,0.09634180930853398,0.010534599730522398,0.10541079488659522,0.09634180930853464
U56,0.2,W,0,0.25,1.0856019561392996,1.2343915616646333,1.944597126191428,False,0.12713700467691536,0.07308906818894112,-0.011760828065836337,0.07235197003667504,0.07308906818894123
U56,0.2,W,10,0.01,1.9005864934772387,1.2343915616646333,1.944597126191428,True,0.0029089648984843564,0.0005286225589188343,0.0003157695272462957,0.0009030646501506645,0.000528622558917613
U56,0.2,W,10,0.02,1.847069961654779,1.2343915616646333,1.944597126191428,True,0.003588443919789075,0.0007138417495891614,-0.0001195620674006026,0.001088386792744922,0.0007138417495902161
U56,0.2,W,10,0.03,1.7844591210673424,1.2343915616646333,1.944597126191428,True,0.008386429347546409,0.0017134373906836364,0.00039768829198782996,0.0023972887547072386,0.001713437390682998
U56,0.2,W,10,0.05,1.6771557817452643,1.2343915616646333,1.944597126191428,True,0.017482595736169282,0.004283922923392275,0.0004645304958324492,0.005914468911895732,0.004283922923393052
U56,0.2,W,10,0.08,1.569420013790737,1.2343915616646333,1.944597126191428,True,0.02118055831736876,0.0011732028556811214,0.0018144737660718557,0.012692425530898443,0.0011732028556816765
U56,0.2,W,10,0.12,1.4920248038337982,1.2343915616646333,1.944597126191428,True,0.11481428735749488,0.0678026247572957,0.00520885167929408,0.04403383308817821,0.06780262475729543
U56,0.2,W,10,0.16,1.3773055201142161,1.2343915616646333,1.944597126191428,True,0.1467391308826369,0.08171974151920841,0.010241942534576054,0.07689494669768915,0.0817197415192093
U56,0.2,W,10,0.2,1.204113939181142,1.2343915616646333,1.944597126191428,False,0.1721951553145311,0.0952785268301023,0.010449907459663121,0.104688947054427,0.09527852683010163
U56,0.2,W,10,0.25,1.0856019561392996,1.2343915616646333,1.944597126191428,False,0.12663309423733082,0.07283126586271571,-0.011542909126894818,0.07224299593610484,0.07283126586271516
U56,0.2,W,25,0.01,1.9005864934772387,1.2343915616646333,1.944597126191428,True,0.002966437630609553,0.000509331416821357,0.00032423406080273054,0.000903243016825872,0.0005093314168223007
U56,0.2,W,25,0.02,1.847069961654779,1.2343915616646333,1.944597126191428,True,0.0036611029270960938,0.0006656290275389165,-9.727100021086899e-05,0.0010433018259132787,0.0006656290275383892
U56,0.2,W,25,0.03,1.7844591210673424,1.2343915616646333,1.944597126191428,True,0.008297616311228717,0.0016669587051345025,0.0003944370958243737,0.0023233809212563905,0.001666958705134558
U56,0.2,W,25,0.05,1.6771557817452643,1.2343915616646333,1.944597126191428,True,0.01726143913622824,0.00419105624038002,0.00046015687630435176,0.00572408397261559,0.004191056240379409
U56,0.2,W,25,0.08,1.569420013790737,1.2343915616646333,1.944597126191428,True,0.020490844982085532,0.0008623267229597997,0.0017204477104268145,0.012568402871515172,0.0008623267229602993
U56,0.2,W,25,0.12,1.4920248038337982,1.2343915616646333,1.944597126191428,True,0.11376370232725819,0.06554196407331064,0.005260260619645213,0.04307681544998787,0.06554196407331053
U56,0.2,W,25,0.16,1.3773055201142161,1.2343915616646333,1.944597126191428,True,0.14441127858428882,0.07954239056329526,0.010060687292740123,0.07566445408495182,0.07954239056329576
U56,0.2,W,25,0.2,1.204113939181142,1.2343915616646333,1.944597126191428,False,0.1699691757549533,0.09368685273263655,0.010323299869344993,0.10360676753267972,0.09368685273263744
U56,0.2,W,25,0.25,1.0856019561392996,1.2343915616646333,1.944597126191428,False,0.12587415246077716,0.0724447249704595,-0.011216905602461358,0.0720781130595376,0.07244472497045962
U56,0.2,W,50,0.01,1.9005864934772387,1.2343915616646333,1.944597126191428,True,0.003061380108956513,0.0004769284858779921,0.00033817015710954634,0.0009027841869531095,0.00047692848587752024
U56,0.2,W,50,0.02,1.847069961654779,1.2343915616646333,1.944597126191428,True,0.003781433455924521,0.0005850416672472658,-6.051193182765591e-05,0.0009681369539911167,0.0005850416672462944
U56,0.2,W,50,0.03,1.7844591210673424,1.2343915616646333,1.944597126191428,True,0.008148014816397486,0.00158869155794078,0.0003889020961203582,0.00219991543662279,0.0015886915579415017
U56,0.2,W,50,0.05,1.6771557817452643,1.2343915616646333,1.944597126191428,True,0.016891425304790042,0.004036164309057622,0.0004528157066589489,0.005410030457433601,0.004036164309057039
U56,0.2,W,50,0.08,1.569420013790737,1.2343915616646333,1.944597126191428,True,0.01934173633262737,0.00034862983090805377,0.0015647611669462047,0.012365874407341382,0.00034862983090794275
U56,0.2,W,50,0.12,1.4920248038337982,1.2343915616646333,1.944597126191428,True,0.11202374098537926,0.0617913431737534,0.005345709339995897,0.041491359024192986,0.06179134317375362
U56,0.2,W,50,0.16,1.3773055201142161,1.2343915616646333,1.944597126191428,True,0.14052869022799253,0.07592896564079482,0.009760323710681057,0.07361719880770212,0.07592896564079654
U56,0.2,W,50,0.2,1.204113939181142,1.2343915616646333,1.944597126191428,False,0.16625436223948342,0.09104270816618032,0.010113432847086212,0.10180474336581535,0.09104270816617921
U56,0.2,W,50,0.25,1.0856019561392996,1.2343915616646333,1.944597126191428,False,0.12460112629552822,0.07180092359613177,-0.010675892969580714,0.07179942786958948,0.07180092359613177
