corpus,cell,unit,panel,cost,point,shift,off,is_phase0,turnover,CAGR,Sharpe,MaxDD,H1,H2,IS_Sharpe,OOS_Sharpe,OOS_CAGR,OOS_MaxDD,fail4a,fail4b
A,SMALL,SMALL439,SMALL,10.0,D,0,0,True,43.946290161618755,0.0342410395720405,0.28700241253936554,-0.40325062286791646,0.48099306022716704,0.12597755310984,0.30422694577496867,0.2779681364620111,0.033437791887521495,-0.403250622867919,"H1,H2,DD","H1,H2,OOS,DD,CAGR"
A,SMALL,SMALL439,SMALL,10.0,2D,0,0,True,30.976932076695153,0.06591160739144386,0.46789500296898423,-0.32925228797401485,0.6551757444757778,0.3128322697189312,0.456057887980921,0.47534536494767565,0.06937593121397656,-0.32925228797401573,"H1,H2","H1,H2,OOS,DD,CAGR"
A,SMALL,SMALL439,SMALL,10.0,2D,1,0,False,31.262227703261654,0.05398108069664631,0.399914254795666,-0.31644844395962024,0.5438101534262288,0.28124414693921196,0.39511370209512076,0.4032962957833641,0.056150582481685474,-0.3164484439596231,"H1,H2","H1,H2,OOS,DD,CAGR"
A,SMALL,SMALL439,SMALL,10.0,W,0,0,True,20.19590102343125,0.0655831265149307,0.462864671151153,-0.27432604586461007,0.6033916370675825,0.3477129033976654,0.42025439160371103,0.487330838507868,0.07232854473169592,-0.2743260458646113,"H1,H2","H1,H2,OOS,DD,CAGR"
A,SMALL,SMALL439,SMALL,10.0,W,0,1,False,20.50335228877175,0.060828355495331055,0.4366711154022024,-0.2927551480815458,0.5482213761691533,0.3449007230018794,0.38933010375466276,0.4637376647226749,0.06772767141331393,-0.29275514808154635,"H1,H2","H1,H2,OOS,DD,CAGR"
A,SMALL,SMALL439,SMALL,10.0,W,0,2,False,20.28510301240743,0.06889991016401442,0.47681898011793084,-0.2946197060647111,0.616937312082652,0.36470225146832835,0.4865332975451462,0.4728923331270706,0.07074449576934794,-0.2946197060647111,"H1,H2","H1,H2,OOS,DD,CAGR"
A,SMALL,SMALL439,SMALL,10.0,W,0,3,False,20.26132259258812,0.08764729568267593,0.5769886366143945,-0.2748916986972968,0.705483192255641,0.4752808222763525,0.565067615605395,0.5849377681056942,0.09253896133556982,-0.2748916986972968,H1,"H1,H2,OOS,DD,CAGR"
A,SMALL,SMALL439,SMALL,10.0,W,0,4,False,20.349106673617115,0.06605775748907394,0.46215829897803423,-0.2901305959355346,0.6418458973328444,0.3180256521061586,0.47690738879146805,0.4554252013019593,0.06721630577402538,-0.2901305959355349,"H1,H2","H1,H2,OOS,DD,CAGR"
A,SMALL,SMALL439,SMALL,10.0,2W,0,0,True,14.435473037074674,0.08194874408823005,0.549032884124979,-0.27270159186759435,0.6752144350757507,0.4469540487688705,0.4978266017179058,0.5784234462723639,0.09047091797752294,-0.27270159186759413,H1,"H1,H2,OOS,DD,CAGR"
A,SMALL,SMALL439,SMALL,10.0,2W,0,1,False,14.554865976360876,0.0648962682090346,0.4539968459071035,-0.2885957472158429,0.6259701917892523,0.31330876218513454,0.4758397518447706,0.4428238566041858,0.06483527289593294,-0.288595747215844,"H1,H2","H1,H2,OOS,DD,CAGR"
A,SMALL,SMALL439,SMALL,10.0,2W,0,2,False,14.47567370405639,0.08812229277953842,0.5763029807496438,-0.3309834573328303,0.6204275831695097,0.5441633753535878,0.5104303973368315,0.6137336794361467,0.09882441379217322,-0.3309834573328322,H1,"H1,H2,OOS,DD,CAGR"
A,SMALL,SMALL439,SMALL,10.0,2W,0,3,False,14.452191288969347,0.09859216419692496,0.630424550059472,-0.29837935433721985,0.6611408625855181,0.6117287489142292,0.5927003319249543,0.6527784329240753,0.10755075140535042,-0.29837935433722007,H1,"H1,H2,OOS,DD,CAGR"
A,SMALL,SMALL439,SMALL,10.0,2W,0,4,False,14.48898252304402,0.08113194705657922,0.5409559745975602,-0.2871431601146427,0.7054931179688902,0.41270837661246884,0.5391304873358629,0.5438579488403834,0.08525419088922082,-0.28714316011464314,H1,"H1,H2,OOS,DD,CAGR"
A,SMALL,SMALL439,SMALL,10.0,2W,1,0,False,14.435113850746182,0.07117584707220304,0.4866990400034244,-0.33377382165350655,0.6771447789156438,0.33520310668672776,0.5665218607435305,0.4454791941029438,0.06610407545137664,-0.3337738216535061,"H1,H2","H1,H2,OOS,DD,CAGR"
A,SMALL,SMALL439,SMALL,10.0,2W,1,1,False,14.421911716224615,0.07133456843386043,0.4878653675374308,-0.32996857630408105,0.6716591085376081,0.3424912383489083,0.5771378010623968,0.4420835958842012,0.06551214495451707,-0.3299685763040797,"H1,H2","H1,H2,OOS,DD,CAGR"
A,SMALL,SMALL439,SMALL,10.0,2W,1,2,False,14.377333972736858,0.06834689911061242,0.4705827760605966,-0.34702396937046476,0.7744071736780924,0.22785044140793084,0.6604276868600049,0.37129550006443046,0.05210438640223347,-0.3470239693704644,H2,"H1,H2,OOS,DD,CAGR"
A,SMALL,SMALL439,SMALL,10.0,2W,1,3,False,14.391532338321296,0.07845387561235317,0.5244883289171173,-0.28214011261648386,0.7480683793365533,0.34275703030991167,0.5938470645352263,0.48766083159027124,0.07410453562664898,-0.28214011261648386,H2,"H1,H2,OOS,DD,CAGR"
A,SMALL,SMALL439,SMALL,10.0,2W,1,4,False,14.562879216872531,0.06577460748545794,0.45800044737850476,-0.3020872992919429,0.6975551385442997,0.2646424003485921,0.5885310859823266,0.38847060022754043,0.0549534618522769,-0.302087299291943,"H1,H2","H1,H2,OOS,DD,CAGR"
A,SMALL,SMALL439,SMALL,10.0,M,0,0,True,9.571408459153368,0.06700673790204292,0.4607465497993623,-0.3590518891955006,0.6320033705903705,0.322568685908366,0.57275340014839,0.4009663492056499,0.057846367375299135,-0.359051889195501,"H1,H2","H1,H2,OOS,DD,CAGR"
A,SMALL,SMALL439,SMALL,10.0,M,0,1,False,9.700008065531517,0.06750717270089757,0.46282834130965356,-0.3463504641477143,0.6773221696739531,0.2900484663847876,0.6111333922854572,0.3838706211798837,0.054718510724076186,-0.3463504641477142,"H1,H2","H1,H2,OOS,DD,CAGR"
A,SMALL,SMALL439,SMALL,10.0,M,0,2,False,9.653619553302866,0.07857444434404814,0.5203199976612866,-0.38071517956494005,0.7259617111942204,0.35652830787853745,0.6898787547661915,0.43095344528733853,0.06419088624203484,-0.3807151795649404,"H1,H2,DD","H1,H2,OOS,DD,CAGR"
A,SMALL,SMALL439,SMALL,10.0,M,0,3,False,9.687666215154348,0.07665993554769357,0.511148656921668,-0.39562728798227775,0.7799433900983685,0.293546873973462,0.7011112803132816,0.40978993175363465,0.05981704093862694,-0.3956272879822781,"H2,DD","H1,H2,OOS,DD,CAGR"
A,SMALL,SMALL439,SMALL,10.0,M,0,4,False,9.697523750616012,0.08756174544428341,0.5699964822474832,-0.3548439786498834,0.8253072997475801,0.36664422906619976,0.6771249166555987,0.5140444233407006,0.08011901293578227,-0.3548439786498824,H2,"H1,H2,OOS,DD,CAGR"
A,SMALL,SMALL439,SMALL,10.0,6W,0,0,True,7.77085536766646,0.08022495197780555,0.5274966702627722,-0.3949571667566296,0.8251626909324141,0.29438705754115346,0.7609303193189481,0.4059905153747035,0.05969191590663092,-0.3949571667566285,"H2,DD","H1,H2,OOS,DD,CAGR"
A,SMALL,SMALL439,SMALL,10.0,6W,0,1,False,7.81688138763885,0.0795984094200326,0.522089947258515,-0.40862418359959674,0.9229224491986155,0.2039504010837209,0.8155409462605967,0.36728617978663564,0.052240008217001144,-0.4086241835995966,"H2,DD","H2,OOS,DD,CAGR"
A,SMALL,SMALL439,SMALL,10.0,6W,0,2,False,7.903182600095946,0.10205978239894997,0.6377384333095177,-0.360735525171863,0.9617154038117393,0.3812611536480431,0.8293427598528733,0.5382354275874912,0.08646071250984422,-0.36073552517186314,H2,"H2,OOS,DD"
A,SMALL,SMALL439,SMALL,10.0,6W,0,3,False,7.953043142538146,0.08126170839871927,0.5315675373837339,-0.40211951881620256,0.8812511648036094,0.2552455600304279,0.7568286947272757,0.4147705155640275,0.06163368035268424,-0.40211951881620167,"H2,DD","H1,H2,OOS,DD,CAGR"
A,SMALL,SMALL439,SMALL,10.0,6W,0,4,False,7.958807779321634,0.056206962336086574,0.39939869380462245,-0.39825556462635703,0.7323598002241813,0.1280854236381405,0.5536466473694506,0.31748625386181767,0.04231369981675681,-0.3982555646263579,"H1,H2,DD","H1,H2,OOS,DD,CAGR"
A,SMALL,SMALL439,SMALL,10.0,6W,1,0,False,7.855195242817708,0.05207407959518617,0.3757740831173925,-0.35880647446740443,0.755801942222189,0.06791219446312478,0.6065261050397265,0.25248687237362255,0.029971782775319866,-0.35880647446740455,H2,"H1,H2,OOS,DD,CAGR"
A,SMALL,SMALL439,SMALL,10.0,6W,1,1,False,7.925949453607138,0.05279216408504683,0.3812253456330132,-0.35786707795392636,0.6620326276297489,0.15685797521034753,0.5156110853708722,0.3102237795783018,0.04091383939981008,-0.35786707795392547,"H1,H2","H1,H2,OOS,DD,CAGR"
A,SMALL,SMALL439,SMALL,10.0,6W,1,2,False,7.9345870618985535,0.04860675584150553,0.35806337600635996,-0.38782125526601396,0.7278819680273905,0.05505929990384964,0.5849160596081088,0.23465503258926337,0.026484068308216147,-0.3878212552660124,"H1,H2,DD","H1,H2,OOS,DD,CAGR"
A,SMALL,SMALL439,SMALL,10.0,6W,1,3,False,7.922977541719979,0.05647276019175296,0.3991234323781922,-0.37428127221659113,0.7255291881273457,0.13314699677797528,0.5632176181140517,0.30970577973756175,0.040847186740797126,-0.37428127221659135,"H1,H2,DD","H1,H2,OOS,DD,CAGR"
A,SMALL,SMALL439,SMALL,10.0,6W,1,4,False,7.952459748183145,0.055631908093178195,0.3962080178405788,-0.3661539398362136,0.6117640094805011,0.2214240502299569,0.46341114567471847,0.3600214196528877,0.05030417809843146,-0.3661539398362129,"H1,H2,DD","H1,H2,OOS,DD,CAGR"
A,SMALL,SMALL439,SMALL,10.0,6W,2,0,False,7.865774177121334,0.06318211674813612,0.44037416929794737,-0.4239234091293864,0.6860404972069053,0.23596988677671749,0.5405658992209282,0.38542896871028076,0.05456122652585438,-0.42392340912938586,"H1,H2,DD","H1,H2,OOS,DD,CAGR"
A,SMALL,SMALL439,SMALL,10.0,6W,2,1,False,7.972613205881493,0.049817425251506675,0.36695882371278093,-0.39699289120821346,0.5900333813687254,0.18345545332071628,0.5070629250341601,0.2909233680053756,0.03691230560855252,-0.39699289120821313,"H1,H2,DD","H1,H2,OOS,DD,CAGR"
A,SMALL,SMALL439,SMALL,10.0,6W,2,2,False,7.89358457049534,0.05096864431506365,0.3701590465105308,-0.39268261887718936,0.5518482006203959,0.22602816568555262,0.42705347950477873,0.34066119381354676,0.04695973295324474,-0.39268261887718814,"H1,H2,DD","H1,H2,OOS,DD,CAGR"
A,SMALL,SMALL439,SMALL,10.0,6W,2,3,False,7.938498778064144,0.05987364433825193,0.4184576684694264,-0.38984748037183314,0.619738919736451,0.2603292793101293,0.5939678646192479,0.3260822540666779,0.04414002183389121,-0.38984748037183414,"H1,H2,DD","H1,H2,OOS,DD,CAGR"
A,SMALL,SMALL439,SMALL,10.0,6W,2,4,False,7.7975905036443285,0.0582762216490702,0.40944090276496364,-0.3879605625730017,0.6784454292440999,0.2014459148793656,0.6077626644337388,0.3076062926937893,0.040775435162987206,-0.3879605625730035,"H1,H2,DD","H1,H2,OOS,DD,CAGR"
A,SMALL,SMALL439,SMALL,10.0,6W,3,0,False,7.820912453670647,0.07027187225286635,0.4726647731470291,-0.3638078801570769,0.6857664235558673,0.30681129947805885,0.6326810189214398,0.38908039283772533,0.05659466818683434,-0.3638078801570762,"H1,H2,DD","H1,H2,OOS,DD,CAGR"
A,SMALL,SMALL439,SMALL,10.0,6W,3,1,False,7.978424569056314,0.06500874735596751,0.44749574190981906,-0.3221008236230489,0.6370900614344791,0.29770652928747954,0.6268744671274832,0.35324125783743543,0.04921796728607397,-0.3221008236230495,"H1,H2","H1,H2,OOS,DD,CAGR"
A,SMALL,SMALL439,SMALL,10.0,6W,3,2,False,7.91888018407721,0.06908920568399202,0.4694289299304575,-0.3468388571721598,0.6919388623615536,0.29435410140349133,0.6348343116088108,0.38337986837770316,0.05511378475036577,-0.346838857172159,"H1,H2","H1,H2,OOS,DD,CAGR"
A,SMALL,SMALL439,SMALL,10.0,6W,3,3,False,7.941671032051258,0.08099985716830349,0.53203295144021,-0.3357519337424365,0.6695576256098262,0.4261886759182506,0.5783803691683008,0.5091873146922844,0.07992532903067628,-0.33575193374243784,H1,"H1,H2,OOS,DD,CAGR"
A,SMALL,SMALL439,SMALL,10.0,6W,3,4,False,7.85816471289915,0.07150478205348687,0.48246359648914366,-0.33992425027967677,0.6544473200970916,0.3468007117043861,0.5727406944826546,0.4356058221003074,0.0651522516336478,-0.3399242502796771,"H1,H2","H1,H2,OOS,DD,CAGR"
A,SMALL,SMALL439,SMALL,10.0,6W,4,0,False,7.803629696761074,0.08958982271753357,0.5800848406415521,-0.3365431944431805,0.667748775868316,0.5142604301282817,0.6093099261362274,0.566463678743869,0.09080325375655862,-0.3365431944431815,H1,"H1,H2,OOS,DD,CAGR"
A,SMALL,SMALL439,SMALL,10.0,6W,4,1,False,7.847620431616423,0.07995863141234794,0.5254754866648568,-0.36420741742264395,0.6148225334651184,0.45818867402485314,0.5118118348703564,0.5345566450070629,0.08511607278053313,-0.3642074174226436,"H1,DD","H1,H2,OOS,DD,CAGR"
A,SMALL,SMALL439,SMALL,10.0,6W,4,2,False,7.9370273634966315,0.10348448617342454,0.6510474911647589,-0.3416276208169684,0.7736307424916792,0.5578030828707388,0.696120663045998,0.6292807309507912,0.1038077240642925,-0.34162762081696985,-,"H1,H2,OOS,DD"
A,SMALL,SMALL439,SMALL,10.0,6W,4,3,False,7.945429200078724,0.10231003024572605,0.6452354978555745,-0.35893556058193643,0.8093191878332935,0.5188952581606988,0.8113812454229641,0.559826677334119,0.08994121507871489,-0.3589355605819369,-,"H1,H2,OOS,DD"
A,SMALL,SMALL439,SMALL,10.0,6W,4,4,False,7.94988423531102,0.09371242097535815,0.6070258267749706,-0.3312395707672343,0.8500409101859511,0.4134098134821625,0.754879865063395,0.5296179828059575,0.08252889411794562,-0.3312395707672333,-,"H1,H2,OOS,DD,CAGR"
A,SMALL,SMALL439,SMALL,10.0,6W,5,0,False,7.941740128854629,0.09347391354975665,0.6010435235337692,-0.35513826429343776,0.8101883680581938,0.43315305145410143,0.7482292032222754,0.5228011248260893,0.08169955031794318,-0.35513826429343864,-,"H1,H2,OOS,DD,CAGR"
A,SMALL,SMALL439,SMALL,10.0,6W,5,1,False,7.967701679663965,0.10808324992145679,0.6763501399723857,-0.3747054312915171,0.9369858062773839,0.46980231056352983,0.9617798136889052,0.5253290998681764,0.08256537905761308,-0.3747054312915167,DD,"H2,OOS,DD"
A,SMALL,SMALL439,SMALL,10.0,6W,5,2,False,7.923740031878042,0.09797489992896535,0.6273384112333467,-0.3512904982828574,0.8942585229432634,0.41664175455139685,0.9214717084670205,0.4731460145004865,0.0719846105170332,-0.3512904982828585,-,"H2,OOS,DD,CAGR"
A,SMALL,SMALL439,SMALL,10.0,6W,5,3,False,7.992771259151158,0.0996127078688378,0.6282824180197277,-0.32813853736085175,0.8097042015268717,0.4882968168936893,0.7130662724054794,0.5850931840690183,0.09529134370917158,-0.32813853736085197,-,"H1,H2,OOS,DD"
A,SMALL,SMALL439,SMALL,10.0,6W,5,4,False,7.969907809632308,0.07290432718718876,0.4883538958703852,-0.38527618332061664,0.7521187980358666,0.28348732636176244,0.7433335476372803,0.35624244917340536,0.05007315135907775,-0.3852761833206163,"H2,DD","H1,H2,OOS,DD,CAGR"
A,SMALL,SMALL439,SMALL,10.0,Q,0,0,True,4.507268275952352,0.02577186084474614,0.23169675510057428,-0.4275364065025604,0.4189313108802647,0.08652491727343044,0.3923518456674942,0.1492797372070398,0.01021706365491748,-0.427536406502561,"H1,H2,DD","H1,H2,OOS,DD,CAGR"
A,SMALL,SMALL439,SMALL,10.0,Q,0,1,False,4.577134484239118,0.024933789070773704,0.22776131100890593,-0.40936640230932486,0.4044349072209607,0.09025507067576266,0.4562960055241584,0.10833526729274486,0.002579947736627286,-0.4093664023093244,"H1,H2,DD","H1,H2,OOS,DD,CAGR"
A,SMALL,SMALL439,SMALL,10.0,Q,0,2,False,4.63297818347535,0.03458945884766362,0.2800158914633912,-0.41518176465565604,0.576942232418478,0.046936614767377885,0.6303926707779168,0.09877968611877903,0.0006546397172177976,-0.41518176465565515,"H1,H2,DD","H1,H2,OOS,DD,CAGR"
A,SMALL,SMALL439,SMALL,10.0,Q,0,3,False,4.54074480233869,0.04112652232829905,0.31423208414126674,-0.4239062431204683,0.6292563627395913,0.061822360996193725,0.5709466734919586,0.18117492320095716,0.01640557917444485,-0.4239062431204692,"H1,H2,DD","H1,H2,OOS,DD,CAGR"
A,SMALL,SMALL439,SMALL,10.0,Q,0,4,False,4.61081918409176,0.042432213985177825,0.3222012575240616,-0.4102008710137589,0.6457581040008176,0.05900236085561483,0.5777357717477226,0.18811738912054948,0.017762572565075407,-0.41020087101375835,"H1,H2,DD","H1,H2,OOS,DD,CAGR"
A,U56,U56,U56,10.0,D,0,0,True,22.33693149055698,0.11074754794617703,0.9899892545909398,-0.1611267021052033,0.9455881826630351,1.0327328762413783,0.8492431491436419,1.0975125340387923,0.12938168405598338,-0.16112670210520363,DD,H1
A,U56,U56,U56,10.0,2D,0,0,True,15.13093103169893,0.12006445019937573,1.0556506102137952,-0.17502808956098592,1.0447540530052029,1.0703444939429076,0.96238112990594,1.1271426189838931,0.13553034208826387,-0.17502808956098603,DD,-
A,U56,U56,U56,10.0,2D,1,0,False,15.200137903323053,0.12158479935690059,1.0707936282400121,-0.14140878855937533,1.0202317620487746,1.1192001146864683,0.9150149905534103,1.190079023813654,0.14228119529405947,-0.14140878855937522,DD,-
A,U56,U56,U56,10.0,W,0,0,True,9.451966076017927,0.1285810585333893,1.107524106116132,-0.18207063572861182,1.1098606510003914,1.1116812389018036,1.0163842999145696,1.17749120356185,0.14486778681551393,-0.18207063572861204,DD,-
A,U56,U56,U56,10.0,W,0,1,False,9.387167126049874,0.12905737981233378,1.1125855564399156,-0.18238511023822968,1.0938772262994114,1.1336873891957897,1.0245786553316287,1.1805188381679343,0.14405616967210855,-0.1823851102382298,DD,-
A,U56,U56,U56,10.0,W,0,2,False,9.30076661341984,0.133584938560652,1.1455806525290215,-0.14317643561182658,1.0723685105075704,1.2142753276211824,0.9913635769439132,1.263037813246315,0.15574577173449566,-0.13673407980624575,DD,-
A,U56,U56,U56,10.0,W,0,3,False,9.068684112016765,0.13519983379867417,1.1551467848481207,-0.1732624949551429,1.1609113333420322,1.1570207924358957,1.043080365416176,1.2404968925969246,0.1544146349970723,-0.1732624949551429,DD,-
A,U56,U56,U56,10.0,W,0,4,False,9.329083911414745,0.12046823304655518,1.0537148481392347,-0.15977306850158024,1.0410999482732317,1.0692043299133687,0.9353940303804911,1.144114133096464,0.1380206477009469,-0.15977306850158035,DD,-
A,U56,U56,U56,10.0,2W,0,0,True,6.484629597998986,0.13234721481088152,1.1000800115115232,-0.21382602746639534,1.0275623742556155,1.1684765737535248,0.9221061865998754,1.2327726746816883,0.15917631843401825,-0.2138260274663949,DD,DD
A,U56,U56,U56,10.0,2W,0,1,False,6.471082812295674,0.13163337607191683,1.0932647418696138,-0.19610683871965073,1.1171734044643444,1.0810730463422764,1.0270785680326444,1.1450545584580434,0.1469595623129225,-0.19610683871965084,DD,-
A,U56,U56,U56,10.0,2W,0,2,False,6.350118063348881,0.13412935396386239,1.113074425768907,-0.1926066955319643,1.122976666775108,1.1140320107602462,1.0252012407123643,1.1805888236615354,0.15275181798467474,-0.1926066955319642,DD,-
A,U56,U56,U56,10.0,2W,0,3,False,6.198323127228033,0.13539440884340959,1.1418082497596103,-0.19165304312636366,1.1437612759333993,1.1488016403840706,1.0393893082694556,1.2198154522913296,0.15509255998039273,-0.19165304312636344,DD,-
A,U56,U56,U56,10.0,2W,0,4,False,6.410284611005767,0.12420735418498241,1.048613048429865,-0.2013605564228227,1.1047261753900794,1.010253172559638,0.9979055547854305,1.0893612697082713,0.13792908038774732,-0.2013605564228227,DD,-
A,U56,U56,U56,10.0,2W,1,0,False,6.475175923294965,0.12943707659217507,1.1092599918516755,-0.1662383043930562,1.1331822289165019,1.0944015657536683,1.0225711701530866,1.176007089911437,0.14513767570208191,-0.1662383043930562,DD,-
A,U56,U56,U56,10.0,2W,1,1,False,6.363525166192238,0.13352712477976958,1.1385366765907527,-0.18397648735323424,1.0996520910052487,1.1771210207584903,1.0221404641093443,1.2279028171312412,0.15157764645785754,-0.18397648735323413,DD,-
A,U56,U56,U56,10.0,2W,1,2,False,6.422579608245439,0.13759490975026156,1.161664947481973,-0.1404454500069433,1.1217225903878227,1.2009790173591985,1.0396780158196217,1.2558000898519752,0.15591521430456035,-0.14044545000694297,DD,-
A,U56,U56,U56,10.0,2W,1,3,False,6.284419084701314,0.13455553936869746,1.120014015384782,-0.18957673531527564,1.119471270260996,1.1275061527595105,1.0158962260873814,1.1993888313659313,0.15338272511975504,-0.1895767353152754,DD,-
A,U56,U56,U56,10.0,2W,1,4,False,6.416810338445132,0.133515104256831,1.1355444949467506,-0.17076066489384145,1.1062695510696199,1.165962620024997,1.006270555127301,1.2342821116845903,0.15327642602559144,-0.1707606648938409,DD,-
A,U56,U56,U56,10.0,M,0,0,True,4.276820413281573,0.14760598013658122,1.2081323609579748,-0.19576936646959642,1.218523056007826,1.2064418707809366,1.10564811381711,1.28664832783805,0.1671339581774811,-0.19576936646959642,DD,-
A,U56,U56,U56,10.0,M,0,1,False,4.280679589905278,0.14733573405848488,1.1929077292248464,-0.20686135276126527,1.1540820605917197,1.2334705453099801,1.0394876300628892,1.3082163574782457,0.17300532721582518,-0.2068613527612655,DD,DD
A,U56,U56,U56,10.0,M,0,2,False,4.252134629024187,0.14178071725909525,1.1431668339724903,-0.2110227680114376,1.0982430479848975,1.190403153174252,0.9868577995383561,1.2589904256218325,0.16934041319326765,-0.2110227680114376,DD,DD
A,U56,U56,U56,10.0,M,0,3,False,4.2971729582298215,0.13653019025215052,1.0993214840492314,-0.21536345884619434,1.091195509647026,1.1171642739077503,0.9803495533369108,1.188577371055747,0.16028302945012385,-0.2153634588461939,DD,DD
A,U56,U56,U56,10.0,M,0,4,False,4.2465886962980495,0.13439644040929277,1.086710251041888,-0.2141711440541041,1.090905297628288,1.095153162668669,0.9734963157523115,1.1718693066431873,0.1578461404024718,-0.2141711440541043,DD,DD
A,U56,U56,U56,10.0,6W,0,0,True,3.60130096775142,0.15499325102972739,1.2251619826296787,-0.21988686154519166,1.1131420850863227,1.3278651822592549,1.0099050574758015,1.38311249762557,0.19036568379144336,-0.2198868615451911,DD,DD
A,U56,U56,U56,10.0,6W,0,1,False,3.626281327554376,0.15393316127250967,1.2164034519481957,-0.20964646328845227,1.1347724100562884,1.2942306204523109,1.0317591232091416,1.352588208344628,0.185994795564697,-0.20964646328845193,DD,DD
A,U56,U56,U56,10.0,6W,0,2,False,3.672010506984002,0.1506019156885059,1.1960705121541522,-0.20787998846347377,1.1465523271585958,1.2482377368703823,1.04390977898749,1.3090111842441292,0.1794036199180562,-0.20787998846347366,DD,DD
A,U56,U56,U56,10.0,6W,0,3,False,3.6102408766020795,0.15928257571074167,1.2618949830012853,-0.2074028387556981,1.225423285429681,1.3030523018754696,1.1201297489471733,1.3682297884835148,0.18689077960405265,-0.2074028387556981,DD,DD
A,U56,U56,U56,10.0,6W,0,4,False,3.704605261883022,0.14587566686274545,1.1588736177529706,-0.21333319299449538,1.2539920948239809,1.0941249312842305,1.140203864975775,1.1788706683238217,0.15986864713118276,-0.2133331929944957,DD,DD
A,U56,U56,U56,10.0,6W,1,0,False,3.6413697274751127,0.13838404514779978,1.134735880088765,-0.19657599399838388,1.1839850710033049,1.1010836329614084,1.064253158808468,1.1897497010127893,0.15458482803443463,-0.1965759939983841,DD,-
A,U56,U56,U56,10.0,6W,1,1,False,3.7045334659937663,0.1384905163875878,1.1268457691467522,-0.20968934299516462,1.1779990711176063,1.0934317637718831,1.0562158578793674,1.182126527624227,0.15561097221965547,-0.2096893429951644,DD,DD
A,U56,U56,U56,10.0,6W,1,2,False,3.753557636218898,0.13453779453099068,1.0730107926916128,-0.21459414170858027,1.124996229969755,1.042688980472816,0.9908233422278594,1.136607246554503,0.15443554795925007,-0.21459414170858016,DD,DD
A,U56,U56,U56,10.0,6W,1,3,False,3.731320677779002,0.13630655591573793,1.0747501620085318,-0.2209968984181384,1.1174835503419218,1.052395247907478,0.9894046062068941,1.140546951955167,0.15681998345077441,-0.22099689841813885,DD,DD
A,U56,U56,U56,10.0,6W,1,4,False,3.6100509773373544,0.13917202004925966,1.1013912977006246,-0.21833824471386998,1.102975022430434,1.1104230858042174,0.98034594905624,1.192239201016477,0.16288243278851855,-0.2183382447138702,DD,DD
A,U56,U56,U56,10.0,6W,2,0,False,3.668436071797178,0.13243702372472677,1.0432526627345926,-0.21832618378621504,1.031670745772516,1.063072900712777,0.9080452072158435,1.1436148490243836,0.15745038683987778,-0.21832618378621493,DD,DD
A,U56,U56,U56,10.0,6W,2,1,False,3.629037423553568,0.13557937213433036,1.070384053063139,-0.22945340248617008,1.1098688527495406,1.0491660319284186,0.9894719352657564,1.1329135098251906,0.154895297391054,-0.22945340248616974,DD,DD
A,U56,U56,U56,10.0,6W,2,2,False,3.601985030487439,0.13922837746141314,1.0921191245411883,-0.2275577304265356,1.132039412357864,1.0708086392134122,1.0163402261293024,1.1512130768295064,0.15845865262936543,-0.22755773042653582,DD,DD
A,U56,U56,U56,10.0,6W,2,3,False,3.57329151107536,0.1388819063296045,1.1098357467015985,-0.2148388789507959,1.1244502153223694,1.110448340155921,0.9950219543654389,1.1962563324064701,0.1628998147263656,-0.214838878950796,DD,DD
A,U56,U56,U56,10.0,6W,2,4,False,3.6681339589544644,0.12892219835699747,1.0299332209048673,-0.22366303371939744,1.0237481099882042,1.0466061137601437,0.9076422325395312,1.1209215018907066,0.15305760955758196,-0.22366303371939744,DD,DD
A,U56,U56,U56,10.0,6W,3,0,False,3.659380355821277,0.12780073621103538,1.0176053411462407,-0.2236630337193971,1.0416721600386714,1.011039733651831,0.9221802495667288,1.090136931407107,0.14940703684695467,-0.22366303371939744,DD,DD
A,U56,U56,U56,10.0,6W,3,1,False,3.6403582834442916,0.137735334171035,1.0821054688652072,-0.22837121269500182,1.1043507709160605,1.07859646363186,1.0059297116502226,1.1421185189160352,0.15862452159720353,-0.22837121269500182,DD,DD
A,U56,U56,U56,10.0,6W,3,2,False,3.633893804356396,0.13637260399162132,1.0725217674812197,-0.22840620842047754,1.079071513036719,1.0792918825506823,0.9814510860177162,1.1422900801347093,0.15765047297285784,-0.22840620842047699,DD,DD
A,U56,U56,U56,10.0,6W,3,3,False,3.600109555810582,0.12996755882436095,1.0255415714017782,-0.23445982460242476,1.0778443243540812,0.9962191245788571,0.9620740089955938,1.0761029861233782,0.14795940965149845,-0.23445982460242498,DD,DD
A,U56,U56,U56,10.0,6W,3,4,False,3.62285514145409,0.12628936025167037,1.016061406709424,-0.22402538822580575,1.1263694726242188,0.939923002840997,1.0224347297350762,1.0184964290243985,0.13636914855984994,-0.2240253882258061,DD,DD
A,U56,U56,U56,10.0,6W,4,0,False,3.633733756812431,0.13565771247003822,1.078335473455607,-0.21356066062911172,1.1779148025736976,1.0122459286062961,1.0702264799801422,1.0912208280610534,0.1482254569569219,-0.21356066062911216,DD,DD
A,U56,U56,U56,10.0,6W,4,1,False,3.6440737082763657,0.1327139889637181,1.043449176821526,-0.2291123623996527,1.1944317527922454,0.940218121635492,1.0886931068839714,1.0213356254811152,0.1404042245174386,-0.2291123623996526,DD,DD
A,U56,U56,U56,10.0,6W,4,2,False,3.5959581524438544,0.14148774066851977,1.1157754728728158,-0.22443679580483533,1.276638536631273,1.0076507202359717,1.1664172877828065,1.0919567673705752,0.15037092719278067,-0.22443679580483533,DD,DD
A,U56,U56,U56,10.0,6W,4,3,False,3.6700835182163143,0.13809703554733144,1.107724829918305,-0.21570197701538785,1.2299657395977253,1.0221418778454652,1.1202629822855366,1.1062768435219161,0.14845678543996832,-0.21570197701538785,DD,DD
A,U56,U56,U56,10.0,6W,4,4,False,3.709041352544597,0.13335244031421278,1.0724859589682652,-0.23352362985675434,1.2050370387224094,0.9772158778198272,1.1034276053938465,1.057905489002322,0.141183230570324,-0.2335236298567538,DD,DD
A,U56,U56,U56,10.0,6W,5,0,False,3.567126274795714,0.14158558601480942,1.1452321493825335,-0.2115540253979441,1.260025345105197,1.0600485379864137,1.1579102690784884,1.1417331023835735,0.15049022318338223,-0.211554025397944,DD,DD
A,U56,U56,U56,10.0,6W,5,1,False,3.5207594950542007,0.14404380975299635,1.168402649743392,-0.20988820228766303,1.1822342058703605,1.1631786274899958,1.085541567320471,1.2324672150632212,0.16101965919311323,-0.2098882022876628,DD,DD
A,U56,U56,U56,10.0,6W,5,2,False,3.5794639935892696,0.14793971901345837,1.2012353355938798,-0.15575198739830176,1.14503945367561,1.2551462944118397,1.0563593632718469,1.3126624999137935,0.16995347899887348,-0.15575198739830198,DD,-
A,U56,U56,U56,10.0,6W,5,3,False,3.5602317992495887,0.14759350521150694,1.1806358374228398,-0.19597427379677312,1.1648808963030917,1.2030587344901043,1.065447108659553,1.2679213822722648,0.17031242309552197,-0.19597427379677312,DD,-
A,U56,U56,U56,10.0,6W,5,4,False,3.6370824958824617,0.14875451668427564,1.2145943966350987,-0.18162807786605561,1.115554769228058,1.3060141341100482,1.0138787765986355,1.3652495267150249,0.1788092939835053,-0.18162807786605573,DD,-
A,U56,U56,U56,10.0,Q,0,0,True,2.4104291038119667,0.13573762523136557,1.0274485872704748,-0.2716821116268646,1.0900782925006094,0.9935319544069415,0.9608141209668924,1.0810541193320364,0.15649230655610658,-0.27168211162686484,DD,DD
A,U56,U56,U56,10.0,Q,0,1,False,2.4280367206054567,0.14267915353960925,1.0786923412571086,-0.26596851329480853,1.1800341372475969,1.0165713436143942,1.0569494524724157,1.103046347658165,0.1595339174111503,-0.2659685132948084,DD,DD
A,U56,U56,U56,10.0,Q,0,2,False,2.445003838452234,0.14794739688529335,1.1077995580765356,-0.2635116878064018,1.1740793342823896,1.0714725156048521,1.0652441562896036,1.1456542331764576,0.16702008543904512,-0.2635116878064018,DD,DD
A,U56,U56,U56,10.0,Q,0,3,False,2.426176874849913,0.14756360430298932,1.104999047627514,-0.276251234654186,1.2119472969825167,1.0390243573560707,1.106948248884336,1.1135711328765951,0.16214113269745223,-0.27625123465418566,DD,DD
A,U56,U56,U56,10.0,Q,0,4,False,2.4415094730687352,0.13854584464788222,1.0513907022659055,-0.28119513056653667,1.1263528201064237,1.0078843956667156,1.0096577328188514,1.0886397951720883,0.15693522343531874,-0.28119513056653667,DD,DD
A,ETF,ETF36,U56,10.0,D,0,0,True,15.736863519634522,0.0547620712458301,0.6828820574547895,-0.13687691903894117,0.6605748033486684,0.7043321856525626,0.5676371746095912,0.7766198974723975,0.06339378651721783,-0.1368769190389415,-,"H1,H2,OOS,CAGR"
A,ETF,ETF36,U56,10.0,2D,0,0,True,10.57052854720016,0.06197149203285601,0.7616815057199998,-0.1437905354015584,0.7498655755311633,0.7734780194446826,0.6535351944894945,0.8491949056215189,0.07034740982823773,-0.14379053540155962,DD,"H1,H2,OOS,CAGR"
A,ETF,ETF36,U56,10.0,2D,1,0,False,10.71101332798443,0.05967704580041544,0.7346628188559468,-0.13480314326701215,0.6727881709145794,0.7930023494196414,0.5802873413895878,0.85987716264165,0.07136868560311016,-0.13480314326701226,-,"H1,H2,OOS,CAGR"
A,ETF,ETF36,U56,10.0,W,0,0,True,6.536887470598439,0.06507916746390485,0.7907595514750753,-0.1523376759698125,0.7486269056088015,0.8306688364283126,0.6486226132711735,0.9048869067847203,0.07628977943243997,-0.1523376759698125,DD,"H1,H2,CAGR"
A,ETF,ETF36,U56,10.0,W,0,1,False,6.460206498846146,0.07176942153810928,0.8606753848915636,-0.14798448794234575,0.8609674789568181,0.8615327983038081,0.7693772827929113,0.9341825148710757,0.07931008061196065,-0.14798448794234587,DD,"H1,CAGR"
A,ETF,ETF36,U56,10.0,W,0,2,False,6.460597976400306,0.06826988494002073,0.8143830150722748,-0.13765736615051083,0.7813771989381846,0.8459713661519741,0.6924514977747626,0.9112923846575188,0.07850510358925789,-0.11489253600021831,-,"H1,CAGR"
A,ETF,ETF36,U56,10.0,W,0,3,False,6.393443805379633,0.06609607569168774,0.7944604111713541,-0.12644642589955124,0.7856816710412939,0.8037094270380534,0.6936508065165776,0.8752815603188518,0.07440321942855088,-0.12644642589955113,-,"H1,H2,OOS,CAGR"
A,ETF,ETF36,U56,10.0,W,0,4,False,6.548909941953164,0.06185958493155819,0.7519207302461405,-0.13676930739560433,0.6693233308632967,0.8299001421719727,0.5650910977139061,0.9044295623082343,0.07600329496425973,-0.11427539889590843,-,"H1,H2,CAGR"
A,ETF,ETF36,U56,10.0,2W,0,0,True,4.3320227894003125,0.07102211665608404,0.8317338294889344,-0.1810293669573272,0.796031405668869,0.8658095653331315,0.7073064141147946,0.9307973910719273,0.08162177772542534,-0.1810293669573273,DD,"H1,CAGR"
A,ETF,ETF36,U56,10.0,2W,0,1,False,4.262609760058078,0.07468707095989502,0.8611885762480499,-0.1734224837997952,0.8996683091048966,0.8292845230524363,0.8164884804083203,0.8965091113956102,0.07993314006384189,-0.17342248379979486,DD,"H1,H2,CAGR"
A,ETF,ETF36,U56,10.0,2W,0,2,False,4.298543914522494,0.07066729639059455,0.8032529174832359,-0.1977126168889689,0.9011297638663189,0.7242976944521037,0.8165501413097936,0.7948965974108858,0.0728304781618978,-0.19771261688896868,DD,"H1,H2,OOS,CAGR"
A,ETF,ETF36,U56,10.0,2W,0,3,False,4.329470784266795,0.0640561358162528,0.7593369101083949,-0.16227136348016757,0.8348903794631689,0.6943755164293187,0.747878591365867,0.7686970491366104,0.06660802828574997,-0.1622713634801678,DD,"H1,H2,OOS,CAGR"
A,ETF,ETF36,U56,10.0,2W,0,4,False,4.623422141649585,0.0579000488096284,0.6864277008028977,-0.16948848992367982,0.7264644928220731,0.652899735736919,0.6352586703822192,0.7265978427306446,0.0632237185566844,-0.16948848992368015,"H2,DD","H1,H2,OOS,CAGR"
A,ETF,ETF36,U56,10.0,2W,1,0,False,4.382771474553957,0.06608621946486881,0.7975606222247735,-0.13123228911960183,0.7813813789644003,0.813424509652922,0.6837441489390874,0.889888913839346,0.0750023505903239,-0.13123228911960094,-,"H1,H2,CAGR"
A,ETF,ETF36,U56,10.0,2W,1,1,False,4.3516467753091215,0.07223363224667723,0.8624503749007284,-0.1363410377654536,0.7997642272048007,0.9217383998444671,0.714923419428407,0.9822961388611321,0.08378773793295657,-0.13634103776545348,-,"H1,CAGR"
A,ETF,ETF36,U56,10.0,2W,1,2,False,4.344296986179524,0.06818093103405642,0.8030654935145285,-0.12415585218660108,0.7680190114482707,0.8364723772746548,0.6856553711856385,0.8973834900177522,0.0778859659592781,-0.11849586744738982,-,"H1,CAGR"
A,ETF,ETF36,U56,10.0,2W,1,3,False,4.424237190696446,0.07221521291381161,0.8387874530536664,-0.14292259761417403,0.7949312611925368,0.8802958602344881,0.7035042447156764,0.9463885069389602,0.08378286911724464,-0.1429225976141738,DD,"H1,CAGR"
A,ETF,ETF36,U56,10.0,2W,1,4,False,4.28105186982838,0.0714879971389506,0.841932978973303,-0.13979453814663723,0.7588802791472292,0.9200399147436353,0.6657182674028388,0.9847528476185327,0.08547874536899336,-0.13623855619575076,DD,"H1,CAGR"
A,ETF,ETF36,U56,10.0,M,0,0,True,2.913699849475918,0.07814698767879458,0.9093888595151809,-0.13410320963748046,0.9139233458095389,0.9060747279586511,0.835873517593928,0.9690230351788073,0.08432199273557428,-0.13410320963748046,-,"H1,CAGR"
A,ETF,ETF36,U56,10.0,M,0,1,False,2.9219250547189453,0.07981632403284666,0.9161623689873979,-0.1556870865822837,0.886422054535415,0.9448019458448914,0.8056168420439922,1.0055498521718418,0.08912825370564281,-0.15568708658228358,DD,"H1,CAGR"
A,ETF,ETF36,U56,10.0,M,0,2,False,2.91309969262354,0.07347791696444461,0.8191425132515187,-0.1979722603879096,0.8557244490946732,0.7920730916296882,0.7662769374922221,0.8602628393792565,0.08068721596596173,-0.19797226038790983,DD,"H1,H2,OOS,CAGR"
A,ETF,ETF36,U56,10.0,M,0,3,False,2.754991071878079,0.07548418867206652,0.825419098903519,-0.22239806444182597,0.8951830323828568,0.7761142785475879,0.8116899755703516,0.8386544032824224,0.08144522620336114,-0.22239806444182564,DD,"H1,H2,OOS,DD,CAGR"
A,ETF,ETF36,U56,10.0,M,0,4,False,2.78989704934147,0.07539423924353406,0.8271933585297624,-0.22025429547786657,0.8580089580765672,0.8087397336306301,0.7635536993026215,0.8761165608292374,0.08487657967767692,-0.22025429547786635,DD,"H1,H2,OOS,DD,CAGR"
A,ETF,ETF36,U56,10.0,6W,0,0,True,2.3943549184853463,0.08050466378227727,0.9089429183632812,-0.18500748670059286,0.7888877379746296,1.0183711951039327,0.7014318772859243,1.0706759222739648,0.09890450618816793,-0.1850074867005933,DD,"H1,CAGR"
A,ETF,ETF36,U56,10.0,6W,0,1,False,2.3886942372649234,0.0826901119379595,0.9193616560207062,-0.18356142250625984,0.8200784038192771,1.0101306810627504,0.73599833612615,1.0617090779678937,0.09966056168957849,-0.18356142250625973,DD,"H1,CAGR"
A,ETF,ETF36,U56,10.0,6W,0,2,False,2.3544165991654014,0.08202214433337018,0.8879188487792021,-0.20336311177856636,0.8760332265584111,0.904941441509648,0.7896149397746949,0.9621857381668877,0.09458120507336698,-0.20336311177856647,DD,"H1,DD,CAGR"
A,ETF,ETF36,U56,10.0,6W,0,3,False,2.3448391794087233,0.07862949081459103,0.8770491676194403,-0.1790481599269047,0.8886579554503735,0.8708282335403731,0.7973238894272624,0.9388009733282393,0.08772945230424356,-0.17904815992690448,DD,"H1,CAGR"
A,ETF,ETF36,U56,10.0,6W,0,4,False,2.387910405701789,0.07800853133742369,0.8675716630444993,-0.18552946403646253,0.9260681363307797,0.8248472784961346,0.8368469082321378,0.8925678009800414,0.08461462751394278,-0.18552946403646242,DD,"H1,H2,CAGR"
A,ETF,ETF36,U56,10.0,6W,1,0,False,2.358223957637903,0.07737447949636445,0.8883569689224721,-0.15146175099258952,0.8721616440783204,0.9045454672942033,0.7690831443823962,0.9841736045381311,0.08757265948258497,-0.1514617509925894,DD,"H1,CAGR"
A,ETF,ETF36,U56,10.0,6W,1,1,False,2.4271688090766155,0.08155764956730382,0.9303796087455346,-0.1684755633625321,0.9105121643164623,0.9503041787294038,0.8109807506685018,1.0251509247634367,0.09233085884231307,-0.16847556336253167,DD,"H1,CAGR"
A,ETF,ETF36,U56,10.0,6W,1,2,False,2.382781268889578,0.07583477820813522,0.8308675075040304,-0.20818866281194925,0.8660277655995174,0.8058962313488233,0.7552732220239337,0.8888682089776629,0.08532435828405771,-0.20818866281194925,DD,"H1,H2,DD,CAGR"
A,ETF,ETF36,U56,10.0,6W,1,3,False,2.3805461662256215,0.07849752838108448,0.8458099182815746,-0.22678410699080853,0.9023088632517748,0.8045959465478554,0.7950950802639525,0.8853640820946329,0.08672254813672131,-0.22678410699080864,DD,"H1,H2,DD,CAGR"
A,ETF,ETF36,U56,10.0,6W,1,4,False,2.3890911353736484,0.07668063219479038,0.8323932386066529,-0.22546132128145346,0.9175867959055127,0.7646064882571425,0.8133143560667994,0.8482753294504615,0.08164074651467801,-0.22546132128145335,DD,"H1,H2,OOS,DD,CAGR"
A,ETF,ETF36,U56,10.0,6W,2,0,False,2.4036074584021696,0.07487843713981501,0.8109170183439827,-0.22706466103731482,0.882730438500063,0.7543912053915635,0.7788852853309551,0.8364120847204848,0.08072654608152652,-0.22706466103731504,DD,"H1,H2,OOS,DD,CAGR"
A,ETF,ETF36,U56,10.0,6W,2,1,False,2.404487074589855,0.07426569232140112,0.8032491026898094,-0.23041410016228359,0.872834379057604,0.7487000333722754,0.7683632938031142,0.8308672910955636,0.0803290587624832,-0.23041410016228359,DD,"H1,H2,OOS,DD,CAGR"
A,ETF,ETF36,U56,10.0,6W,2,2,False,2.37730175040736,0.07243357688534258,0.7726600019190335,-0.2415836826979907,0.8310372133129139,0.7295110666527428,0.7342990768044612,0.8029363648114898,0.07931153332732888,-0.2415836826979907,DD,"H1,H2,OOS,DD,CAGR"
A,ETF,ETF36,U56,10.0,6W,2,3,False,2.3660869274689524,0.07305803962700619,0.7847772583905347,-0.24564966449234082,0.8737118816764404,0.717668352742932,0.7714996689166221,0.7970402174718293,0.07835023952268605,-0.2456496644923407,DD,"H1,H2,OOS,DD,CAGR"
A,ETF,ETF36,U56,10.0,6W,2,4,False,2.4075253577399467,0.07111716089224118,0.7620474650496387,-0.2461885085260579,0.8355660173850756,0.7094009143313018,0.7414633385459757,0.7799656742355415,0.07736554935268458,-0.24618850852605834,DD,"H1,H2,OOS,DD,CAGR"
A,ETF,ETF36,U56,10.0,6W,3,0,False,2.395489746692528,0.06922068966985084,0.7476779930788338,-0.246188508526058,0.8448995618924829,0.6792323142005968,0.7552143516955849,0.746746771526958,0.07392720872347258,-0.24618850852605834,"H2,DD","H1,H2,OOS,DD,CAGR"
A,ETF,ETF36,U56,10.0,6W,3,1,False,2.372659535143027,0.0717599729638303,0.7686308816824231,-0.24624705967152583,0.8598689809230576,0.7051095584115745,0.7775044782819236,0.7668648822495907,0.07655282878180714,-0.24624705967152583,DD,"H1,H2,OOS,DD,CAGR"
A,ETF,ETF36,U56,10.0,6W,3,2,False,2.3788664196004503,0.06892669862662082,0.7432010159937705,-0.24618639199612513,0.8314030761692757,0.6793914551631811,0.742330983239116,0.7473028751841874,0.0737125307349984,-0.2461863919961249,"H2,DD","H1,H2,OOS,DD,CAGR"
A,ETF,ETF36,U56,10.0,6W,3,3,False,2.4062456741056972,0.0725526979444282,0.787163526233978,-0.22974175983031908,0.8712607056628386,0.7249705314342263,0.7962221724122293,0.7836340419803737,0.07633489302799235,-0.22974175983031886,DD,"H1,H2,OOS,DD,CAGR"
A,ETF,ETF36,U56,10.0,6W,3,4,False,2.386568265743437,0.06565555128553169,0.7253913899981872,-0.2283503179515517,0.8426893872378282,0.6330354790513603,0.7705272055538207,0.6946377573415199,0.06576576306918902,-0.22835031795155136,"H2,DD","H1,H2,OOS,DD,CAGR"
A,ETF,ETF36,U56,10.0,6W,4,0,False,2.407422198899169,0.06791924677602612,0.7404011622197233,-0.24241754491571665,0.9109439322739665,0.6089675707501507,0.8507020284343745,0.6649979547328294,0.06390149749309937,-0.2424175449157162,"H2,DD","H1,H2,OOS,DD,CAGR"
A,ETF,ETF36,U56,10.0,6W,4,1,False,2.4634180542830375,0.0668645361723803,0.7376052176042744,-0.21423735497637308,0.8481123799371306,0.6508510795213162,0.778851912729686,0.7096100383234191,0.06728661981915818,-0.2142373549763733,"H2,DD","H1,H2,OOS,DD,CAGR"
A,ETF,ETF36,U56,10.0,6W,4,2,False,2.426730327953913,0.07150223494509778,0.7904339867454342,-0.2177279300119146,0.9033575939436581,0.7055620119452333,0.8319489041302021,0.7641382348330616,0.07303294570868157,-0.2177279300119146,DD,"H1,H2,OOS,DD,CAGR"
A,ETF,ETF36,U56,10.0,6W,4,3,False,2.4456465380662475,0.06523439742502157,0.7328953092000406,-0.2080345990121465,0.9193291868739887,0.5867534570819828,0.8437736209493174,0.6564342996037962,0.061096187577870165,-0.20803459901214627,"H2,DD","H1,H2,OOS,DD,CAGR"
A,ETF,ETF36,U56,10.0,6W,4,4,False,2.583501742199044,0.06007292926357888,0.6833185527670234,-0.20487689765099504,0.8496730022897925,0.5438817436125257,0.7647378429696061,0.6231621721891402,0.056313551208020174,-0.20487689765099537,"H2,DD","H1,H2,OOS,DD,CAGR"
A,ETF,ETF36,U56,10.0,6W,5,0,False,2.4748726792020244,0.06527971823886669,0.7505942367508278,-0.16604057351069734,0.8357317467562924,0.6783435430669302,0.7472118477643693,0.7538373738652924,0.06752936948131794,-0.16604057351069734,"H2,DD","H1,H2,OOS,CAGR"
A,ETF,ETF36,U56,10.0,6W,5,1,False,2.432850767517744,0.07088859191179386,0.8133968603975169,-0.1767940260043852,0.8459961985102559,0.7870044793713464,0.7676486235995986,0.8494208591549159,0.0763142780872379,-0.17679402600438565,DD,"H1,H2,OOS,CAGR"
A,ETF,ETF36,U56,10.0,6W,5,2,False,2.461793303956654,0.07369352062708479,0.8433606093486984,-0.12361410028083786,0.7777959062739006,0.9047962399049203,0.7044888132931875,0.9545324625679118,0.08553281652560685,-0.12361410028083752,-,"H1,CAGR"
A,ETF,ETF36,U56,10.0,6W,5,3,False,2.446357761268768,0.07740029874865617,0.8746102660106188,-0.14786571288053885,0.7400825192578026,0.9979701921196988,0.6465131749073548,1.0547794282942329,0.09692448851955993,-0.14786571288053885,DD,"H1,CAGR"
A,ETF,ETF36,U56,10.0,6W,5,4,False,2.437209314321336,0.07665828464486713,0.8797175659319956,-0.13773788653603403,0.7671855212562494,0.9838602341858288,0.6702841605577101,1.046506363014064,0.09417629761077606,-0.13773788653603358,-,"H1,CAGR"
A,ETF,ETF36,U56,10.0,Q,0,0,True,1.7002346899898195,0.06055230584912086,0.647051723710864,-0.26800782764662456,0.7743669737379711,0.5516517945771233,0.6814831962721236,0.6258331480431947,0.061964766941179805,-0.2680078276466248,"H2,DD","H1,H2,OOS,DD,CAGR"
A,ETF,ETF36,U56,10.0,Q,0,1,False,1.7534972790654293,0.06112011599536138,0.6496513341193371,-0.25816197816445074,0.7412394569817127,0.5807315350897831,0.6479164857905413,0.6533364050228386,0.06492511246903088,-0.25816197816445063,"H2,DD","H1,H2,OOS,DD,CAGR"
A,ETF,ETF36,U56,10.0,Q,0,2,False,1.7000359294874752,0.06384865217736535,0.6652642969008173,-0.2697511037677659,0.7911730683605636,0.5741041467757881,0.7000358826648162,0.6450553223965289,0.06592309619732362,-0.26975110376776557,"H2,DD","H1,H2,OOS,DD,CAGR"
A,ETF,ETF36,U56,10.0,Q,0,3,False,1.6955083544407274,0.07056052152171399,0.7313979650807676,-0.2723933729499747,0.8914339655776918,0.6197396402360399,0.8081164755039827,0.6853931451925147,0.07087015948864517,-0.2723933729499768,"H2,DD","H1,H2,OOS,DD,CAGR"
A,ETF,ETF36,U56,10.0,Q,0,4,False,1.6957838516812531,0.06512948176701205,0.6856289817716915,-0.28387868431345886,0.8293023530578983,0.5813085656291244,0.7510350481538178,0.6445634894389689,0.06505363043218249,-0.28387868431345986,"H2,DD","H1,H2,OOS,DD,CAGR"
A,SMALL,SMALLk20d00,SMALL,10.0,D,0,0,True,5.520400688314405,-0.005528096195363874,-0.08094084518913652,-0.2000145004751791,-0.18594757662172254,-0.005162141084031956,0.07580116474778958,-0.1573216881367413,-0.01037286652092706,-0.19959347549920237,"H1,H2","H1,H2,OOS,CAGR"
A,SMALL,SMALLk20d00,SMALL,10.0,2D,0,0,True,4.049549181947417,-0.0037956524910608413,-0.047402368750396696,-0.20240564884652812,-0.15720601399535156,0.033188765220317225,0.1285661099445574,-0.13236397389814136,-0.008993468860358345,-0.20195149755849828,"H1,H2","H1,H2,OOS,DD,CAGR"
A,SMALL,SMALLk20d00,SMALL,10.0,2D,1,0,False,4.089138854793567,-0.0030855714774178367,-0.03291434794037449,-0.20956181785528938,-0.11425634474641612,0.025897447596209867,0.20194448072241175,-0.14496637769505133,-0.009824024160892786,-0.2083011078708541,"H1,H2","H1,H2,OOS,DD,CAGR"
A,SMALL,SMALLk20d00,SMALL,10.0,W,0,0,True,2.783562239173599,-0.008501764145773305,-0.1371478418873063,-0.27296351959523013,-0.07333687393857502,-0.18686697870899657,0.2810128617353148,-0.3379145760638534,-0.02061496445863875,-0.2725488406509181,"H1,H2","H1,H2,OOS,DD,CAGR"
A,SMALL,SMALLk20d00,SMALL,10.0,W,0,1,False,2.7960445601127946,-0.011849421383313685,-0.20373854359438656,-0.28296903117808114,-0.19900911025019088,-0.2113011243988647,0.0789212588412347,-0.34019054032604884,-0.020601188746910193,-0.27806241407413046,"H1,H2","H1,H2,OOS,DD,CAGR"
A,SMALL,SMALLk20d00,SMALL,10.0,W,0,2,False,2.7809115964458875,-0.0025042908726969904,-0.020276395206689904,-0.21075799938591344,0.056778872143798585,-0.07776102517466019,0.31116737016650436,-0.17987948586180214,-0.012020482943938204,-0.20939248542193267,"H1,H2","H1,H2,OOS,DD,CAGR"
A,SMALL,SMALLk20d00,SMALL,10.0,W,0,3,False,2.8081833396125657,-0.0021524288402353653,-0.014403133582284783,-0.19421520413899873,-0.05171165423154323,0.012611751142607732,0.2595293107546623,-0.14455951009320564,-0.009913496203937222,-0.19295667851478004,"H1,H2","H1,H2,OOS,CAGR"
A,SMALL,SMALLk20d00,SMALL,10.0,W,0,4,False,2.7850639412610123,-0.0057606228430637785,-0.08376629577429419,-0.21070618310835199,-0.10609375376114068,-0.06908376839883584,0.19784708307394422,-0.21906819308574776,-0.01403480668281154,-0.20947179176670805,"H1,H2","H1,H2,OOS,DD,CAGR"
A,SMALL,SMALLk20d00,SMALL,10.0,2W,0,0,True,2.0359687809881266,-0.006549047567849242,-0.09705570207702022,-0.2752611558559699,0.09090412058204182,-0.23735165086583201,0.4134002690473449,-0.34099867233485637,-0.02115916493818426,-0.27429071253144843,"H1,H2","H1,H2,OOS,DD,CAGR"
A,SMALL,SMALLk20d00,SMALL,10.0,2W,0,1,False,2.031993944458585,-0.006090353945121918,-0.09098252834147795,-0.2615660054910366,0.029377745614138296,-0.18232218446942572,0.35511640412099765,-0.30840703420170423,-0.018825782146803527,-0.26026788609677554,"H1,H2","H1,H2,OOS,DD,CAGR"
A,SMALL,SMALLk20d00,SMALL,10.0,2W,0,2,False,2.089429276920086,-0.003780769967414166,-0.043846637179572254,-0.25127610966780856,0.13369217199162886,-0.17149966256948163,0.4431710148019411,-0.2680394061148676,-0.017359489539298334,-0.24995039318428547,"H1,H2","H1,H2,OOS,DD,CAGR"
A,SMALL,SMALLk20d00,SMALL,10.0,2W,0,3,False,2.103483280424141,0.0004892202118738087,0.035871713685059606,-0.19749088240288815,0.10108881473395862,-0.00989234287669356,0.5151378229284496,-0.1835489171267076,-0.012409721646124972,-0.1963207717274562,"H1,H2","H1,H2,OOS,CAGR"
A,SMALL,SMALLk20d00,SMALL,10.0,2W,0,4,False,2.0720667260929986,0.001420436300288097,0.053294794892934656,-0.17204142776506026,0.12270693192442375,0.005098724467227353,0.4386707272230982,-0.12397159123807532,-0.00877206678401754,-0.17091298004721034,"H1,H2","H1,H2,OOS,CAGR"
A,SMALL,SMALLk20d00,SMALL,10.0,2W,1,0,False,2.128387319837084,-0.0045436812504390245,-0.06005238988429152,-0.20849717295008008,-0.049335203755347036,-0.06911910461501931,0.28421617401588883,-0.22271052140434394,-0.014358698704693973,-0.20735452398171017,"H1,H2","H1,H2,OOS,DD,CAGR"
A,SMALL,SMALLk20d00,SMALL,10.0,2W,1,1,False,2.0648708116574386,-0.010320865136606572,-0.1700005920766581,-0.2603453255317726,-0.053915638748258055,-0.25724099619723617,0.2094013323388337,-0.3485664068864085,-0.021588313170828988,-0.2591195818719504,"H1,H2","H1,H2,OOS,DD,CAGR"
A,SMALL,SMALLk20d00,SMALL,10.0,2W,1,2,False,1.9985505683944844,6.5150409511716134e-09,0.02686382053692344,-0.20023983702873083,0.14373142160736474,-0.06003124721132436,0.4166261551761251,-0.16233414132738047,-0.011054250513597763,-0.19885203883747338,"H1,H2","H1,H2,OOS,CAGR"
A,SMALL,SMALLk20d00,SMALL,10.0,2W,1,3,False,2.0061158620889312,-0.002412751217005349,-0.018525712335568097,-0.20447678748336418,0.0032071505773239514,-0.03482607057296473,0.28108095443756353,-0.16304997178248726,-0.011057058788512486,-0.19815442011754525,"H1,H2","H1,H2,OOS,DD,CAGR"
A,SMALL,SMALLk20d00,SMALL,10.0,2W,1,4,False,2.0532345297512395,-0.007500591370559029,-0.11440010721379634,-0.23669940842624637,0.0399728955475422,-0.23096314101341503,0.33886951621945977,-0.3347086778360037,-0.02079711166027065,-0.2356773299635252,"H1,H2","H1,H2,OOS,DD,CAGR"
A,SMALL,SMALLk20d00,SMALL,10.0,M,0,0,True,1.4548390497011203,0.009702350686083827,0.2033697344916248,-0.16345605101340155,0.06294072702714357,0.310377436013119,0.4342717174699648,0.09882517596245909,0.004142691217453365,-0.16345605101339933,"H1,H2","H1,H2,OOS,CAGR"
A,SMALL,SMALLk20d00,SMALL,10.0,M,0,1,False,1.4289729279714702,0.0021450689867326123,0.06660642172077197,-0.24544743259530866,0.1464374882971042,0.010356607656490656,0.5709424573577322,-0.1680294889737008,-0.011680581812870905,-0.2454474325953092,"H1,H2","H1,H2,OOS,DD,CAGR"
A,SMALL,SMALLk20d00,SMALL,10.0,M,0,2,False,1.3729368124838843,-0.0010639106399289444,0.0064768159658603955,-0.22500646328310603,0.0482490915832462,-0.025037515782063802,0.39965141677157623,-0.18365693813033027,-0.012132428013567509,-0.2250064632831028,"H1,H2","H1,H2,OOS,DD,CAGR"
A,SMALL,SMALLk20d00,SMALL,10.0,M,0,3,False,1.368591807667807,0.0056658242673897075,0.13289478507016855,-0.16914900852243409,0.041597459478631395,0.20363370852636864,0.400559095655799,0.007226422532247104,-0.001254254634404206,-0.16782666847580918,"H1,H2","H1,H2,OOS,CAGR"
A,SMALL,SMALLk20d00,SMALL,10.0,M,0,4,False,1.3417588448118065,0.004184634761642769,0.1058342360863903,-0.19741474263104686,0.12684365580248524,0.0926647970662823,0.44333159023275565,-0.051932431506675335,-0.004599406467412859,-0.19634006102446822,"H1,H2","H1,H2,OOS,CAGR"
A,SMALL,SMALLk20d00,SMALL,10.0,6W,0,0,True,1.1340747075315922,-0.010004818746757738,-0.15720178712877944,-0.31947104906970347,-0.054769362598373936,-0.23244559212692015,0.36776308361004095,-0.3942191028099591,-0.025250503934689528,-0.3185034353654824,"H1,H2","H1,H2,OOS,DD,CAGR"
A,SMALL,SMALLk20d00,SMALL,10.0,6W,0,1,False,1.1562463297618975,-0.010175082467879015,-0.15446726694895144,-0.3194331983582287,0.0585647804506706,-0.29839397418117936,0.4355347818052034,-0.4091734910415845,-0.02721485188475492,-0.3186398961700321,"H1,H2","H1,H2,OOS,DD,CAGR"
A,SMALL,SMALLk20d00,SMALL,10.0,6W,0,2,False,1.1918878423560626,-0.015663711872992536,-0.2527366776945872,-0.3456340645466919,-0.10926027354426782,-0.3572953339592146,0.31183085905761704,-0.5003793946344717,-0.03280147296474867,-0.3446417054313716,"H1,H2","H1,H2,OOS,DD,CAGR"
A,SMALL,SMALLk20d00,SMALL,10.0,6W,0,3,False,1.1418049054896013,-0.012958275377811801,-0.2106669638895769,-0.3247487838390848,-0.10911764514365077,-0.28705170116487544,0.3686935396296442,-0.470056567025003,-0.029940922034044082,-0.32474878383908534,"H1,H2","H1,H2,OOS,DD,CAGR"
A,SMALL,SMALLk20d00,SMALL,10.0,6W,0,4,False,1.1597323327385414,-0.010386003288013534,-0.16710587408990246,-0.3329846011405073,0.006324042222382031,-0.2959145997812188,0.414543729837174,-0.43547212628735715,-0.02712990348666633,-0.3329846011405083,"H1,H2","H1,H2,OOS,DD,CAGR"
A,SMALL,SMALLk20d00,SMALL,10.0,6W,1,0,False,1.1543679552711303,-0.009993520313958393,-0.15888527271159258,-0.34031999426712023,-0.06912401171331574,-0.2274908540050815,0.39739125846487244,-0.4163424846860216,-0.02611536000275294,-0.34031999426711834,"H1,H2","H1,H2,OOS,DD,CAGR"
A,SMALL,SMALLk20d00,SMALL,10.0,6W,1,1,False,1.1741157977528476,-0.00694303690998066,-0.10112976718058354,-0.2841144028532636,-0.07872571366920998,-0.11963556344744782,0.2169083081308463,-0.2525592617942942,-0.01656421978003153,-0.28411440285326206,"H1,H2","H1,H2,OOS,DD,CAGR"
A,SMALL,SMALLk20d00,SMALL,10.0,6W,1,2,False,1.1512320551021258,-0.004597739141176449,-0.051527178255905436,-0.3269538096248218,0.036435745918604566,-0.11518326690577889,0.3682197294574695,-0.24484295529988806,-0.0172782785837583,-0.32695380962482545,"H1,H2","H1,H2,OOS,DD,CAGR"
A,SMALL,SMALLk20d00,SMALL,10.0,6W,1,3,False,1.1442351524996,0.001195861024116729,0.04931926815944432,-0.2711969024042524,0.034288264241486795,0.061235908388874265,0.3187131120670411,-0.07525615137288431,-0.006409694259274401,-0.2700119802591394,"H1,H2","H1,H2,OOS,DD,CAGR"
A,SMALL,SMALLk20d00,SMALL,10.0,6W,1,4,False,1.1560162355888859,0.001153081934762712,0.04861534240207084,-0.27592429162629206,0.08013807487394073,0.02648833979658249,0.44885101969299684,-0.13826926645911225,-0.010300198907704616,-0.27495473625704747,"H1,H2","H1,H2,OOS,DD,CAGR"
A,SMALL,SMALLk20d00,SMALL,10.0,6W,2,0,False,1.1599665698339867,0.0018393361430786292,0.060952865761857766,-0.2523962744204985,0.11204600525635969,0.024234797491183662,0.3736415656544477,-0.08607452276189906,-0.006893907938607224,-0.25139521445146473,"H1,H2","H1,H2,OOS,DD,CAGR"
A,SMALL,SMALLk20d00,SMALL,10.0,6W,2,1,False,1.14244358358398,0.00010363841930693951,0.02936609542316181,-0.28249793542828605,0.05361544696708746,0.012705380129345537,0.4452580240779779,-0.15938293710815502,-0.01139780703543436,-0.2812366130184657,"H1,H2","H1,H2,OOS,DD,CAGR"
A,SMALL,SMALLk20d00,SMALL,10.0,6W,2,2,False,1.1810498361498072,0.0047335114529034605,0.11225033827015701,-0.24047144879395632,0.036498298453461565,0.1694848400685015,0.41873013138679244,-0.025729309107719762,-0.003485618276660052,-0.2391266012032175,"H1,H2","H1,H2,OOS,DD,CAGR"
A,SMALL,SMALLk20d00,SMALL,10.0,6W,2,3,False,1.1351800752926693,0.007428894440189016,0.16053102793213253,-0.17584414931051773,0.11180795039428795,0.19901503986945301,0.405548585675171,0.0506394555647924,0.0012258266242783922,-0.17445265402834975,"H1,H2","H1,H2,OOS,CAGR"
A,SMALL,SMALLk20d00,SMALL,10.0,6W,2,4,False,1.1600653816024893,0.00479132314106856,0.11351216413744068,-0.20087791463171012,-0.049865858383504415,0.22722227489369523,0.2045175050903389,0.07533600675595716,0.0027522677922158234,-0.17272445846305484,"H1,H2","H1,H2,OOS,CAGR"
A,SMALL,SMALLk20d00,SMALL,10.0,6W,3,0,False,1.1701237744808328,0.005226615233017595,0.12073377952527037,-0.1798367795255016,-0.08521616573893094,0.26682685363555475,0.17416164849753102,0.09781779012816577,0.004145486840748225,-0.14934942339408985,"H1,H2","H1,H2,OOS,CAGR"
A,SMALL,SMALLk20d00,SMALL,10.0,6W,3,1,False,1.1906255470655094,0.00033362624983213074,0.03396800895382631,-0.20616375394450281,-0.1945840441780763,0.190930276102761,0.051623171288083226,0.026596105942467224,-0.0002690509051480605,-0.16554626462340716,"H1,H2","H1,H2,OOS,DD,CAGR"
A,SMALL,SMALLk20d00,SMALL,10.0,6W,3,2,False,1.1566399815324746,0.010180863121870942,0.20904499005888508,-0.13583308767037672,0.07309441869592533,0.3144059670093201,0.3340834964696894,0.1500724815352538,0.00727505595271194,-0.12257759470921115,"H1,H2","H1,H2,OOS,CAGR"
A,SMALL,SMALLk20d00,SMALL,10.0,6W,3,3,False,1.184628430655962,0.01201146264301034,0.23680852455501733,-0.1742365341904233,-0.011996099266390942,0.4201352332439379,0.28778237841499266,0.21552231529927096,0.011596958170128513,-0.15388710755104618,H1,"H1,H2,OOS,CAGR"
A,SMALL,SMALLk20d00,SMALL,10.0,6W,3,4,False,1.1964432564666452,0.011375901550922274,0.22993422091849236,-0.15807758269242078,0.013636380496567025,0.39066289003032945,0.28198577435904265,0.20763890474879748,0.01085727060744568,-0.1333773831920808,"H1,H2","H1,H2,OOS,CAGR"
A,SMALL,SMALLk20d00,SMALL,10.0,6W,4,0,False,1.1919134005833631,0.011975264243708317,0.24490897347650875,-0.15797809402440988,0.14112553611532888,0.3259789819170295,0.4324168691259908,0.15629145413771078,0.007532373684642879,-0.15797809402440888,"H1,H2","H1,H2,OOS,CAGR"
A,SMALL,SMALLk20d00,SMALL,10.0,6W,4,1,False,1.160787530173164,0.00945044062339151,0.20268346726080902,-0.1689282549224166,0.07819991204399654,0.3030747544273391,0.39272894659039814,0.10522566861419379,0.004372180803750458,-0.16892825492241148,"H1,H2","H1,H2,OOS,CAGR"
A,SMALL,SMALLk20d00,SMALL,10.0,6W,4,2,False,1.135670787535947,0.015671668848632248,0.31715473987819714,-0.1431465513506165,0.1722298549864425,0.43051418827008814,0.46479954960922987,0.24816841460641376,0.012775596864275984,-0.14314655135061616,H1,"H1,H2,OOS,CAGR"
A,SMALL,SMALLk20d00,SMALL,10.0,6W,4,3,False,1.1450487181315598,0.014806371766793447,0.3017561707984643,-0.1840055484431954,0.20580958150720455,0.3779221415909579,0.5818665859864252,0.1741629597003205,0.00850078593757364,-0.18400554844319517,"H1,H2","H1,H2,OOS,CAGR"
A,SMALL,SMALLk20d00,SMALL,10.0,6W,4,4,False,1.1221165858290278,0.014254385949433956,0.2918975569098205,-0.16477300833945063,0.16215095775987493,0.3928547856598983,0.4941173378828208,0.1996088664416271,0.009968988271427781,-0.16263441135838375,"H1,H2","H1,H2,OOS,CAGR"
A,SMALL,SMALLk20d00,SMALL,10.0,6W,5,0,False,1.0911373435734826,0.010540339631467166,0.2252378028955945,-0.16838782214710413,0.0546409710131131,0.3594202079208137,0.34709112191862734,0.16663644716424333,0.007875160723726848,-0.16838782214710601,"H1,H2","H1,H2,OOS,CAGR"
A,SMALL,SMALLk20d00,SMALL,10.0,6W,5,1,False,1.1184205815374773,-0.005133459136190344,-0.0722405977091102,-0.24769084645658257,-0.015737922591687128,-0.11664756685961195,0.36077038797736394,-0.2902349105161065,-0.01767919395232198,-0.24659613933668445,"H1,H2","H1,H2,OOS,DD,CAGR"
A,SMALL,SMALLk20d00,SMALL,10.0,6W,5,2,False,1.0839610942838032,-0.0033711846691938385,-0.03622399939728741,-0.2640751139743013,0.1113602306687092,-0.14244507777207296,0.5479439002874503,-0.3077405653468957,-0.01957946686996459,-0.2629820574298116,"H1,H2","H1,H2,OOS,DD,CAGR"
A,SMALL,SMALLk20d00,SMALL,10.0,6W,5,3,False,1.134314907458947,-0.011207657442138252,-0.18758012069094906,-0.28436392336163074,0.03036938288866948,-0.3472336054092229,0.36164339298538123,-0.44762149180067834,-0.027030271469987488,-0.2830331232749306,"H1,H2","H1,H2,OOS,DD,CAGR"
A,SMALL,SMALLk20d00,SMALL,10.0,6W,5,4,False,1.1346519148944272,-0.010766827334019458,-0.173313624398531,-0.3108863939366311,0.015406747622245007,-0.30875642227411476,0.4246877425023499,-0.4459444643100146,-0.027946453270502714,-0.31088639393662665,"H1,H2","H1,H2,OOS,DD,CAGR"
A,SMALL,SMALLk20d00,SMALL,10.0,Q,0,0,True,0.7161721997665661,0.0026221859658084323,0.07363264416747806,-0.28080334579885824,-0.0424775594166858,0.15527974506405498,0.3420052999530488,-0.0371785656395698,-0.0047734319790671,-0.28080334579885746,"H1,H2","H1,H2,OOS,DD,CAGR"
A,SMALL,SMALLk20d00,SMALL,10.0,Q,0,1,False,0.7096346469509514,0.004657187253352735,0.10867143889967744,-0.2713336458931339,0.020538777675319593,0.17246832920120572,0.4117774627479324,-0.020934086992530028,-0.003479822751250139,-0.2706294315336878,"H1,H2","H1,H2,OOS,DD,CAGR"
A,SMALL,SMALLk20d00,SMALL,10.0,Q,0,2,False,0.7235734669502532,0.004967344656724659,0.11518211372007658,-0.27284405469879436,-0.11708067342821796,0.283818386054558,0.3015554767319123,0.03443069703206252,0.00017203718195246687,-0.26712423360513593,"H1,H2","H1,H2,OOS,DD,CAGR"
A,SMALL,SMALLk20d00,SMALL,10.0,Q,0,3,False,0.7144920268518518,0.0060055397490608176,0.13315612695573895,-0.26562434478021424,-0.1366271240037278,0.32667442618797093,0.25518045564995795,0.0826805140961654,0.0032443984372347856,-0.26139067225909973,"H1,H2","H1,H2,OOS,DD,CAGR"
A,SMALL,SMALLk20d00,SMALL,10.0,Q,0,4,False,0.6970078371373747,-0.0033257442037331053,-0.031349693083123326,-0.29497700276474226,-0.295337032343176,0.15817887704240016,0.14097430682491852,-0.10961551557736245,-0.008655823976391419,-0.2887847264723997,"H1,H2","H1,H2,OOS,DD,CAGR"
A,SMALL,SMALLk20d01,SMALL,10.0,D,0,0,True,6.073839547063533,0.021347064571091146,0.3894977229899512,-0.12697256182894412,0.09222434565225164,0.6039028126900002,0.10574827968688137,0.5247519931505127,0.03226371623454116,-0.10850187872882433,H1,"H1,H2,OOS,CAGR"
A,SMALL,SMALLk20d01,SMALL,10.0,2D,0,0,True,4.575801842925512,0.02080497252694169,0.3806392033386645,-0.13091319281784197,0.08521211490875269,0.5942711785509639,0.09187508704666718,0.5188762960184081,0.03179212751450544,-0.11791265526584216,H1,"H1,H2,OOS,CAGR"
A,SMALL,SMALLk20d01,SMALL,10.0,2D,1,0,False,4.494289626290885,0.023141401933855832,0.4188376784067619,-0.11852030878149888,0.14251672684437153,0.6185834532988539,0.17998965668464711,0.533265772566307,0.03295890697955928,-0.10956339238361479,H1,"H1,H2,OOS,CAGR"
A,SMALL,SMALLk20d01,SMALL,10.0,W,0,0,True,3.1953278921409902,0.021593045316229853,0.3894207308477973,-0.1368951488648249,0.17110941048641828,0.5508705424753523,0.22381725636335878,0.4710929506618517,0.028968269933667967,-0.1368951488648249,H1,"H1,H2,OOS,CAGR"
A,SMALL,SMALLk20d01,SMALL,10.0,W,0,1,False,3.117437457034017,0.023886925766163802,0.42703786806000593,-0.11687951812148134,0.22026447459748255,0.5801655242518549,0.20175955757387848,0.5358658482077138,0.033440988572456254,-0.1168795181214809,H1,"H1,H2,OOS,CAGR"
A,SMALL,SMALLk20d01,SMALL,10.0,W,0,2,False,3.0209424213130847,0.022117423031017713,0.4015656339404695,-0.1362083792078409,0.21205740801400916,0.5435131049226104,0.19143839609026592,0.5040199036641578,0.03086990445860982,-0.12299951714058666,H1,"H1,H2,OOS,CAGR"
A,SMALL,SMALLk20d01,SMALL,10.0,W,0,3,False,3.0951782028907524,0.024207718709271964,0.4361065535037876,-0.14430936211715395,0.11608793412275883,0.6683988353764517,0.12272557046659115,0.5871098162446112,0.0363954379818161,-0.1144901676373995,H1,"H1,H2,OOS,CAGR"
A,SMALL,SMALLk20d01,SMALL,10.0,W,0,4,False,3.114622715504872,0.022650043764631977,0.40759450643111966,-0.14848230469704482,0.04086860243398101,0.6679658596935172,0.04886026076478204,0.5764606860251427,0.03613048683794662,-0.1287046431338672,H1,"H1,H2,OOS,CAGR"
A,SMALL,SMALLk20d01,SMALL,10.0,2W,0,0,True,2.291341441965681,0.027883580941813646,0.4932957829252365,-0.12986162279605973,0.35493216857342214,0.6029114464686188,0.3734814740402617,0.5553917904436142,0.03447766467271807,-0.12986162279605984,H1,"H1,H2,OOS,CAGR"
A,SMALL,SMALLk20d01,SMALL,10.0,2W,0,1,False,2.274698242525812,0.02976709065380967,0.5215392886953558,-0.11812579020469538,0.39525801335225635,0.6232402272406242,0.33330815844006506,0.6155200738029432,0.03883860721815946,-0.11812579020469438,H1,"H1,H2,OOS,CAGR"
A,SMALL,SMALLk20d01,SMALL,10.0,2W,0,2,False,2.3109918565577323,0.030889361411267746,0.5444712673146065,-0.12680975189386512,0.3194573503003551,0.7158040711103597,0.2947185204873047,0.6677632598455691,0.04192145138340808,-0.126809751893866,H1,"H1,H2,OOS,CAGR"
A,SMALL,SMALLk20d01,SMALL,10.0,2W,0,3,False,2.277231370213471,0.028734959046915698,0.5062701785363646,-0.13236072757585027,0.1779894359016499,0.7488310020964862,0.12622104675511442,0.6911303075269282,0.04365494713094753,-0.11637281603718752,H1,"H1,H2,OOS,CAGR"
A,SMALL,SMALLk20d01,SMALL,10.0,2W,0,4,False,2.2601937395632055,0.027465039470311536,0.4778199591939585,-0.14369399964329932,0.13587750826357936,0.7271467878835275,0.06648979028857042,0.6751481884952187,0.043467345563291904,-0.11606723300831912,H1,"H1,H2,OOS,CAGR"
A,SMALL,SMALLk20d01,SMALL,10.0,2W,1,0,False,2.293764493322035,0.027147490148067943,0.47027553336727684,-0.13771844240653397,0.2015695150700037,0.6657226685614932,0.13616142350263716,0.6285631975535645,0.040748872210715215,-0.132378675291285,H1,"H1,H2,OOS,CAGR"
A,SMALL,SMALLk20d01,SMALL,10.0,2W,1,1,False,2.3343528741041895,0.026945787309641922,0.4686993581589035,-0.13986111202115126,0.283235369092144,0.6076349436730343,0.28457376608067386,0.5587703603052273,0.03580756964213294,-0.13986111202115104,H1,"H1,H2,OOS,CAGR"
A,SMALL,SMALLk20d01,SMALL,10.0,2W,1,2,False,2.2577626589116138,0.024747178775891276,0.4364534618255544,-0.12600650463395313,0.28043486622173225,0.5546551114119752,0.22368956480294452,0.5387542592785983,0.03417009396447379,-0.1248966692249136,H1,"H1,H2,OOS,CAGR"
A,SMALL,SMALLk20d01,SMALL,10.0,2W,1,3,False,2.3282304789948878,0.024124540570577224,0.43408193605358686,-0.13883038114720403,0.3645073179561222,0.49439266601719545,0.3545672152824032,0.47655449390960747,0.02915167805123442,-0.13883038114720347,H1,"H1,H2,OOS,CAGR"
A,SMALL,SMALLk20d01,SMALL,10.0,2W,1,4,False,2.299607379758367,0.028059578160087195,0.49539959145249407,-0.13960722007484982,0.4040462519219635,0.5724899610164353,0.43345173416763105,0.5308091349723297,0.03313777393985062,-0.13960722007484982,H1,"H1,H2,OOS,CAGR"
A,SMALL,SMALLk20d01,SMALL,10.0,M,0,0,True,1.5776949918441616,0.03275287339558064,0.5620675892413836,-0.12899046806642755,0.4013616173795691,0.6892754444317359,0.3542397752509276,0.6664516616960405,0.04278932350017994,-0.12899046806642667,H1,"H1,H2,OOS,CAGR"
A,SMALL,SMALLk20d01,SMALL,10.0,M,0,1,False,1.587183839620027,0.034427531328034666,0.58380730472937,-0.14165044883184097,0.4578171627774025,0.687219367504014,0.4036051235869865,0.6753674317893208,0.04383191122635566,-0.14165044883184108,H1,"H1,H2,OOS,CAGR"
A,SMALL,SMALLk20d01,SMALL,10.0,M,0,2,False,1.6015595596178887,0.03497667957943995,0.5968053346002178,-0.13167471424978616,0.41302765293751653,0.7414845204283209,0.4187648381338822,0.6881785787487236,0.04417142887800418,-0.13167471424978572,H1,"H1,H2,OOS,CAGR"
A,SMALL,SMALLk20d01,SMALL,10.0,M,0,3,False,1.6588154177926038,0.03347178238667037,0.5680337466342149,-0.12801397027530104,0.39388513695713623,0.7040851065867182,0.4329487957892332,0.638207036589335,0.04130665321844029,-0.12801397027530115,H1,"H1,H2,OOS,CAGR"
A,SMALL,SMALLk20d01,SMALL,10.0,M,0,4,False,1.673587437546543,0.027536369821625772,0.46175951245061475,-0.14957884766908947,0.3791968639022925,0.5317767436331065,0.42559892644046093,0.48447937790723544,0.031609591909802504,-0.1495788476690878,H1,"H1,H2,OOS,CAGR"
A,SMALL,SMALLk20d01,SMALL,10.0,6W,0,0,True,1.2804907541156776,0.023575419572461342,0.4107279117597325,-0.14639838227593371,0.4473308530938815,0.3942419981531513,0.4518325522010054,0.39463579022903333,0.024276970726640812,-0.14639838227593271,"H1,H2","H1,H2,OOS,CAGR"
A,SMALL,SMALLk20d01,SMALL,10.0,6W,0,1,False,1.3037573287160518,0.018853296707611378,0.3380322753831139,-0.15870674896401982,0.3712738193339753,0.32272689585785835,0.29727478491945,0.36099279535429035,0.021814408802192098,-0.1587067489640197,"H1,H2","H1,H2,OOS,CAGR"
A,SMALL,SMALLk20d01,SMALL,10.0,6W,0,2,False,1.302583806040672,0.018646309774979608,0.3348643197541734,-0.16838380445264145,0.39945915964398016,0.2980174733009599,0.31709708861894575,0.34693653962660875,0.02093734024975813,-0.16838380445264178,"H1,H2","H1,H2,OOS,CAGR"
A,SMALL,SMALLk20d01,SMALL,10.0,6W,0,3,False,1.2769440597744541,0.01769484806535737,0.3169026210068789,-0.16850873531538035,0.3976259443472528,0.2694280020779851,0.2798182455765363,0.33804819724169405,0.020569982754857996,-0.16850873531538035,"H1,H2","H1,H2,OOS,CAGR"
A,SMALL,SMALLk20d01,SMALL,10.0,6W,0,4,False,1.2725267955027426,0.020296040553239303,0.356451482674201,-0.1495172017596671,0.3202888663411151,0.3909413403271543,0.2632124206250678,0.40438801675207786,0.02532818765552136,-0.14951720175966743,"H1,H2","H1,H2,OOS,CAGR"
A,SMALL,SMALLk20d01,SMALL,10.0,6W,1,0,False,1.2798102496090893,0.023022347637590812,0.39771007980787726,-0.1506793727005309,0.31220061975364255,0.4679516636175137,0.32772854794304535,0.435302505928604,0.02772854100589872,-0.150679372700531,H1,"H1,H2,OOS,CAGR"
A,SMALL,SMALLk20d01,SMALL,10.0,6W,1,1,False,1.312881593288306,0.02311333771731028,0.40103338458241417,-0.15373930736427122,0.2936071884041086,0.48655976523454614,0.3471106987097815,0.43131156660786724,0.027319976182806904,-0.15373930736427077,H1,"H1,H2,OOS,CAGR"
A,SMALL,SMALLk20d01,SMALL,10.0,6W,1,2,False,1.280129086773919,0.028260915334251235,0.48426829496801793,-0.13021116174431702,0.33225202024789274,0.6034748480161976,0.3540294757779154,0.5510535549971669,0.03538911468652861,-0.13021116174431702,H1,"H1,H2,OOS,CAGR"
A,SMALL,SMALLk20d01,SMALL,10.0,6W,1,3,False,1.3167782554668916,0.02834608611473488,0.48945783286834665,-0.15369601557922674,0.4013572537646106,0.5639446830060848,0.4001855435882623,0.5372183428986228,0.034035046992105134,-0.15369601557922674,H1,"H1,H2,OOS,CAGR"
A,SMALL,SMALLk20d01,SMALL,10.0,6W,1,4,False,1.2847615628154851,0.0308693098119297,0.5305211044266778,-0.15732259186107178,0.4575417465814771,0.5955704578724035,0.460804431980136,0.5694894288237455,0.03615890778498909,-0.1573225918610709,H1,"H1,H2,OOS,CAGR"
A,SMALL,SMALLk20d01,SMALL,10.0,6W,2,0,False,1.299437126072665,0.03183414290650943,0.5470219911121462,-0.16957574153398824,0.38540996634290764,0.6749134281000831,0.35615201178234207,0.6445065181337537,0.04103101426218503,-0.1695757415339888,H1,"H1,H2,OOS,CAGR"
A,SMALL,SMALLk20d01,SMALL,10.0,6W,2,1,False,1.285468402331719,0.03402387469014445,0.5751454952761276,-0.1547646426953052,0.36902333531980563,0.7329353770161939,0.34968855223426415,0.6871353464574536,0.04498298366769227,-0.1547646426953051,H1,"H1,H2,OOS,CAGR"
A,SMALL,SMALLk20d01,SMALL,10.0,6W,2,2,False,1.3346416779265826,0.03221534127442505,0.5590082811325972,-0.14448033968658236,0.28624953271410347,0.7613102862313654,0.3523919058956926,0.6613098157326538,0.04229377749894825,-0.14448033968658314,H1,"H1,H2,OOS,CAGR"
A,SMALL,SMALLk20d01,SMALL,10.0,6W,2,3,False,1.3385458462050817,0.031395175132455266,0.5415442049877437,-0.15724725695477593,0.2038480131506475,0.7861691638619205,0.23366602070037532,0.6895738347228058,0.044640360124261314,-0.15724725695477604,H1,"H1,H2,OOS,CAGR"
A,SMALL,SMALLk20d01,SMALL,10.0,6W,2,4,False,1.347463317737538,0.02926924275069953,0.5031790713416888,-0.1452746017616502,0.21530193572061407,0.712503692393496,0.22247165646566971,0.6373183116384243,0.04150724474737921,-0.14527460176165097,H1,"H1,H2,OOS,CAGR"
A,SMALL,SMALLk20d01,SMALL,10.0,6W,3,0,False,1.3265342658390513,0.03431420109526595,0.5738071422483858,-0.1461495644293962,0.2677342583764127,0.7956261447967886,0.2608350219803635,0.7230509516040732,0.0484647781035239,-0.14614956442939508,H1,"H1,H2,OOS,CAGR"
A,SMALL,SMALLk20d01,SMALL,10.0,6W,3,1,False,1.3141571708442743,0.03286978588257128,0.560447868847396,-0.1263228069812664,0.33484716928330527,0.7293883108953068,0.326506547065505,0.6744227624961755,0.044112262909628,-0.12632280698126597,H1,"H1,H2,OOS,CAGR"
A,SMALL,SMALLk20d01,SMALL,10.0,6W,3,2,False,1.278092688024406,0.037763839630405416,0.6389290589595555,-0.12550446450070196,0.46630685020431106,0.7751535365165989,0.4986918562240581,0.7119640338861714,0.04667075733277182,-0.12550446450070207,H1,"H1,H2,OOS,CAGR"
A,SMALL,SMALLk20d01,SMALL,10.0,6W,3,3,False,1.2840148492314472,0.03574035113014706,0.6170800443697356,-0.1330598974520928,0.5036950267612517,0.712653646649262,0.4726672939839146,0.6921555096408084,0.04407501101745592,-0.1330598974520929,H1,"H1,H2,OOS,CAGR"
A,SMALL,SMALLk20d01,SMALL,10.0,6W,3,4,False,1.270021487061228,0.04004215845523218,0.6898894237604563,-0.12455439718938377,0.611935604627205,0.7632612393918239,0.6039506740209855,0.73860854594019,0.0470292676038655,-0.12455439718938333,H1,"H1,H2,OOS,CAGR"
A,SMALL,SMALLk20d01,SMALL,10.0,6W,4,0,False,1.2571369276436122,0.03428582676784098,0.5945365429309878,-0.11858792550159247,0.5887603826173858,0.6130141212348602,0.6262417354094781,0.5849895979522519,0.03640078907513855,-0.11858792550159214,H1,"H1,H2,OOS,CAGR"
A,SMALL,SMALLk20d01,SMALL,10.0,6W,4,1,False,1.239870625391649,0.03156413960388593,0.5485065190882215,-0.12574214302588593,0.567243940636537,0.5491340196960013,0.5501949027093019,0.5531763904532686,0.034431520074334365,-0.12574214302588527,H1,"H1,H2,OOS,CAGR"
A,SMALL,SMALLk20d01,SMALL,10.0,6W,4,2,False,1.260690362669457,0.03157307437384449,0.5479820377960222,-0.1259293399140311,0.547148043918068,0.5610236265816276,0.5711271599049778,0.5414255817634871,0.03353087804257093,-0.12592933991403055,H1,"H1,H2,OOS,CAGR"
A,SMALL,SMALLk20d01,SMALL,10.0,6W,4,3,False,1.2268434405197912,0.03518406943235708,0.607180792984314,-0.12577179093201907,0.6047713752814757,0.6214516941903868,0.6171529478736706,0.6065739945709513,0.03761135550555017,-0.1257717909320205,H1,"H1,H2,OOS,CAGR"
A,SMALL,SMALLk20d01,SMALL,10.0,6W,4,4,False,1.2386935063700897,0.03233736821055566,0.5494846610360437,-0.13005868704828605,0.600083633542291,0.525700041302728,0.6864578295568082,0.4877421753930223,0.03060743161639712,-0.13005868704828605,H1,"H1,H2,OOS,CAGR"
A,SMALL,SMALLk20d01,SMALL,10.0,6W,5,0,False,1.2442514379735596,0.02648610324259959,0.45445471563004053,-0.14328160970509995,0.5493482359695095,0.39587576486606085,0.5960957155248593,0.3873124209669595,0.023759189242028578,-0.14328160970510018,"H1,H2","H1,H2,OOS,CAGR"
A,SMALL,SMALLk20d01,SMALL,10.0,6W,5,1,False,1.2443513050835904,0.02927652931914393,0.5033434173480138,-0.15416274148173104,0.5632131035721375,0.4708093192505037,0.6235433953584624,0.4465507558681847,0.027445415732325618,-0.15416274148173126,H1,"H1,H2,OOS,CAGR"
A,SMALL,SMALLk20d01,SMALL,10.0,6W,5,2,False,1.2635516362818016,0.029918169825353225,0.5162499678799397,-0.16040279786081624,0.6008678800059538,0.46910120770241237,0.6505110329519149,0.455920310690994,0.02817003824376263,-0.16040279786081402,H1,"H1,H2,OOS,CAGR"
A,SMALL,SMALLk20d01,SMALL,10.0,6W,5,3,False,1.2730254292469325,0.027794177797176634,0.4843179731360685,-0.14546784851815775,0.5184143393625741,0.4716716604244835,0.5169774547812959,0.4729203541943308,0.02917102833480234,-0.14546784851815764,H1,"H1,H2,OOS,CAGR"
A,SMALL,SMALLk20d01,SMALL,10.0,6W,5,4,False,1.257185303339131,0.02416370584870453,0.4218929253863556,-0.15177476677468393,0.49404558737027154,0.38214951528392843,0.5126974068899762,0.3824674587068276,0.023396157980593024,-0.15177476677468393,"H1,H2","H1,H2,OOS,CAGR"
A,SMALL,SMALLk20d01,SMALL,10.0,Q,0,0,True,0.7447146532402684,0.02035393336168534,0.34510926947493603,-0.16398893590859276,0.5000414554119369,0.24611669957514204,0.468358603571557,0.291021046208929,0.01813774623216835,-0.16398893590859343,"H1,H2","H1,H2,OOS,CAGR"
A,SMALL,SMALLk20d01,SMALL,10.0,Q,0,1,False,0.7640767827451895,0.01898103799860884,0.32770766482015073,-0.16588169690238108,0.5095949394507686,0.20817560663681745,0.47684175472388074,0.2596596338875548,0.015658533541863973,-0.16588169690237986,"H1,H2","H1,H2,OOS,CAGR"
A,SMALL,SMALLk20d01,SMALL,10.0,Q,0,2,False,0.7628407435175227,0.02026215821549715,0.349987314176429,-0.15885560144126665,0.459895457695635,0.2794628496282093,0.4512235394017094,0.30424725759895965,0.018592727704345835,-0.15885560144126643,"H1,H2","H1,H2,OOS,CAGR"
A,SMALL,SMALLk20d01,SMALL,10.0,Q,0,3,False,0.775030249236373,0.018908836535453277,0.333557642708778,-0.15845457887349013,0.4936986480428801,0.2281184024606743,0.5380004141489995,0.2370669160918167,0.013720059340158075,-0.15845457887349046,"H1,H2","H1,H2,OOS,CAGR"
A,SMALL,SMALLk20d01,SMALL,10.0,Q,0,4,False,0.7780804214336899,0.015303339340788868,0.2725568828387358,-0.1584688046969972,0.3945325249999211,0.18971278845369996,0.4782775367803789,0.17333669936648224,0.009505501396094962,-0.1584688046969973,"H1,H2","H1,H2,OOS,CAGR"
A,SMALL,SMALLk20d02,SMALL,10.0,D,0,0,True,5.746687825385989,0.000585712509182601,0.03744675266486828,-0.31841798289609535,0.4532176821076695,-0.25791220871394427,0.4215342369726052,-0.1271398820706835,-0.009150417805137145,-0.3184179828960937,"H1,H2","H1,H2,OOS,DD,CAGR"
A,SMALL,SMALLk20d02,SMALL,10.0,2D,0,0,True,4.225737192638753,0.005759817734051653,0.13456198180030735,-0.2792911256193549,0.532932364900799,-0.14263214563318594,0.4817989712120723,-0.008282563921688565,-0.0022720060045514634,-0.27929112561935454,"H1,H2","H1,H2,OOS,DD,CAGR"
A,SMALL,SMALLk20d02,SMALL,10.0,2D,1,0,False,4.240673812188584,0.0012153692093319624,0.04940377751614683,-0.32778241801275,0.481419824869409,-0.26034262628329047,0.41467958995062554,-0.10925082486708951,-0.008103045826193922,-0.32778241801274877,"H1,H2","H1,H2,OOS,DD,CAGR"
A,SMALL,SMALLk20d02,SMALL,10.0,W,0,0,True,2.8850645522103213,0.004777159985306811,0.11559852499347627,-0.27902762123357605,0.4796257247554026,-0.13706654840873086,0.39927991268817853,-0.0013988265340073311,-0.0018940247037496638,-0.2790276212335757,"H1,H2","H1,H2,OOS,DD,CAGR"
A,SMALL,SMALLk20d02,SMALL,10.0,W,0,1,False,2.954214807226189,0.0039549806494993955,0.09977518902854707,-0.2659023316484199,0.40718722974005406,-0.11085665524905614,0.38945397230413237,-0.018628595447331395,-0.003001731225486748,-0.2659023316484206,"H1,H2","H1,H2,OOS,DD,CAGR"
A,SMALL,SMALLk20d02,SMALL,10.0,W,0,2,False,2.944867968966304,0.005915642975972357,0.13602106596474767,-0.26357767409433486,0.47294156491537825,-0.0994873011476612,0.43311190681225115,0.013983775001016533,-0.0009927499459368994,-0.26357767409433963,"H1,H2","H1,H2,OOS,DD,CAGR"
A,SMALL,SMALLk20d02,SMALL,10.0,W,0,3,False,2.9153513566993943,0.012277468281378656,0.25369404234468285,-0.2597741842295964,0.5346014917387647,0.06102381888640077,0.4698490946287306,0.16547250743147862,0.00816301160638,-0.25977418422959664,"H1,H2","H1,H2,OOS,DD,CAGR"
A,SMALL,SMALLk20d02,SMALL,10.0,W,0,4,False,2.9105545322936908,0.0077104390424829194,0.17093047866295574,-0.26664435981097,0.5465654720543256,-0.09631706801918068,0.4824602295889809,0.03702954442910272,0.00044286868925791367,-0.26664435981097123,"H1,H2","H1,H2,OOS,DD,CAGR"
A,SMALL,SMALLk20d02,SMALL,10.0,2W,0,0,True,2.0550816690067943,0.00991959410531984,0.2100703493022207,-0.2347053574817778,0.5776900668618277,-0.043262302439628364,0.4514382724753419,0.11242633740899056,0.004977625815787867,-0.2347053574817768,"H1,H2","H1,H2,OOS,DD,CAGR"
A,SMALL,SMALLk20d02,SMALL,10.0,2W,0,1,False,2.129230468938337,0.013270028525631083,0.272016167975762,-0.20512312225420015,0.4982167319595096,0.12069054357201439,0.41593393555068614,0.2156969659824277,0.01121173401329445,-0.20512312225420248,"H1,H2","H1,H2,OOS,DD,CAGR"
A,SMALL,SMALLk20d02,SMALL,10.0,2W,0,2,False,2.0956222163016456,0.013418500881699602,0.27412260554556794,-0.22330606567788802,0.5367678307964455,0.09171145741736511,0.41865150887197944,0.21595220665727888,0.011213338005731988,-0.22330606567789024,"H1,H2","H1,H2,OOS,DD,CAGR"
A,SMALL,SMALLk20d02,SMALL,10.0,2W,0,3,False,2.018950656661249,0.01553312302263743,0.3136035363574476,-0.23449625782334405,0.5682275839529665,0.1384198124067161,0.4743989910906485,0.2502540498736397,0.013291102494911389,-0.2344962578233455,"H1,H2","H1,H2,OOS,DD,CAGR"
A,SMALL,SMALLk20d02,SMALL,10.0,2W,0,4,False,2.037559823484492,0.013701657604431317,0.27952350529123327,-0.23184199484284418,0.5867254076227059,0.060242880017002357,0.42866685034474145,0.21744747349444968,0.011245087305793877,-0.23184199484284695,"H1,H2","H1,H2,OOS,DD,CAGR"
A,SMALL,SMALLk20d02,SMALL,10.0,2W,1,0,False,2.0896067201978923,0.008737048515094381,0.18746175598250464,-0.24175291016641465,0.5698616128934392,-0.082875990061996,0.45392293229752273,0.07436004585697543,0.0026697645264615044,-0.24175291016641387,"H1,H2","H1,H2,OOS,DD,CAGR"
A,SMALL,SMALLk20d02,SMALL,10.0,2W,1,1,False,2.1708835839378446,0.002191950731767811,0.06714081238510072,-0.27780578659341515,0.44165089719270334,-0.1887851261966205,0.36782401394011005,-0.05419719111714014,-0.0053879935692433545,-0.27780578659341437,"H1,H2","H1,H2,OOS,DD,CAGR"
A,SMALL,SMALLk20d02,SMALL,10.0,2W,1,2,False,2.1036816065375152,0.008752383627836036,0.18347335135124807,-0.248505164768838,0.5898414192361889,-0.09264589495941057,0.5536915508401316,0.03741299385621897,0.00036332644815306736,-0.24850516476883666,"H1,H2","H1,H2,OOS,DD,CAGR"
A,SMALL,SMALLk20d02,SMALL,10.0,2W,1,3,False,2.0624769853445106,0.014251998127885468,0.28263432066849126,-0.23994458758274906,0.6066443667916519,0.06703053558782765,0.5602442561892593,0.17567195291997545,0.009079881407419998,-0.23994458758274828,"H1,H2","H1,H2,OOS,DD,CAGR"
A,SMALL,SMALLk20d02,SMALL,10.0,2W,1,4,False,2.110868916471685,0.00818140236062237,0.1774815176776823,-0.2422116030574467,0.5374983589417702,-0.06972882591498825,0.5017893533961948,0.04539209135745828,0.0009120448255908187,-0.2422116030574476,"H1,H2","H1,H2,OOS,DD,CAGR"
A,SMALL,SMALLk20d02,SMALL,10.0,M,0,0,True,1.439225268826878,0.021676601049238187,0.42863225456961745,-0.17892027756857387,0.7405214258946223,0.212408904463777,0.5747751353010653,0.37419803040583427,0.02071702619697735,-0.17892027756857498,"H1,H2","H1,H2,OOS,CAGR"
A,SMALL,SMALLk20d02,SMALL,10.0,M,0,1,False,1.4514987021546226,0.023198285739987057,0.4541806364023902,-0.18414184868370864,0.7531855416682471,0.24706730568881938,0.6126722695789102,0.39434793523351885,0.022036356094693454,-0.18414184868371009,H2,"H1,H2,OOS,CAGR"
A,SMALL,SMALLk20d02,SMALL,10.0,M,0,2,False,1.4444161177290966,0.023741384699826673,0.464821284445691,-0.17442202451332822,0.7250956299737499,0.281719038939662,0.5852591377690151,0.4165818941157671,0.023078822495339324,-0.17442202451332856,"H1,H2","H1,H2,OOS,CAGR"
A,SMALL,SMALLk20d02,SMALL,10.0,M,0,3,False,1.4156064769541443,0.01858276515793089,0.3674105161998536,-0.2042863824875566,0.7354523829680347,0.10732590769663952,0.6840636428250356,0.2345267400762981,0.01235418897479268,-0.20428638248755793,"H1,H2","H1,H2,OOS,DD,CAGR"
A,SMALL,SMALLk20d02,SMALL,10.0,M,0,4,False,1.452883689429587,0.01717613647463012,0.33767488574967924,-0.24225078150680568,0.8248456299080578,-0.00038547102581701673,0.6929976967861967,0.18729448756723008,0.009601077964956684,-0.24225078150680335,H2,"H1,H2,OOS,DD,CAGR"
A,SMALL,SMALLk20d02,SMALL,10.0,6W,0,0,True,1.1951560133299053,0.01709066551086935,0.32240348698942617,-0.21130421114391995,0.7231800179554124,0.06917702852945994,0.5195858352490151,0.2502180785763272,0.01429011620838927,-0.21130421114392173,"H1,H2","H1,H2,OOS,DD,CAGR"
A,SMALL,SMALLk20d02,SMALL,10.0,6W,0,1,False,1.166644527949536,0.017663623927424377,0.3366157298255891,-0.19891166081284883,0.5914119727337563,0.18383916676715845,0.40725666673814515,0.31753712679643104,0.018550806736642667,-0.1989116608128495,"H1,H2","H1,H2,OOS,CAGR"
A,SMALL,SMALLk20d02,SMALL,10.0,6W,0,2,False,1.1653908872732017,0.015116220958936388,0.29549712034348924,-0.22000787503078045,0.7171317721433988,0.02320576319547042,0.5328887799208369,0.20486858184584797,0.01101177298931555,-0.22000787503077834,"H1,H2","H1,H2,OOS,DD,CAGR"
A,SMALL,SMALLk20d02,SMALL,10.0,6W,0,3,False,1.1345896708399459,0.015266924394496284,0.30290482034805666,-0.20897258423483156,0.6898670067754388,0.03547547585400769,0.5334988240936305,0.21215498289931936,0.011243505555985633,-0.2089725842348279,"H1,H2","H1,H2,OOS,DD,CAGR"
A,SMALL,SMALLk20d02,SMALL,10.0,6W,0,4,False,1.184995764371234,0.01728474816014569,0.3437740855113896,-0.1919110783978153,0.7656516897540798,0.04978352344609673,0.5884945923190517,0.23950201979320493,0.01260913700152999,-0.19191107839781452,H2,"H1,H2,OOS,CAGR"
A,SMALL,SMALLk20d02,SMALL,10.0,6W,1,0,False,1.2019612467583427,0.0112164278470539,0.23167738253364967,-0.2209488139896132,0.7791941909607579,-0.18501872791487803,0.6819507621031957,0.026661916160453887,-0.0001966754045936714,-0.22094881398961308,H2,"H1,H2,OOS,DD,CAGR"
A,SMALL,SMALLk20d02,SMALL,10.0,6W,1,1,False,1.2126911840113657,0.004713342880797722,0.11262150731356592,-0.3032570252029908,0.7507904259256731,-0.34987051212657494,0.6850260311755048,-0.14033721125710824,-0.010425401048244853,-0.3032570252029899,H2,"H1,H2,OOS,DD,CAGR"
A,SMALL,SMALLk20d02,SMALL,10.0,6W,1,2,False,1.184249262718372,0.008676121690085248,0.18267237806817005,-0.24702194396883803,0.6706870488554414,-0.16965906790784446,0.6533167015497644,-0.025262727589658224,-0.0034564936721087625,-0.2470219439688407,"H1,H2","H1,H2,OOS,DD,CAGR"
A,SMALL,SMALLk20d02,SMALL,10.0,6W,1,3,False,1.2222389324361633,0.01763339353004123,0.3374230672937205,-0.20885215827984616,0.6269293357629971,0.14162048538266472,0.6325401673796878,0.2167982298695621,0.01175065821327581,-0.2088521582798455,"H1,H2","H1,H2,OOS,DD,CAGR"
A,SMALL,SMALLk20d02,SMALL,10.0,6W,1,4,False,1.1994021055095838,0.012520689310543176,0.249941220502919,-0.223541207716487,0.47914940260849487,0.10091768953331688,0.44499407847285327,0.1754534670609334,0.009127589894947441,-0.22354120771648545,"H1,H2","H1,H2,OOS,DD,CAGR"
A,SMALL,SMALLk20d02,SMALL,10.0,6W,2,0,False,1.1795890237210906,0.015188532708223512,0.30083580352590766,-0.22172829243435854,0.5680012199883266,0.12603250592462442,0.49608123105817326,0.22872015635363005,0.012382133025220954,-0.2217282924343601,"H1,H2","H1,H2,OOS,DD,CAGR"
A,SMALL,SMALLk20d02,SMALL,10.0,6W,2,1,False,1.218725329559109,0.013632041130406503,0.2734493988819252,-0.21304422673994872,0.5457230895784349,0.09460253291056636,0.47592428477433196,0.19539608675205627,0.010229048914812466,-0.21304422673994705,"H1,H2","H1,H2,OOS,DD,CAGR"
A,SMALL,SMALLk20d02,SMALL,10.0,6W,2,2,False,1.195209297892989,0.014214884195826505,0.28187520417731543,-0.19951925008913984,0.41841759992815397,0.190272940030569,0.3807885139137469,0.245180317070732,0.013376661587975347,-0.19951925008914229,"H1,H2","H1,H2,OOS,CAGR"
A,SMALL,SMALLk20d02,SMALL,10.0,6W,2,3,False,1.164222175204374,0.013816868132511706,0.2768040163730525,-0.18192052636232636,0.35328770627435885,0.2320073326045381,0.3162815452469537,0.26674324591311727,0.014701380765136607,-0.18192052636232559,"H1,H2","H1,H2,OOS,CAGR"
A,SMALL,SMALLk20d02,SMALL,10.0,6W,2,4,False,1.1733923973758151,0.016600293600909977,0.3273058060325528,-0.19259510255002676,0.4856026886327621,0.22254295582674022,0.3664505534435298,0.31746873688987765,0.017772958214873125,-0.19259510255002543,"H1,H2","H1,H2,OOS,CAGR"
A,SMALL,SMALLk20d02,SMALL,10.0,6W,3,0,False,1.1591502852399445,0.01877210354931358,0.3644465322756624,-0.17759849261501004,0.46296566213740836,0.3069465969990226,0.319960468887919,0.39133119038107217,0.02262200448053342,-0.17759849261501004,"H1,H2","H1,H2,OOS,CAGR"
A,SMALL,SMALLk20d02,SMALL,10.0,6W,3,1,False,1.171375917054374,0.018878403662511367,0.36630418883444626,-0.14455963475241573,0.5591630786148277,0.2407029842296661,0.4158726045313944,0.3542434414762899,0.0202784380503096,-0.14455963475241607,"H1,H2","H1,H2,OOS,CAGR"
A,SMALL,SMALLk20d02,SMALL,10.0,6W,3,2,False,1.1547537470175673,0.021072538682299635,0.403152015877765,-0.14199713550673054,0.6601390785784952,0.22919336984303787,0.524334249065731,0.3627189464948817,0.020953050600165835,-0.14199713550672866,"H1,H2","H1,H2,OOS,CAGR"
A,SMALL,SMALLk20d02,SMALL,10.0,6W,3,3,False,1.1622538499006785,0.023347953199387206,0.4459548446530728,-0.142275580761826,0.744146323178023,0.24402818143064955,0.5932320158493364,0.3938203726925651,0.022708716775028837,-0.14227558076182767,H2,"H1,H2,OOS,CAGR"
A,SMALL,SMALLk20d02,SMALL,10.0,6W,3,4,False,1.1278220140163147,0.021521264108299354,0.42649656631080113,-0.13749673091023673,0.7016680861159893,0.23034545934940673,0.5470950984200675,0.3812361391389094,0.021020423539426458,-0.13749673091023595,"H1,H2","H1,H2,OOS,CAGR"
A,SMALL,SMALLk20d02,SMALL,10.0,6W,4,0,False,1.1136178638894811,0.021053390734128152,0.42096645501364605,-0.1386785876478106,0.6501163764675933,0.25678158692566705,0.4741651719667524,0.40436131872916775,0.022180534730729118,-0.1386785876478115,"H1,H2","H1,H2,OOS,CAGR"
A,SMALL,SMALLk20d02,SMALL,10.0,6W,4,1,False,1.1857313123066324,0.021872696970965277,0.43177134846498144,-0.169169998020805,0.7234840588611464,0.22786820319239476,0.5416071767059498,0.3897300107641116,0.021509335787905703,-0.16916999802080623,"H1,H2","H1,H2,OOS,CAGR"
A,SMALL,SMALLk20d02,SMALL,10.0,6W,4,2,False,1.2162251427213155,0.023002293324310585,0.44636745804804834,-0.18096376475832665,0.7019031488281816,0.27391615712923717,0.5026618128935201,0.42882529444283496,0.02424851955356888,-0.1809637647583261,"H1,H2","H1,H2,OOS,CAGR"
A,SMALL,SMALLk20d02,SMALL,10.0,6W,4,3,False,1.2073163362812283,0.03206396957494517,0.5983205621776372,-0.13095868755116213,0.9735271311366858,0.35085964695283084,0.7985276136668333,0.5267925590179359,0.031211387877046137,-0.13095868755116113,H2,"H2,OOS,CAGR"
A,SMALL,SMALLk20d02,SMALL,10.0,6W,4,4,False,1.2046598623316007,0.025580076441542365,0.47714437834678886,-0.13952109723945538,0.8124847325404166,0.25804941208557436,0.6328677674023578,0.42144583151715415,0.024875515745842458,-0.13952109723945394,H2,"H1,H2,OOS,CAGR"
A,SMALL,SMALLk20d02,SMALL,10.0,6W,5,0,False,1.1872413171979064,0.02780835492353173,0.5060675289493415,-0.1615341988854545,0.8028337499202725,0.3303760830103177,0.6598855973973518,0.45694135613424514,0.02797031380557402,-0.16153419888545595,H2,"H1,H2,OOS,CAGR"
A,SMALL,SMALLk20d02,SMALL,10.0,6W,5,1,False,1.2161862795616296,0.0264935229484764,0.4677800056489101,-0.1542072732902946,0.7186616118618843,0.30666442966279256,0.5754819454417506,0.4418320393881102,0.028251759100588192,-0.1542072732902967,"H1,H2","H1,H2,OOS,CAGR"
A,SMALL,SMALLk20d02,SMALL,10.0,6W,5,2,False,1.207465633335182,0.020881713098240384,0.3806028821185864,-0.2133536271986961,0.8107359509424846,0.09169497282462775,0.6115216591172808,0.3024935659103304,0.01821510123905834,-0.21335362719869477,H2,"H1,H2,OOS,DD,CAGR"
A,SMALL,SMALLk20d02,SMALL,10.0,6W,5,3,False,1.1758427212047282,0.017819759719366557,0.32722924551394206,-0.24586607888071454,0.8431293951336073,-0.02653652578852565,0.5794603654672994,0.23791068289804265,0.013888659676301485,-0.24586607888071177,H2,"H1,H2,OOS,DD,CAGR"
A,SMALL,SMALLk20d02,SMALL,10.0,6W,5,4,False,1.202817058554093,0.018228559817415002,0.3404614981933846,-0.2174269170023182,0.77070323212341,0.06758931326670725,0.5480855239066353,0.2658204188118116,0.015415331869293336,-0.21742691700231798,H2,"H1,H2,OOS,DD,CAGR"
A,SMALL,SMALLk20d02,SMALL,10.0,Q,0,0,True,0.6726992063727296,0.015115921012586186,0.282762085636611,-0.18084103381821093,0.6650589887543573,0.03726442278793175,0.48143013766547144,0.20833597129551484,0.011761683095163677,-0.18084103381821048,"H1,H2","H1,H2,OOS,CAGR"
A,SMALL,SMALLk20d02,SMALL,10.0,Q,0,1,False,0.704678409864536,0.01677849825784805,0.3136355289647107,-0.18572783438106888,0.638815671596498,0.10664703117838772,0.5074270044705138,0.24109553524722924,0.01380915286788098,-0.185727834381071,"H1,H2","H1,H2,OOS,CAGR"
A,SMALL,SMALLk20d02,SMALL,10.0,Q,0,2,False,0.6937436798459858,0.014470539763521417,0.27454842181813877,-0.1828777186246825,0.7061534372835284,-0.007741439535880738,0.5089412737386856,0.1793001706976628,0.009630914812862823,-0.18287771862468138,"H1,H2","H1,H2,OOS,CAGR"
A,SMALL,SMALLk20d02,SMALL,10.0,Q,0,3,False,0.7051039958047779,0.015973066657715806,0.3025827308799607,-0.1695131362286577,0.8090952393009575,-0.04347183335567056,0.6419230837647476,0.1570838823382823,0.008050070747599003,-0.1695131362286586,H2,"H1,H2,OOS,CAGR"
A,SMALL,SMALLk20d02,SMALL,10.0,Q,0,4,False,0.7167744598668361,0.011237755527447213,0.22069879002656329,-0.19853099885544312,0.8461971748405736,-0.20234551854275754,0.6882808003711632,0.01545165616523986,-0.0010865174184468973,-0.19853099885544112,H2,"H1,H2,OOS,CAGR"
A,SMALL,SMALLk20d03,SMALL,10.0,D,0,0,True,5.358542654118159,0.006735599900869804,0.16100218273861733,-0.17175557394833585,0.19698552320973295,0.1402619468881215,0.2374682012034987,0.13032322763208995,0.005646309730882981,-0.17175557394833285,"H1,H2","H1,H2,OOS,CAGR"
A,SMALL,SMALLk20d03,SMALL,10.0,2D,0,0,True,3.8847940027465935,0.011853683559624573,0.2643069953972881,-0.16882655612204,0.29803902637613244,0.24853800494422218,0.27382610453949435,0.26497844408499344,0.013075847434916188,-0.16882655612204167,"H1,H2","H1,H2,OOS,CAGR"
A,SMALL,SMALLk20d03,SMALL,10.0,2D,1,0,False,4.074964312038607,0.005418914235954864,0.13443649628877738,-0.1615438341954344,0.2089560370307033,0.08557148259022562,0.22237896978604127,0.0977983666893488,0.0038543012938372367,-0.16154383419543328,"H1,H2","H1,H2,OOS,CAGR"
A,SMALL,SMALLk20d03,SMALL,10.0,W,0,0,True,2.70735946551991,0.011309995485212943,0.24770335733804008,-0.17535031658153122,0.3181867691393312,0.20702575844284185,0.25310206732474844,0.25017900097394474,0.012596454894747255,-0.17535031658153077,"H1,H2","H1,H2,OOS,CAGR"
A,SMALL,SMALLk20d03,SMALL,10.0,W,0,1,False,2.6746696815040845,0.007466180105725639,0.17360787352510473,-0.2084107319025681,0.17545195010477357,0.17794590426040383,0.2650761616151719,0.13804675584200052,0.006177930406436216,-0.2084107319025661,"H1,H2","H1,H2,OOS,DD,CAGR"
A,SMALL,SMALLk20d03,SMALL,10.0,W,0,2,False,2.7222057117830736,0.008081745240670735,0.18659859317163785,-0.20350710109738668,0.39225805329092717,0.04775532247754056,0.49444418668888795,0.05241506716036606,0.0013715627643031691,-0.203507101097385,"H1,H2","H1,H2,OOS,DD,CAGR"
A,SMALL,SMALLk20d03,SMALL,10.0,W,0,3,False,2.6845847748943417,0.005440625760310347,0.13447124433474844,-0.1951223293094433,0.21681850766496555,0.08160997553428667,0.19391615234701057,0.11069473389289132,0.00457961274609664,-0.1951223293094435,"H1,H2","H1,H2,OOS,CAGR"
A,SMALL,SMALLk20d03,SMALL,10.0,W,0,4,False,2.7658112310798657,0.008203894837056858,0.1895307050218073,-0.17934001520308684,0.2860193750982875,0.12717815086365852,0.30438908576302093,0.14211553416901587,0.006325005670851702,-0.17934001520308762,"H1,H2","H1,H2,OOS,CAGR"
A,SMALL,SMALLk20d03,SMALL,10.0,2W,0,0,True,1.9902592282464844,0.012812296236830223,0.2771549514517922,-0.17438895954894662,0.39870976219444604,0.20059515167718944,0.35315399884546406,0.24846608297394357,0.012437874087044776,-0.17438895954894817,"H1,H2","H1,H2,OOS,CAGR"
A,SMALL,SMALLk20d03,SMALL,10.0,2W,0,1,False,1.968744352727713,0.012038469280549524,0.2633376274835434,-0.20242625100797762,0.3947164719267054,0.18038702149539945,0.3377553176885393,0.235127574110486,0.01161963079985684,-0.20242625100797673,"H1,H2","H1,H2,OOS,DD,CAGR"
A,SMALL,SMALLk20d03,SMALL,10.0,2W,0,2,False,1.9755719686610933,0.015530439142908081,0.32945569268122005,-0.1930525866122218,0.4615080384061933,0.24617299285970284,0.4458650098515648,0.28232288594865507,0.014336346040370263,-0.19305258661222324,"H1,H2","H1,H2,OOS,CAGR"
A,SMALL,SMALLk20d03,SMALL,10.0,2W,0,3,False,1.9917506928820337,0.017923882332027352,0.3757456396876735,-0.16509978354867916,0.3992663712196692,0.37206160323144893,0.348477299420301,0.39516683573213623,0.021029057845465937,-0.16509978354867805,"H1,H2","H1,H2,OOS,CAGR"
A,SMALL,SMALLk20d03,SMALL,10.0,2W,0,4,False,1.9992477766067756,0.01691194599324297,0.3551015798384466,-0.1563945781996383,0.35288507374950984,0.3670485637708155,0.24516969155357993,0.4094214451848735,0.02184340193208234,-0.15639457819963842,"H1,H2","H1,H2,OOS,CAGR"
A,SMALL,SMALLk20d03,SMALL,10.0,2W,1,0,False,1.9772254301348262,0.010791657760273576,0.2375191300428314,-0.18960659603360308,0.337996524007448,0.17573210834182157,0.24949077946652662,0.23711922370683908,0.011866673329140376,-0.18960659603360264,"H1,H2","H1,H2,OOS,CAGR"
A,SMALL,SMALLk20d03,SMALL,10.0,2W,1,1,False,1.9570473336339218,0.009965495434031801,0.22197916332635564,-0.181301458055951,0.19718816884982873,0.24563048627747738,0.25264470001282646,0.21319680790752968,0.010464431446702616,-0.18130145805595255,"H1,H2","H1,H2,OOS,CAGR"
A,SMALL,SMALLk20d03,SMALL,10.0,2W,1,2,False,1.9981484799863998,0.003497069530422614,0.0951206303186661,-0.19579342832069013,0.27248777382078204,-0.027076759678851293,0.30129995016355604,0.00533648425089759,-0.0012192664597563407,-0.1957934283206898,"H1,H2","H1,H2,OOS,CAGR"
A,SMALL,SMALLk20d03,SMALL,10.0,2W,1,3,False,1.9579078740225362,0.007014390094997269,0.16685290713916026,-0.20364762823307903,0.38746052060705694,0.015969930532505783,0.2851633477756465,0.1170793403550703,0.004901471044882699,-0.20364762823307703,"H1,H2","H1,H2,OOS,DD,CAGR"
A,SMALL,SMALLk20d03,SMALL,10.0,2W,1,4,False,1.9844995164711368,0.008937459526535907,0.2029788384731284,-0.23325189873195995,0.4527741845579939,0.035598506590341514,0.46418716716686886,0.09298652860737719,0.003632264267312335,-0.23325189873195995,"H1,H2","H1,H2,OOS,DD,CAGR"
A,SMALL,SMALLk20d03,SMALL,10.0,M,0,0,True,1.3932403082491955,0.01524010378029872,0.3177114414264518,-0.17919119877599166,0.4339311413883779,0.24762990154753936,0.3695769276786461,0.3017672437220691,0.01591450532531602,-0.17919119877599288,"H1,H2","H1,H2,OOS,CAGR"
A,SMALL,SMALLk20d03,SMALL,10.0,M,0,1,False,1.3945574280746988,0.01756410529301422,0.3644074425642638,-0.17222543432042392,0.33890514515248277,0.3932199991004448,0.23653345223996225,0.42633207958783154,0.023132409590860714,-0.1722254343204268,"H1,H2","H1,H2,OOS,CAGR"
A,SMALL,SMALLk20d03,SMALL,10.0,M,0,2,False,1.413812630043715,0.01481475491321893,0.3163925894531688,-0.14507692037950115,0.21194962705304352,0.3972443543012363,0.036300661889221854,0.44634407389536757,0.023662320190144914,-0.14507692037949904,"H1,H2","H1,H2,OOS,CAGR"
A,SMALL,SMALLk20d03,SMALL,10.0,M,0,3,False,1.408497248425864,0.014902624723283298,0.3119508262805659,-0.14684752360674325,0.34126463039272814,0.30352719384145166,0.24581016334826195,0.34657502849487276,0.018584244615981405,-0.14684752360674502,"H1,H2","H1,H2,OOS,CAGR"
A,SMALL,SMALLk20d03,SMALL,10.0,M,0,4,False,1.3839147160962075,0.013872057095378088,0.2936987241208069,-0.1609901789678252,0.4874442008686621,0.1770567963496221,0.31166323981141225,0.29223662925464994,0.015276154325204239,-0.1609901789678242,"H1,H2","H1,H2,OOS,CAGR"
A,SMALL,SMALLk20d03,SMALL,10.0,6W,0,0,True,1.1263991699797322,0.008932080338656778,0.19800645965571642,-0.1822679216453722,0.40981244553557616,0.05697837925653566,0.3636529822684786,0.13059774468467802,0.005882419709288156,-0.1822679216453702,"H1,H2","H1,H2,OOS,CAGR"
A,SMALL,SMALLk20d03,SMALL,10.0,6W,0,1,False,1.141075750137896,0.0006564057602571616,0.03844822345545997,-0.20938450927823726,0.25179468526989074,-0.10859670646257717,0.19517563286356604,-0.029793290950107798,-0.0033124068928880313,-0.2093845092782396,"H1,H2","H1,H2,OOS,DD,CAGR"
A,SMALL,SMALLk20d03,SMALL,10.0,6W,0,2,False,1.1307073150378952,0.0031369708538044883,0.08718450693162373,-0.20103137483965994,0.33726178231250803,-0.07798288665768263,0.30327855135743353,-0.002601186342324302,-0.0017524859147305394,-0.20103137483966138,"H1,H2","H1,H2,OOS,CAGR"
A,SMALL,SMALLk20d03,SMALL,10.0,6W,0,3,False,1.1277040724348495,0.0026163836045889344,0.0763168640263246,-0.19848563275668452,0.33244973118979615,-0.09306560961100448,0.285500733416979,-0.008721470153612678,-0.002211366670312298,-0.19848563275668574,"H1,H2","H1,H2,OOS,CAGR"
A,SMALL,SMALLk20d03,SMALL,10.0,6W,0,4,False,1.146302424793761,-0.0011047319785845167,0.005966957761010217,-0.2310438668327902,0.33673879942435314,-0.21378916210828122,0.21401663746331664,-0.08271101143434376,-0.006686749083432919,-0.2310438668327912,"H1,H2","H1,H2,OOS,DD,CAGR"
A,SMALL,SMALLk20d03,SMALL,10.0,6W,1,0,False,1.1415469273218655,0.00016006516489741607,0.029849705463821995,-0.22229411398251442,0.21770159108181364,-0.09299107313272952,0.10566326792322119,-0.00031833286771645154,-0.001857470031233266,-0.22229411398251475,"H1,H2","H1,H2,OOS,DD,CAGR"
A,SMALL,SMALLk20d03,SMALL,10.0,6W,1,1,False,1.1422464200154496,0.0072624086477437455,0.16359543645242874,-0.18791191784024996,0.28186740449894443,0.09024474762659773,0.20082409981652136,0.15117317461375193,0.007204504618646412,-0.18791191784025008,"H1,H2","H1,H2,OOS,CAGR"
A,SMALL,SMALLk20d03,SMALL,10.0,6W,1,2,False,1.1419272341775493,0.004791190449341842,0.11754010611457329,-0.18892945611294987,0.2527013614860511,0.0306207667191577,0.1608720132629913,0.10173986144359609,0.0042538003145726755,-0.1889294561129501,"H1,H2","H1,H2,OOS,CAGR"
A,SMALL,SMALLk20d03,SMALL,10.0,6W,1,3,False,1.1473375561185177,0.007636163428006437,0.1708049586814384,-0.23980471189532593,0.43288756696048625,0.00860530499750164,0.20200106105412585,0.16206149201197134,0.007886047592262191,-0.23980471189532693,"H1,H2","H1,H2,OOS,DD,CAGR"
A,SMALL,SMALLk20d03,SMALL,10.0,6W,1,4,False,1.1375591102440672,0.008741235329671415,0.18996399411944903,-0.2285148720370771,0.4353549338878742,0.03824015190779408,0.25984642285334036,0.16561948478465835,0.008171306955750968,-0.228514872037079,"H1,H2","H1,H2,OOS,DD,CAGR"
A,SMALL,SMALLk20d03,SMALL,10.0,6W,2,0,False,1.1297640205260038,0.011851127791454141,0.24867677496136625,-0.23181613167250203,0.475620760580857,0.10819546747235301,0.2928001672876421,0.2355014989073864,0.012310905078778411,-0.23181613167250015,"H1,H2","H1,H2,OOS,DD,CAGR"
A,SMALL,SMALLk20d03,SMALL,10.0,6W,2,1,False,1.1212135675456358,0.017903465563613885,0.35643439329718857,-0.17277808964392427,0.36058703411306503,0.36838794053215135,0.2503007273781,0.4085315113839651,0.023332271277784145,-0.17277808964392327,"H1,H2","H1,H2,OOS,CAGR"
A,SMALL,SMALLk20d03,SMALL,10.0,6W,2,2,False,1.144350358953347,0.018526767040810688,0.36803033861552803,-0.16340220227666513,0.4020690473813644,0.3570796970944157,0.32340764138002404,0.39463075466198677,0.02218668222153397,-0.16340220227666535,"H1,H2","H1,H2,OOS,CAGR"
A,SMALL,SMALLk20d03,SMALL,10.0,6W,2,3,False,1.1257954599275133,0.019978996393922088,0.3995618184937008,-0.15863661558507136,0.3824094312133762,0.4260464567553041,0.33385565438651077,0.43652755348597483,0.024701932682209105,-0.15863661558507247,H1,"H1,H2,OOS,CAGR"
A,SMALL,SMALLk20d03,SMALL,10.0,6W,2,4,False,1.1211924572881982,0.012626325219255108,0.2692094028341274,-0.17815385627916547,0.33911703596220033,0.23333593300031563,0.26263311970489434,0.2787260528180676,0.014645759763535438,-0.17815385627916813,"H1,H2","H1,H2,OOS,CAGR"
A,SMALL,SMALLk20d03,SMALL,10.0,6W,3,0,False,1.0788228198551724,0.014824582327774172,0.310172681108693,-0.17081510216496365,0.32629879732069267,0.31089352931077846,0.2651123890344642,0.33620444136847577,0.018080743636503138,-0.17081510216496176,"H1,H2","H1,H2,OOS,CAGR"
A,SMALL,SMALLk20d03,SMALL,10.0,6W,3,1,False,1.0959573049722506,0.014983723220558742,0.3216191688634944,-0.12119917249955092,0.22582123217231367,0.39606269539202404,0.2575227082457459,0.3556028816326191,0.01859492954771902,-0.12119917249955237,"H1,H2","H1,H2,OOS,CAGR"
A,SMALL,SMALLk20d03,SMALL,10.0,6W,3,2,False,1.1384188622450786,0.018128798690187686,0.38228108341032174,-0.13023993944506795,0.3269117384013618,0.43146523714134544,0.31710072986250915,0.417830229828813,0.02212345174036523,-0.13023993944507128,H1,"H1,H2,OOS,CAGR"
A,SMALL,SMALLk20d03,SMALL,10.0,6W,3,3,False,1.1349868820273517,0.020649748417735037,0.4333879061752778,-0.09441517504438424,0.37505011139576966,0.48659302091719664,0.2633652507027187,0.5146803469455485,0.027629134587061843,-0.08923463923804442,H1,"H1,H2,OOS,CAGR"
A,SMALL,SMALLk20d03,SMALL,10.0,6W,3,4,False,1.0983564793382858,0.02628027515982123,0.5314506869184383,-0.09432156307342798,0.5493728467244026,0.5376772059708785,0.5071139150752736,0.5527202478463876,0.030505326574113534,-0.0943215630734281,H1,"H1,H2,OOS,CAGR"
A,SMALL,SMALLk20d03,SMALL,10.0,6W,4,0,False,1.096110600687931,0.022120833053929534,0.45175659347664504,-0.11928767253939332,0.45384846863864436,0.4665740099130548,0.4119730773130287,0.4784302316813912,0.026247128775208184,-0.11928767253939376,H1,"H1,H2,OOS,CAGR"
A,SMALL,SMALLk20d03,SMALL,10.0,6W,4,1,False,1.1588220697026517,0.019722199346745795,0.40226070246416423,-0.151807189751891,0.3511736019306774,0.44970319606383097,0.26517094744814407,0.4691923196454541,0.02580587932119971,-0.15180718975189023,H1,"H1,H2,OOS,CAGR"
A,SMALL,SMALLk20d03,SMALL,10.0,6W,4,2,False,1.1397362901014565,0.022330839325775065,0.4481412502771296,-0.15420473128452705,0.40813247097031735,0.4903574841516276,0.3681195474786639,0.4915013681089087,0.027449834082168945,-0.15420473128452772,H1,"H1,H2,OOS,CAGR"
A,SMALL,SMALLk20d03,SMALL,10.0,6W,4,3,False,1.1554244698477436,0.017582392917750544,0.3608539103189799,-0.16035655313575747,0.31502190069930097,0.40318310057371737,0.24409174068168807,0.41823294713229364,0.022842474822404757,-0.1603565531357568,"H1,H2","H1,H2,OOS,CAGR"
A,SMALL,SMALLk20d03,SMALL,10.0,6W,4,4,False,1.1588561480545172,0.013734019256961494,0.2850464657065998,-0.1822051605574807,0.377513106879834,0.22979745006539146,0.2621346640101248,0.3003362353636721,0.016037753060022197,-0.18220516055748137,"H1,H2","H1,H2,OOS,CAGR"
A,SMALL,SMALLk20d03,SMALL,10.0,6W,5,0,False,1.106011166825538,0.015073598474499406,0.3118477885599644,-0.1914103131431535,0.4446610973552932,0.2304313090566312,0.3843188970610363,0.28648390648135474,0.015132334145340653,-0.19141031314315426,"H1,H2","H1,H2,OOS,CAGR"
A,SMALL,SMALLk20d03,SMALL,10.0,6W,5,1,False,1.0982845697615982,0.012737436463758245,0.2677605218305284,-0.16221410070558107,0.33835093351225654,0.2278801664618231,0.3253687810656673,0.2477703360655545,0.012835059024942641,-0.16221410070558095,"H1,H2","H1,H2,OOS,CAGR"
A,SMALL,SMALLk20d03,SMALL,10.0,6W,5,2,False,1.0773189230646127,0.009655607624635687,0.21234656472894292,-0.1831397090064525,0.41169953987477037,0.07837249562772836,0.418086340293193,0.1260511548990932,0.0055911587688739495,-0.18313970900645304,"H1,H2","H1,H2,OOS,CAGR"
A,SMALL,SMALLk20d03,SMALL,10.0,6W,5,3,False,1.0898419869242384,0.010399733393716692,0.2272545645866047,-0.1658363835332961,0.28955366447927866,0.18841841952949998,0.24209287224045065,0.22449327144139267,0.01121057227093325,-0.165836383533297,"H1,H2","H1,H2,OOS,CAGR"
A,SMALL,SMALLk20d03,SMALL,10.0,6W,5,4,False,1.1434401295244354,0.006180091922626918,0.14543918895769495,-0.1948001330830842,0.39340734178404635,-0.020906491220099098,0.32788710991921943,0.07193007128961686,0.0024893284941724936,-0.19480013308308453,"H1,H2","H1,H2,OOS,CAGR"
A,SMALL,SMALLk20d03,SMALL,10.0,Q,0,0,True,0.6577880924209504,0.018217727442149334,0.34595543283008445,-0.1399707025519087,0.40652896562843904,0.3248947432548001,0.44942713051579525,0.31529706960412207,0.01847281552421931,-0.13997070255191013,"H1,H2","H1,H2,OOS,CAGR"
A,SMALL,SMALLk20d03,SMALL,10.0,Q,0,1,False,0.667213240685397,0.022059024356422707,0.4127705135173693,-0.1280690239576867,0.41444364387167737,0.43574097201141,0.4467596338587986,0.41524398356622283,0.02533073751497561,-0.1280690239576867,H1,"H1,H2,OOS,CAGR"
A,SMALL,SMALLk20d03,SMALL,10.0,Q,0,2,False,0.6631312628252825,0.014997344793004075,0.3014851187753302,-0.11932849233574017,0.4050607231621301,0.24997887079014383,0.4118553448630502,0.2654159329912244,0.014536552621688292,-0.11932849233574017,"H1,H2","H1,H2,OOS,CAGR"
A,SMALL,SMALLk20d03,SMALL,10.0,Q,0,3,False,0.6957726633552342,0.011438324903106034,0.23536565033886592,-0.15145570460993008,0.3523301455020181,0.16455387557370704,0.3249741612210756,0.20119766231294944,0.010460169805509345,-0.15145570460992896,"H1,H2","H1,H2,OOS,CAGR"
A,SMALL,SMALLk20d03,SMALL,10.0,Q,0,4,False,0.6863600157456138,0.014734314436900542,0.2980007940862225,-0.1423706298567362,0.46133057563818874,0.2009454597280716,0.38373332630159773,0.26727983569539837,0.014399248148986077,-0.14237062985673654,"H1,H2","H1,H2,OOS,CAGR"
A,SMALL,SMALLk20d04,SMALL,10.0,D,0,0,True,6.560461654871353,0.010983435704473798,0.23173610591010402,-0.14621357495969844,0.3330080972653953,0.1569533369380085,0.31342395626010516,0.19562518859895991,0.009714337900881054,-0.14621357495969922,"H1,H2","H1,H2,OOS,CAGR"
A,SMALL,SMALLk20d04,SMALL,10.0,2D,0,0,True,4.7663035028481024,0.015725022066310546,0.3176548549277326,-0.15199812845997895,0.4478459464975306,0.22271520836985573,0.4197866463321382,0.2732206499649261,0.014381798139755153,-0.15199812845997662,"H1,H2","H1,H2,OOS,CAGR"
A,SMALL,SMALLk20d04,SMALL,10.0,2D,1,0,False,4.789282318797069,0.015749720872740625,0.31908414552078845,-0.13598118950247462,0.5318465794923921,0.15661299986691488,0.5149186183255172,0.22844544526646834,0.011642011169943567,-0.13598118950247395,"H1,H2","H1,H2,OOS,CAGR"
A,SMALL,SMALLk20d04,SMALL,10.0,W,0,0,True,3.2543591528389344,0.021375030573262288,0.41531022519685473,-0.13456584751801326,0.46725644591298865,0.38137725507445647,0.44427412962066715,0.4063393746297262,0.022629242117635506,-0.13456584751801348,"H1,H2","H1,H2,OOS,CAGR"
A,SMALL,SMALLk20d04,SMALL,10.0,W,0,1,False,3.283613619728204,0.01820792773826385,0.35770731267844624,-0.1483355401441342,0.45359366474279156,0.28762696052584286,0.4007749051998772,0.34003438956245213,0.018510119716795836,-0.14833554014413552,"H1,H2","H1,H2,OOS,CAGR"
A,SMALL,SMALLk20d04,SMALL,10.0,W,0,2,False,3.3378676648869425,0.01872009506652339,0.36846686032829173,-0.11526686180751211,0.5908657973659583,0.19980446140801297,0.5338098945466504,0.29367545423065944,0.015736169159941138,-0.11526686180751233,"H1,H2","H1,H2,OOS,CAGR"
A,SMALL,SMALLk20d04,SMALL,10.0,W,0,3,False,3.2765889991024295,0.023800099028814303,0.4601828645661231,-0.12599838941082186,0.6217376195922462,0.3395459550651583,0.6040226031609887,0.3958093687037314,0.021835601417944606,-0.12599838941081987,"H1,H2","H1,H2,OOS,CAGR"
A,SMALL,SMALLk20d04,SMALL,10.0,W,0,4,False,3.241862150968032,0.021630457772054967,0.4216318652351171,-0.13121454130451504,0.616362577229081,0.2776134842334427,0.6659898431649672,0.3102452443506284,0.016716269932665284,-0.1312145413045155,"H1,H2","H1,H2,OOS,CAGR"
A,SMALL,SMALLk20d04,SMALL,10.0,2W,0,0,True,2.402468505246931,0.024640258508885404,0.4711071698537672,-0.12980739523887652,0.6408510656953637,0.34788753933550776,0.6709032693287951,0.38320404618116016,0.02140098479985464,-0.1298073952388763,"H1,H2","H1,H2,OOS,CAGR"
A,SMALL,SMALLk20d04,SMALL,10.0,2W,0,1,False,2.4259504493003896,0.022629437392243767,0.42950587909174337,-0.10265131820121087,0.5980952980145354,0.30115765533596733,0.566302796204116,0.36668062775293575,0.020475664789204373,-0.1026513182012111,"H1,H2","H1,H2,OOS,CAGR"
A,SMALL,SMALLk20d04,SMALL,10.0,2W,0,2,False,2.4539890751878075,0.019883917699037967,0.3864274082039279,-0.10911444710574292,0.4642242788003997,0.3328432061563781,0.43970917392769127,0.3664735511935508,0.02040003124184886,-0.10911444710574292,"H1,H2","H1,H2,OOS,CAGR"
A,SMALL,SMALLk20d04,SMALL,10.0,2W,0,3,False,2.348595747133428,0.02439962388818251,0.46373052435700085,-0.11207031631232323,0.5924440462431925,0.3707955021267642,0.6762245973415731,0.3686438303851271,0.0206105321928991,-0.11207031631232156,"H1,H2","H1,H2,OOS,CAGR"
A,SMALL,SMALLk20d04,SMALL,10.0,2W,0,4,False,2.29816480997221,0.02244418799977832,0.42631151613760415,-0.11659368552494931,0.5362504714385805,0.3496765862797105,0.5116047131373892,0.3918245938440385,0.022263079465153046,-0.11659368552494909,"H1,H2","H1,H2,OOS,CAGR"
A,SMALL,SMALLk20d04,SMALL,10.0,2W,1,0,False,2.353694378402192,0.021207706100523582,0.4047239698412559,-0.12027188331668881,0.4824002421088385,0.3534001421670353,0.4615287906433232,0.38396282551481065,0.021828021962227773,-0.12027188331668837,"H1,H2","H1,H2,OOS,CAGR"
A,SMALL,SMALLk20d04,SMALL,10.0,2W,1,1,False,2.4205408885233335,0.02003721057061769,0.3854104166233045,-0.13688186322579599,0.5700044145864213,0.24923136010367344,0.5229984966892596,0.3228261754362016,0.0177606779226962,-0.13688186322579565,"H1,H2","H1,H2,OOS,CAGR"
A,SMALL,SMALLk20d04,SMALL,10.0,2W,1,2,False,2.4326255946571695,0.022790004580163226,0.4351072345449533,-0.1294319518066378,0.8541698117700458,0.12821013422407854,0.8285234100417852,0.2593916786039979,0.01399179139265505,-0.12943195180663414,H2,"H1,H2,OOS,CAGR"
A,SMALL,SMALLk20d04,SMALL,10.0,2W,1,3,False,2.340188827858555,0.02195122491884005,0.4218284046302276,-0.1253729670197249,0.7577043215526271,0.1733887291291813,0.7144386989885233,0.29148826483418155,0.015887981757306102,-0.125372967019726,H2,"H1,H2,OOS,CAGR"
A,SMALL,SMALLk20d04,SMALL,10.0,2W,1,4,False,2.4347224459237995,0.02071124187343676,0.3959607992362695,-0.14084602558612225,0.8125365784788264,0.09217570129215852,0.8464718757458075,0.19612653895892873,0.010188454389885582,-0.14084602558612203,H2,"H1,H2,OOS,CAGR"
A,SMALL,SMALLk20d04,SMALL,10.0,M,0,0,True,1.6449040959757453,0.02413686532129411,0.45712867181387795,-0.10550746126966337,0.5369282283115617,0.3995292992662009,0.6277898148685502,0.37739321673985277,0.021045638940791145,-0.1055074612696637,"H1,H2","H1,H2,OOS,CAGR"
A,SMALL,SMALLk20d04,SMALL,10.0,M,0,1,False,1.6836468379138594,0.020055606685786875,0.3758868300910513,-0.1279424966440008,0.4999709486568012,0.2853872926976288,0.49966043014520717,0.31892842884421685,0.017959869901961856,-0.1279424966440007,"H1,H2","H1,H2,OOS,CAGR"
A,SMALL,SMALLk20d04,SMALL,10.0,M,0,2,False,1.6937805817788307,0.026096456728845085,0.48657844324376676,-0.1275131581062393,0.7268701285163652,0.3194720514445077,0.7899805168303062,0.3558672247218048,0.020308383353283777,-0.1275131581062391,"H1,H2","H1,H2,OOS,CAGR"
A,SMALL,SMALLk20d04,SMALL,10.0,M,0,3,False,1.7160207571900252,0.021377590678941738,0.3933475471697008,-0.1738011235458703,0.6755935108637364,0.20100956304207132,0.7598246693797703,0.23549156727705978,0.013134163295227097,-0.1738011235458704,"H1,H2","H1,H2,OOS,CAGR"
A,SMALL,SMALLk20d04,SMALL,10.0,M,0,4,False,1.7015668826871009,0.020809248391229884,0.3766561822189098,-0.20799356199065844,0.7879765506891683,0.11532757386423917,0.9382775653411008,0.14466712411747237,0.007417134124932057,-0.20799356199065855,H2,"H1,H2,OOS,DD,CAGR"
A,SMALL,SMALLk20d04,SMALL,10.0,6W,0,0,True,1.3744358175943936,0.01593629757375825,0.2986325176837693,-0.18810158521585751,0.5420043749067286,0.11662528116247006,0.4092297630446631,0.24907175378655896,0.013958628290500652,-0.18810158521585862,"H1,H2","H1,H2,OOS,CAGR"
A,SMALL,SMALLk20d04,SMALL,10.0,6W,0,1,False,1.3634689570404819,0.014892631383824906,0.283182644160023,-0.17804846730235946,0.560149817776186,0.07534942879205456,0.42455714006849854,0.21832550590391844,0.011865563444725113,-0.17804846730235935,"H1,H2","H1,H2,OOS,CAGR"
A,SMALL,SMALLk20d04,SMALL,10.0,6W,0,2,False,1.3542077378025497,0.00919210394400638,0.18231089434683545,-0.2181508292550124,0.4126034638426615,0.02541041386455424,0.17864749885824918,0.1870829499134801,0.010300635331727426,-0.21815082925501217,"H1,H2","H1,H2,OOS,DD,CAGR"
A,SMALL,SMALLk20d04,SMALL,10.0,6W,0,3,False,1.3946873544234735,0.010025390617594665,0.19618004066219283,-0.19789236647397512,0.442463705392249,0.026069364711033674,0.20609044424285355,0.19521757665563463,0.010841206592542507,-0.1978923664739748,"H1,H2","H1,H2,OOS,CAGR"
A,SMALL,SMALLk20d04,SMALL,10.0,6W,0,4,False,1.3266482988626227,0.009242819767180999,0.1856882828430259,-0.17583743652799155,0.24704590749136138,0.14357097047883854,0.14248055432005163,0.20817414789323493,0.011385035539975608,-0.17583743652799166,"H1,H2","H1,H2,OOS,CAGR"
A,SMALL,SMALLk20d04,SMALL,10.0,6W,1,0,False,1.3147184036599673,0.011872999299833875,0.23152707060973218,-0.16708836160338458,0.4825462766586182,0.059124068033143413,0.40970239955933146,0.15723089323334583,0.00811328491298946,-0.1670883616033847,"H1,H2","H1,H2,OOS,CAGR"
A,SMALL,SMALLk20d04,SMALL,10.0,6W,1,1,False,1.354115569937257,0.01896284472238552,0.34957279044292155,-0.14738586655188046,0.43567637188984126,0.29587807690520407,0.40944923280050793,0.32829899334281576,0.019365753834486688,-0.14738586655187724,"H1,H2","H1,H2,OOS,CAGR"
A,SMALL,SMALLk20d04,SMALL,10.0,6W,1,2,False,1.3226736535467813,0.023261022941890364,0.4239762259318447,-0.14637574949978638,0.6521357364660054,0.27510691867282805,0.6821685649249758,0.31713923035470515,0.01856116816357556,-0.14637574949978727,"H1,H2","H1,H2,OOS,CAGR"
A,SMALL,SMALLk20d04,SMALL,10.0,6W,1,3,False,1.3072077312800938,0.022692047354050837,0.422237289230376,-0.14004053180593223,0.6472864899329694,0.2767554922975603,0.7474105742387734,0.28777241688417726,0.016353774664862764,-0.14004053180593212,"H1,H2","H1,H2,OOS,CAGR"
A,SMALL,SMALLk20d04,SMALL,10.0,6W,1,4,False,1.3404733798854382,0.020515507707779435,0.3813666804029245,-0.15696875704168622,0.6967585886217234,0.16984002456848227,0.8046344172744248,0.19856470918189328,0.010672631714458092,-0.1569687570416861,"H1,H2","H1,H2,OOS,CAGR"
A,SMALL,SMALLk20d04,SMALL,10.0,6W,2,0,False,1.3745795248256363,0.023477068496103204,0.43133571954743394,-0.12515292542540213,0.6172498682071432,0.3035648856346848,0.6504515378886291,0.33665336304563404,0.01949914627379923,-0.12515292542540124,"H1,H2","H1,H2,OOS,CAGR"
A,SMALL,SMALLk20d04,SMALL,10.0,6W,2,1,False,1.3613429703161153,0.02807146926869475,0.5013622055728755,-0.12842595308080784,0.5370980271928975,0.48494203104562345,0.6358666714025466,0.44428591139020346,0.026761808353560346,-0.12842595308080862,H1,"H1,H2,OOS,CAGR"
A,SMALL,SMALLk20d04,SMALL,10.0,6W,2,2,False,1.3884286899621843,0.026527534596674895,0.48485375402593184,-0.10009565040061785,0.5323634557853225,0.46041561628970323,0.6750920657631794,0.4061161859200389,0.02398024331324855,-0.10009565040061597,H1,"H1,H2,OOS,CAGR"
A,SMALL,SMALLk20d04,SMALL,10.0,6W,2,3,False,1.3818697282463224,0.03077595824512036,0.5586730511156908,-0.09318417296147374,0.5559967141447987,0.568909178193455,0.7398547230843782,0.47702547821849467,0.028051306381775554,-0.09318417296147119,H1,"H1,H2,OOS,CAGR"
A,SMALL,SMALLk20d04,SMALL,10.0,6W,2,4,False,1.3823102357443475,0.027305982358350356,0.5019684298618873,-0.10054272322584124,0.5517690970672257,0.47440732753797915,0.6757815344611527,0.4276672277486014,0.025011799011565694,-0.10054272322584124,H1,"H1,H2,OOS,CAGR"
A,SMALL,SMALLk20d04,SMALL,10.0,6W,3,0,False,1.3666051686586227,0.03263337159283286,0.5876792504207452,-0.0916961859162182,0.5790595154071125,0.6033351732258482,0.6405412332802991,0.5681508018988181,0.034039415798310824,-0.09169618591621853,H1,"H1,H2,OOS,CAGR"
A,SMALL,SMALLk20d04,SMALL,10.0,6W,3,1,False,1.3781356191901126,0.030509174310035192,0.5517138471307409,-0.10386069974458645,0.502940919894701,0.5972646491229798,0.5836426300533105,0.5408511070163174,0.032130554058044325,-0.10386069974458867,H1,"H1,H2,OOS,CAGR"
A,SMALL,SMALLk20d04,SMALL,10.0,6W,3,2,False,1.3907255804937864,0.03246040499113634,0.5837863277010604,-0.10680036133707693,0.7467069903314786,0.4672578771277411,0.8018768541495623,0.48551769091302777,0.028814348334450735,-0.10680036133707838,-,"H1,H2,OOS,CAGR"
A,SMALL,SMALLk20d04,SMALL,10.0,6W,3,3,False,1.378268867201454,0.03304240853483442,0.5973392622191891,-0.10802622898723047,0.7527852480713305,0.4880227320034586,0.7998510014338208,0.5087543753648373,0.030222309348316267,-0.10802622898723102,-,"H1,H2,OOS,CAGR"
A,SMALL,SMALLk20d04,SMALL,10.0,6W,3,4,False,1.3782901267360386,0.03491744454210832,0.6138343578926271,-0.1160802538318153,0.8360322087468788,0.4626130560705594,0.8715053420331991,0.5041982267582633,0.0309167211076109,-0.11608025383181508,-,"H1,H2,OOS,CAGR"
A,SMALL,SMALLk20d04,SMALL,10.0,6W,4,0,False,1.4388183474544023,0.034360520257780136,0.6261804763266642,-0.10788721269140966,0.6599253358202127,0.6083541986936252,0.6693402392913488,0.6115885150465528,0.036238895736864896,-0.10788721269140977,H1,"H1,H2,OOS,CAGR"
A,SMALL,SMALLk20d04,SMALL,10.0,6W,4,1,False,1.4272656974738598,0.0262368989140076,0.48489641633705666,-0.13133616425724248,0.6186988875188782,0.38222092099488625,0.5120325195326868,0.47546693613034646,0.027562439528875604,-0.13133616425724282,"H1,H2","H1,H2,OOS,CAGR"
A,SMALL,SMALLk20d04,SMALL,10.0,6W,4,2,False,1.4339886040119378,0.018991907325220714,0.34971174089763424,-0.12754669397284946,0.5085574894802429,0.22837638996417164,0.39372553316818615,0.3310456712598065,0.01914465691838707,-0.12754669397284935,"H1,H2","H1,H2,OOS,CAGR"
A,SMALL,SMALLk20d04,SMALL,10.0,6W,4,3,False,1.3833188108864627,0.016306903019113195,0.3005441854912066,-0.170671968233439,0.5935934138824306,0.07900659282608252,0.45137693225260317,0.23188756117153492,0.013043263107604286,-0.17067196823343866,"H1,H2","H1,H2,OOS,CAGR"
A,SMALL,SMALLk20d04,SMALL,10.0,6W,4,4,False,1.3480433659990856,0.012076571253091029,0.22801465053861633,-0.2054119207040711,0.5620933635109275,-0.023715543811690935,0.34894188187268427,0.1752112841460936,0.009493228417877475,-0.20541192070407133,"H1,H2","H1,H2,OOS,DD,CAGR"
A,SMALL,SMALLk20d04,SMALL,10.0,6W,5,0,False,1.3221794190593885,0.011564674553800502,0.21698037783379487,-0.2290178094860994,0.5112627743891556,0.0039950405259606275,0.35540708613655586,0.15706133382843385,0.008397026338726521,-0.2290178094860995,"H1,H2","H1,H2,OOS,DD,CAGR"
A,SMALL,SMALLk20d04,SMALL,10.0,6W,5,1,False,1.3407402819878884,0.008201897340371911,0.16530540100984192,-0.2323929889092342,0.5673625768387938,-0.13257913516722283,0.463827931712903,0.02663257308664643,-0.00043446985218220657,-0.2323929889092341,"H1,H2","H1,H2,OOS,DD,CAGR"
A,SMALL,SMALLk20d04,SMALL,10.0,6W,5,2,False,1.3638595665535433,0.010077579805320092,0.19730298227313509,-0.20721581213034002,0.5411255893193514,-0.06374723217141291,0.46519137706071084,0.07237876609148002,0.002588964722236131,-0.2072158121303398,"H1,H2","H1,H2,OOS,DD,CAGR"
A,SMALL,SMALLk20d04,SMALL,10.0,6W,5,3,False,1.3135853365507146,0.019775479890057568,0.35946391105086956,-0.184020744115732,0.6413612216879955,0.14347669808632643,0.4560566581435077,0.3160110422538606,0.018413022881161423,-0.18402074411573244,"H1,H2","H1,H2,OOS,CAGR"
A,SMALL,SMALLk20d04,SMALL,10.0,6W,5,4,False,1.357071797935484,0.01847448971532817,0.34321768775295375,-0.18312860095731598,0.6124233526199795,0.13453012085164354,0.4781370311427372,0.2799692325385128,0.01574957987413117,-0.18312860095731576,"H1,H2","H1,H2,OOS,CAGR"
A,SMALL,SMALLk20d04,SMALL,10.0,Q,0,0,True,0.7974403491233383,0.008130538113999997,0.1646041261368844,-0.17251949781367948,0.14041399628120202,0.18611066960734027,0.05577085246584971,0.22200935779273626,0.012215066566210853,-0.17251949781367815,"H1,H2","H1,H2,OOS,CAGR"
A,SMALL,SMALLk20d04,SMALL,10.0,Q,0,1,False,0.8349490947744076,0.014345905056494468,0.2668645595232461,-0.1739533924248925,0.08366346096406112,0.42090058594514673,-0.011105201815010712,0.41321930161654213,0.024606200148597157,-0.17395339242489272,H1,"H1,H2,OOS,CAGR"
A,SMALL,SMALLk20d04,SMALL,10.0,Q,0,2,False,0.8204703397288368,0.018473163384284508,0.3416117547057453,-0.186828556752754,0.3413649157656532,0.34464204449089114,0.22825355108749307,0.4015183552241798,0.023420667076985202,-0.18682855675275567,"H1,H2","H1,H2,OOS,CAGR"
A,SMALL,SMALLk20d04,SMALL,10.0,Q,0,3,False,0.8364694585728619,0.01628179993703749,0.2993301654321518,-0.18301367492081355,0.3461896832167513,0.26310946066021507,0.2329132916867384,0.33510057731532716,0.019553111366673814,-0.18301367492081233,"H1,H2","H1,H2,OOS,CAGR"
A,SMALL,SMALLk20d04,SMALL,10.0,Q,0,4,False,0.8206686858274713,0.01187749000041749,0.23018013946425167,-0.20434041273823278,0.3406245508043617,0.14786229631126255,0.28941277758054823,0.2033629931066661,0.010966246846387584,-0.20434041273823378,"H1,H2","H1,H2,OOS,DD,CAGR"
A,SMALL,SMALLk20d05,SMALL,10.0,D,0,0,True,5.327283350660767,0.005078338762618095,0.11931131691789326,-0.22847662101067956,0.4105632179669493,-0.06116337680026144,0.5020688933321529,-0.04010221176172023,-0.0043862733976201,-0.22847662101067978,"H1,H2","H1,H2,OOS,DD,CAGR"
A,SMALL,SMALLk20d05,SMALL,10.0,2D,0,0,True,3.988810448365678,0.007195866564341236,0.1572042145756386,-0.2142931548344209,0.4399888458117671,-0.016759293091266655,0.5130176923684532,0.009626155574927254,-0.0013224107353997372,-0.21429315483442202,"H1,H2","H1,H2,OOS,DD,CAGR"
A,SMALL,SMALLk20d05,SMALL,10.0,2D,1,0,False,3.980309225265893,0.008524652013420564,0.18158484787001822,-0.19105272180812205,0.4643530320741934,0.007382708751332445,0.528622270266666,0.037654077375863806,0.00042200912611578545,-0.1910527218081236,"H1,H2","H1,H2,OOS,CAGR"
A,SMALL,SMALLk20d05,SMALL,10.0,W,0,0,True,2.7413188391293786,0.012465478011323805,0.2507991519207307,-0.19687298578673273,0.6099585851947736,0.03014828133669578,0.6815997104665644,0.0723981417014828,0.0025714142980384214,-0.19687298578673385,"H1,H2","H1,H2,OOS,CAGR"
A,SMALL,SMALLk20d05,SMALL,10.0,W,0,1,False,2.796699367844804,0.007492622038236529,0.1615677723442961,-0.2114097081015246,0.4598434763724032,-0.023347722914969116,0.5195594473379822,0.011566832322747822,-0.001223037514862746,-0.21140970810152493,"H1,H2","H1,H2,OOS,DD,CAGR"
A,SMALL,SMALLk20d05,SMALL,10.0,W,0,2,False,2.6196844637071344,0.005150860201247998,0.11987653229199141,-0.24078349015887812,0.39795396022014917,-0.0559499884697516,0.44991279237455284,-0.01900992973594952,-0.0031301273224834114,-0.24078349015887546,"H1,H2","H1,H2,OOS,DD,CAGR"
A,SMALL,SMALLk20d05,SMALL,10.0,W,0,3,False,2.700551864913563,0.007152367319541941,0.15573846771885722,-0.23005485955821836,0.46556187784054925,-0.035519415299354845,0.4558397535597549,0.03121273909417067,3.468846960785754e-06,-0.23005485955821714,"H1,H2","H1,H2,OOS,DD,CAGR"
A,SMALL,SMALLk20d05,SMALL,10.0,W,0,4,False,2.743780912918413,0.01111936494866339,0.2256302894215816,-0.20249163896731548,0.5179159826462876,0.04550224689694271,0.5599067275216465,0.088241897368257,0.0035707479051545477,-0.2024916389673147,"H1,H2","H1,H2,OOS,DD,CAGR"
A,SMALL,SMALLk20d05,SMALL,10.0,2W,0,0,True,1.9948323376649093,0.014553410548564738,0.282220050394809,-0.2185228575321696,0.6491137547548809,0.06308815956514627,0.6860807354315135,0.11965257145167875,0.005622167217542495,-0.21852285753216927,"H1,H2","H1,H2,OOS,DD,CAGR"
A,SMALL,SMALLk20d05,SMALL,10.0,2W,0,1,False,2.021286629778309,0.007705489737840798,0.16403159826226552,-0.24517205747943904,0.5445314447177558,-0.07186699924139203,0.6129305379969247,-0.021689937057183535,-0.003375916791213074,-0.24517205747944193,"H1,H2","H1,H2,OOS,DD,CAGR"
A,SMALL,SMALLk20d05,SMALL,10.0,2W,0,2,False,2.0124985365261963,0.007341506176580914,0.15785481271007654,-0.22632383367332076,0.47301922583595574,-0.035143033469562955,0.5686382186499704,-0.009369970414977493,-0.002602028678637902,-0.22632383367332154,"H1,H2","H1,H2,OOS,DD,CAGR"
A,SMALL,SMALLk20d05,SMALL,10.0,2W,0,3,False,1.9800977693382993,0.008425216242220257,0.17573399582516966,-0.21122547437636818,0.4398715876631798,0.013302344993669757,0.4409213253287813,0.06564370083864202,0.002155590666220064,-0.2112254743763694,"H1,H2","H1,H2,OOS,DD,CAGR"
A,SMALL,SMALLk20d05,SMALL,10.0,2W,0,4,False,1.9543865050160596,0.013342459299883203,0.2617961084532751,-0.17395426721907392,0.4726892561794014,0.13262127198110238,0.5314136517586469,0.14852727055942067,0.007409814539545367,-0.17395426721907536,"H1,H2","H1,H2,OOS,CAGR"
A,SMALL,SMALLk20d05,SMALL,10.0,2W,1,0,False,1.9931607893377845,0.017286243794421008,0.331855671583482,-0.13993246196470832,0.5898204491111101,0.17310174154144925,0.6807331459926552,0.18521410758143594,0.009698246260920529,-0.13993246196470965,"H1,H2","H1,H2,OOS,CAGR"
A,SMALL,SMALLk20d05,SMALL,10.0,2W,1,1,False,2.0655392442693556,0.009787450366054884,0.20009148946055513,-0.2086998227885224,0.5576782568937428,-0.02949669278067742,0.6277842164972629,0.013177832990651252,-0.0011416236274862657,-0.20869982278852206,"H1,H2","H1,H2,OOS,DD,CAGR"
A,SMALL,SMALLk20d05,SMALL,10.0,2W,1,2,False,1.9784511402192633,0.009968119677967957,0.20306518371169666,-0.18572000034395242,0.5155033330881753,0.000735939959676754,0.5743316462521689,0.042367911271238484,0.000686137491856087,-0.18572000034395253,"H1,H2","H1,H2,OOS,CAGR"
A,SMALL,SMALLk20d05,SMALL,10.0,2W,1,3,False,1.9983975032593815,0.01079428794608095,0.21777670137538818,-0.21162051364823387,0.5884905250249308,-0.013978422185217509,0.6456887274323864,0.036680712613700435,0.0003228743169534365,-0.21162051364823165,"H1,H2","H1,H2,OOS,DD,CAGR"
A,SMALL,SMALLk20d05,SMALL,10.0,2W,1,4,False,2.006819910877368,0.008623046676908386,0.17967755909137753,-0.22966760531710562,0.5906383468761061,-0.0763212067724412,0.6283749262732539,-0.006046315668812756,-0.0024020392547599023,-0.22966760531710395,"H1,H2","H1,H2,OOS,DD,CAGR"
A,SMALL,SMALLk20d05,SMALL,10.0,M,0,0,True,1.4272189640766786,0.011566881251607875,0.2318100416075619,-0.1864754819792971,0.6143711732944654,-0.010512382070551581,0.6321955408762057,0.061659321074384245,0.0019028358327011219,-0.1864754819793042,"H1,H2","H1,H2,OOS,CAGR"
A,SMALL,SMALLk20d05,SMALL,10.0,M,0,1,False,1.4358270291451072,0.015670117419992025,0.30108146812792036,-0.18704897026876077,0.6927266730715937,0.051377516487888984,0.777721486356857,0.09738067328870821,0.004172155956433166,-0.187048970268762,"H1,H2","H1,H2,OOS,CAGR"
A,SMALL,SMALLk20d05,SMALL,10.0,M,0,2,False,1.4235706750620143,0.011473505484909774,0.22906981479410224,-0.19840846135596868,0.4915288154813526,0.06249690205939726,0.5995951171473337,0.07006384492774126,0.0024341943182588643,-0.19840846135597112,"H1,H2","H1,H2,OOS,CAGR"
A,SMALL,SMALLk20d05,SMALL,10.0,M,0,3,False,1.4869275470478516,0.015614941958512984,0.29361766605044776,-0.18979617807836524,0.5056322230240812,0.16061672493162796,0.5442983097744705,0.18801061681946293,0.010161954366708192,-0.18979617807836535,"H1,H2","H1,H2,OOS,CAGR"
A,SMALL,SMALLk20d05,SMALL,10.0,M,0,4,False,1.4817211998213147,0.007411613414135543,0.15354867377465445,-0.2224671886050269,0.3690370931746799,0.017246751697303178,0.4022015610838868,0.04762965139351686,0.0009602007839450977,-0.22246718860502768,"H1,H2","H1,H2,OOS,DD,CAGR"
A,SMALL,SMALLk20d05,SMALL,10.0,6W,0,0,True,1.2201205086638742,0.012069363208716988,0.22951487040275861,-0.23031998808621978,0.6378626605590935,-0.031085029681265818,0.6148310119462737,0.06504322593737341,0.002115973709755581,-0.23031998808622245,"H1,H2","H1,H2,OOS,DD,CAGR"
A,SMALL,SMALLk20d05,SMALL,10.0,6W,0,1,False,1.217392763283454,0.009120642900195985,0.18186956126033796,-0.2017249218426571,0.5091410259385551,-0.030747159061508374,0.51969633370874,0.03480608006920591,0.00011494239595943867,-0.20172492184265667,"H1,H2","H1,H2,OOS,CAGR"
A,SMALL,SMALLk20d05,SMALL,10.0,6W,0,2,False,1.2496747013347478,0.004339014986073142,0.10233135483964469,-0.24536254490640996,0.4660580365800303,-0.12687225298949925,0.4795261119597247,-0.05731326595316797,-0.006034354460962232,-0.24536254490640919,"H1,H2","H1,H2,OOS,DD,CAGR"
A,SMALL,SMALLk20d05,SMALL,10.0,6W,0,3,False,1.1699233717253816,0.0025286683572685043,0.07205502827098596,-0.24913086395323414,0.5674859537965977,-0.23805073968203938,0.5218442621918709,-0.11528025521574092,-0.010018779648023224,-0.24913086395323214,"H1,H2","H1,H2,OOS,DD,CAGR"
A,SMALL,SMALLk20d05,SMALL,10.0,6W,0,4,False,1.1519210813623457,0.004166058450264076,0.0994304791634892,-0.21637623971934605,0.5058539424879711,-0.1482195395405556,0.6149439090083131,-0.11143046774394498,-0.009718112299538895,-0.21637623971934783,"H1,H2","H1,H2,OOS,DD,CAGR"
A,SMALL,SMALLk20d05,SMALL,10.0,6W,1,0,False,1.128004458432109,0.0071603459461222485,0.14912413070856845,-0.23354007328355275,0.7245523786583286,-0.19956018976950526,0.6982451506084938,-0.07291430934428328,-0.007171737019751934,-0.23354007328355275,"H1,H2","H1,H2,OOS,DD,CAGR"
A,SMALL,SMALLk20d05,SMALL,10.0,6W,1,1,False,1.163035176788536,0.004127351817094338,0.09844361754651519,-0.24361510156674637,0.62734639164501,-0.22598273672081934,0.7180074445109471,-0.1583862784512524,-0.012940117495161996,-0.24361510156674693,"H1,H2","H1,H2,OOS,DD,CAGR"
A,SMALL,SMALLk20d05,SMALL,10.0,6W,1,2,False,1.1781759341634697,-0.0006182012311582996,0.020698829694417557,-0.26058391830992245,0.5348005463877236,-0.29817230227309255,0.6253135036014786,-0.23219880076238014,-0.01822282808115161,-0.260583918309925,"H1,H2","H1,H2,OOS,DD,CAGR"
A,SMALL,SMALLk20d05,SMALL,10.0,6W,1,3,False,1.1535834894595605,0.001145911301932756,0.04892161437634337,-0.2638002631014169,0.5079690497090669,-0.2364315992063476,0.646227145548499,-0.19916405699886633,-0.015248704925895584,-0.263800263101418,"H1,H2","H1,H2,OOS,DD,CAGR"
A,SMALL,SMALLk20d05,SMALL,10.0,6W,1,4,False,1.138114687577003,-0.0005864157330138786,0.019718489626035205,-0.25567850016113747,0.49526120444704924,-0.2666647164848771,0.6224004814875101,-0.22277984655430386,-0.017016772264118796,-0.2556785001611396,"H1,H2","H1,H2,OOS,DD,CAGR"
A,SMALL,SMALLk20d05,SMALL,10.0,6W,2,0,False,1.1690187489845891,0.004029329885160804,0.09803434033252392,-0.22438989373659357,0.4075545722167134,-0.08396276757189576,0.4601654374657333,-0.045659644860141915,-0.00519365337460076,-0.22438989373659302,"H1,H2","H1,H2,OOS,DD,CAGR"
A,SMALL,SMALLk20d05,SMALL,10.0,6W,2,1,False,1.1654238015806322,0.006397642524111458,0.13901341642079085,-0.21927938905570876,0.435801068516951,-0.03245353555132888,0.5020698420169697,-0.0015820484267672075,-0.002265706496261455,-0.21927938905570932,"H1,H2","H1,H2,OOS,DD,CAGR"
A,SMALL,SMALLk20d05,SMALL,10.0,6W,2,2,False,1.184179877255521,0.011589549937934152,0.2276705186969239,-0.17501592362880247,0.43669247083005636,0.11500327949950084,0.5109830312786923,0.12414798252064578,0.00604015349707554,-0.17501592362880358,"H1,H2","H1,H2,OOS,CAGR"
A,SMALL,SMALLk20d05,SMALL,10.0,6W,2,3,False,1.1932805988277697,0.008740622091563566,0.17779001530328822,-0.16325463749338354,0.2420107358336007,0.14606527154901486,0.20115198161288042,0.17233662898145194,0.009237779037331695,-0.16325463749338276,"H1,H2","H1,H2,OOS,CAGR"
A,SMALL,SMALLk20d05,SMALL,10.0,6W,2,4,False,1.1516484561149902,0.0154895601157361,0.2900935785987859,-0.1529655523397121,0.5023369390066145,0.16558756603997152,0.45555219166678634,0.22484471166587286,0.012717887499061886,-0.1529655523397152,"H1,H2","H1,H2,OOS,CAGR"
A,SMALL,SMALLk20d05,SMALL,10.0,6W,3,0,False,1.1410838713374396,0.018666216290583737,0.34473752844965627,-0.14738839833132,0.5305622891184879,0.2346896169960203,0.5306050177251731,0.26872601947906694,0.015482224646929943,-0.147388398331319,"H1,H2","H1,H2,OOS,CAGR"
A,SMALL,SMALLk20d05,SMALL,10.0,6W,3,1,False,1.161581736179655,0.019494973350949296,0.35927974003463553,-0.14415214395147402,0.4836796838891886,0.287855464100384,0.45778119640634946,0.31968090465380467,0.018687719649791656,-0.14415214395147613,"H1,H2","H1,H2,OOS,CAGR"
A,SMALL,SMALLk20d05,SMALL,10.0,6W,3,2,False,1.1549384686499378,0.018958388760495604,0.35248969700467947,-0.14801328059270824,0.551142214757438,0.2281200391019641,0.5411846980816241,0.2711030469079361,0.015384645326991242,-0.14801328059270624,"H1,H2","H1,H2,OOS,CAGR"
A,SMALL,SMALLk20d05,SMALL,10.0,6W,3,3,False,1.1734028055224994,0.01930308498732347,0.3472947507360709,-0.1709460311619031,0.6443503623960681,0.16334140892368582,0.5967177291632932,0.2404489530222473,0.013882467751466177,-0.17094603116190232,"H1,H2","H1,H2,OOS,CAGR"
A,SMALL,SMALLk20d05,SMALL,10.0,6W,3,4,False,1.1866063959414004,0.020225477356371035,0.3678862484698681,-0.1713689505687226,0.6629430992730236,0.1749696448051208,0.6266080698457968,0.2518766652032808,0.014315598090956616,-0.1713689505687228,"H1,H2","H1,H2,OOS,CAGR"
A,SMALL,SMALLk20d05,SMALL,10.0,6W,4,0,False,1.158321693582907,0.024416980315113967,0.44319716058848796,-0.15564775724404478,0.7226909275873532,0.26708640066586326,0.743968978864881,0.31030674177785655,0.017947476976993393,-0.15564775724404434,"H1,H2","H1,H2,OOS,CAGR"
A,SMALL,SMALLk20d05,SMALL,10.0,6W,4,1,False,1.1823513793164462,0.019598357368461716,0.3661547332208107,-0.18060249837974607,0.730851110670693,0.12268528811992549,0.7015012488160822,0.2131344388803684,0.01148172029766159,-0.18060249837974662,"H1,H2","H1,H2,OOS,CAGR"
A,SMALL,SMALLk20d05,SMALL,10.0,6W,4,2,False,1.1722857377751972,0.01928491220409434,0.365997268544579,-0.17421806449579302,0.6874378665626044,0.1467644006122772,0.6935941158448161,0.21395037911180717,0.011335040164177856,-0.17421806449578914,"H1,H2","H1,H2,OOS,CAGR"
A,SMALL,SMALLk20d05,SMALL,10.0,6W,4,3,False,1.1570939615912494,0.02481056834397455,0.4581831424499349,-0.15334808695924929,0.7216984196787356,0.28053468087215294,0.7225059447567852,0.3373822772292346,0.019195534875341203,-0.15334808695924884,"H1,H2","H1,H2,OOS,CAGR"
A,SMALL,SMALLk20d05,SMALL,10.0,6W,4,4,False,1.1614435198547675,0.023510773704655152,0.43126040568887974,-0.11584830941313928,0.6818631629687183,0.26289247108350267,0.7005556844674412,0.30788618117943295,0.01752716358051898,-0.11584830941313973,"H1,H2","H1,H2,OOS,CAGR"
A,SMALL,SMALLk20d05,SMALL,10.0,6W,5,0,False,1.1525648887316546,0.02201288486761177,0.40198813594385663,-0.12886244508801947,0.6162527762012089,0.2622362161100489,0.621637290236,0.3040804089316917,0.017525901690927714,-0.12886244508801958,"H1,H2","H1,H2,OOS,CAGR"
A,SMALL,SMALLk20d05,SMALL,10.0,6W,5,1,False,1.1833634873320875,0.015862190285109046,0.3006580210359869,-0.18139743278618814,0.6814442359770925,0.03773847246893769,0.6720035996892562,0.12663922530765334,0.006009829225623209,-0.18139743278618603,"H1,H2","H1,H2,OOS,CAGR"
A,SMALL,SMALLk20d05,SMALL,10.0,6W,5,2,False,1.2050662248733883,0.013907012285852227,0.2651962818034118,-0.2126173645687841,0.7526172517823502,-0.07125729651609727,0.7908696967526663,0.023655561413363994,-0.0005366144554763697,-0.21261736456878577,H2,"H1,H2,OOS,DD,CAGR"
A,SMALL,SMALLk20d05,SMALL,10.0,6W,5,3,False,1.1922385196480796,0.010455428331531458,0.2068940916186333,-0.23538207279802137,0.6250103867805181,-0.07654409398925377,0.6487297885171186,0.005621314161749274,-0.001699962764722951,-0.23538207279802104,"H1,H2","H1,H2,OOS,DD,CAGR"
A,SMALL,SMALLk20d05,SMALL,10.0,6W,5,4,False,1.2023278256891174,0.010167189187120229,0.2026916772118494,-0.22963174658412155,0.6739057465457777,-0.11629351653844273,0.6921744757099914,-0.019222995820341746,-0.0032745042907434962,-0.22963174658412233,"H1,H2","H1,H2,OOS,DD,CAGR"
A,SMALL,SMALLk20d05,SMALL,10.0,Q,0,0,True,0.6846718038131389,0.006131671379811632,0.12914886283464244,-0.16653925287289617,0.3258957165244577,-0.0012717420404477874,0.33116844037592685,0.03454409810129064,3.684596788500194e-05,-0.1665392528728964,"H1,H2","H1,H2,OOS,CAGR"
A,SMALL,SMALLk20d05,SMALL,10.0,Q,0,1,False,0.685879232671466,0.004862383182423269,0.10956324922088403,-0.16716798321332627,0.32297511361395137,-0.0284476008807092,0.39318532475078743,-0.018525384607610287,-0.0035436922748914856,-0.16716798321332582,"H1,H2","H1,H2,OOS,CAGR"
A,SMALL,SMALLk20d05,SMALL,10.0,Q,0,2,False,0.6967931185144344,-0.0005164310673029249,0.02204392679031128,-0.19503608338646838,0.2749659383091007,-0.14152248172003914,0.3241389933676295,-0.11178665697079382,-0.009781988837583189,-0.1950360833864716,"H1,H2","H1,H2,OOS,CAGR"
A,SMALL,SMALLk20d05,SMALL,10.0,Q,0,3,False,0.6882673438239496,0.007939730057506145,0.1618370429265493,-0.18184635996914733,0.5583279664176106,-0.11720192934389351,0.43614475384438445,0.044611651757602136,0.0007512062120733631,-0.18184635996914977,"H1,H2","H1,H2,OOS,CAGR"
A,SMALL,SMALLk20d05,SMALL,10.0,Q,0,4,False,0.6985909725533987,0.0005009657418517666,0.038706290596672945,-0.2320027320652419,0.4301885945665537,-0.24026767776793467,0.30154697240093753,-0.07669135485971218,-0.007439704484900944,-0.2320027320652388,"H1,H2","H1,H2,OOS,DD,CAGR"
A,SMALL,SMALLk20d06,SMALL,10.0,D,0,0,True,7.103183799868289,0.00946615989585009,0.19603364001645918,-0.15285279079208447,-0.12389839088408279,0.4426229279240673,-0.22726801547733538,0.4097841228406135,0.02309217325550761,-0.15285279079208192,H1,"H1,H2,OOS,CAGR"
A,SMALL,SMALLk20d06,SMALL,10.0,2D,0,0,True,5.188514052956744,0.011258039771676609,0.22726063750001904,-0.15510705266183733,0.0034035314331450203,0.40289419233254053,-0.06988416837758676,0.3791661943535377,0.02120635999668985,-0.14148488336719656,"H1,H2","H1,H2,OOS,CAGR"
A,SMALL,SMALLk20d06,SMALL,10.0,2D,1,0,False,5.269895880134268,0.01534888987328964,0.2980361159100434,-0.1455318740058975,0.10087124954712996,0.4519131596440463,0.04959156976886665,0.42403635260929495,0.024167710548095522,-0.1455318740058933,H1,"H1,H2,OOS,CAGR"
A,SMALL,SMALLk20d06,SMALL,10.0,W,0,0,True,3.4826979029827876,0.013521254734476296,0.26580243798684955,-0.15433250615137273,0.2070419091819236,0.3145693206849793,0.23497232162746998,0.2831844230329116,0.01551090186674875,-0.1543325061513715,"H1,H2","H1,H2,OOS,CAGR"
A,SMALL,SMALLk20d06,SMALL,10.0,W,0,1,False,3.5612703286152216,0.016620919454935157,0.3184410156085613,-0.15141545351159746,0.21484873258548634,0.4020442608837444,0.2170994567472676,0.37151341156578543,0.021005208192206748,-0.15141545351159802,"H1,H2","H1,H2,OOS,CAGR"
A,SMALL,SMALLk20d06,SMALL,10.0,W,0,2,False,3.43734096412686,0.01317406195910742,0.25982109034332296,-0.1499941415037218,0.23951651733176435,0.27951366019997304,0.29009586961370354,0.2468349355844196,0.01324677634728011,-0.14999414150372392,"H1,H2","H1,H2,OOS,CAGR"
A,SMALL,SMALLk20d06,SMALL,10.0,W,0,3,False,3.514539894804027,0.011685539947277723,0.2328690257441746,-0.1491789245625873,0.06671361041608972,0.36051945753593406,0.08609467797280151,0.30670837186543043,0.017082548381590845,-0.14917892456258897,"H1,H2","H1,H2,OOS,CAGR"
A,SMALL,SMALLk20d06,SMALL,10.0,W,0,4,False,3.574168531938935,0.018731852869882548,0.353627298077947,-0.13453450337089223,0.12767950706471856,0.5285888833871025,0.1944098981539148,0.4353214435001969,0.025165035770938537,-0.1331411148745696,H1,"H1,H2,OOS,CAGR"
A,SMALL,SMALLk20d06,SMALL,10.0,2W,0,0,True,2.5259729795301507,0.013621830420484038,0.2678111410125993,-0.1692209471008912,0.22655679440885176,0.3034589379648224,0.3628442665889701,0.22264408664328605,0.011744181355204164,-0.16922094710088897,"H1,H2","H1,H2,OOS,CAGR"
A,SMALL,SMALLk20d06,SMALL,10.0,2W,0,1,False,2.5201332584946625,0.018890815690870033,0.3565945622534996,-0.1474919256616538,0.42732120853400907,0.3084053893810637,0.5491344982612462,0.26098338449162606,0.014145598972298501,-0.14749192566165414,"H1,H2","H1,H2,OOS,CAGR"
A,SMALL,SMALLk20d06,SMALL,10.0,2W,0,2,False,2.5422594159438026,0.011822399135863693,0.2354511532495238,-0.15787489385288322,0.22627447536535356,0.2459825715305962,0.3227057899499504,0.19273732784943626,0.009902971423042528,-0.15787489385288445,"H1,H2","H1,H2,OOS,CAGR"
A,SMALL,SMALLk20d06,SMALL,10.0,2W,0,3,False,2.6043712724523695,0.017035595215891597,0.3216708753024344,-0.1564772281474165,0.18376930943031178,0.42913331862115417,0.2657100478374337,0.35181299635259394,0.020255820255776547,-0.15647722814741538,H1,"H1,H2,OOS,CAGR"
A,SMALL,SMALLk20d06,SMALL,10.0,2W,0,4,False,2.687677299060443,0.026569335688786166,0.47933254070995507,-0.14745223032987254,0.31575669193574313,0.6094706246916556,0.41948291362292744,0.5128732674132195,0.03081565387408758,-0.14745223032987265,H1,"H1,H2,OOS,CAGR"
A,SMALL,SMALLk20d06,SMALL,10.0,2W,1,0,False,2.605654206628024,0.023157397435143334,0.4261032581750523,-0.133850181456436,0.28099920629630953,0.5414252524205421,0.32592082528131006,0.4785393314113252,0.028369848611665693,-0.13385018145643368,H1,"H1,H2,OOS,CAGR"
A,SMALL,SMALLk20d06,SMALL,10.0,2W,1,1,False,2.5756039984722854,0.028076599220118403,0.5111352055300863,-0.12669910003759433,0.253667254797165,0.7116224471645272,0.2896990764015492,0.6237277461082418,0.037456798659422974,-0.12669910003759544,H1,"H1,H2,OOS,CAGR"
A,SMALL,SMALLk20d06,SMALL,10.0,2W,1,2,False,2.536865265250355,0.02329180994134461,0.4273978042758645,-0.14725363375381906,0.33081840559166653,0.507273322609837,0.4478521466291552,0.42120665904096866,0.02464316222796281,-0.14725363375381817,H1,"H1,H2,OOS,CAGR"
A,SMALL,SMALLk20d06,SMALL,10.0,2W,1,3,False,2.5002000593396194,0.019198308545933296,0.36013454406122664,-0.1367359928040235,0.2637293449285197,0.4384848748752577,0.31914052214028277,0.38334512896900064,0.022066060664321485,-0.13673599280402393,H1,"H1,H2,OOS,CAGR"
A,SMALL,SMALLk20d06,SMALL,10.0,2W,1,4,False,2.561031573944933,0.0150574232700742,0.2904803662425058,-0.1453342973439301,0.2930634967985739,0.29381966010496113,0.42060089943853435,0.22856158268693158,0.01223072462895547,-0.14533429734393033,"H1,H2","H1,H2,OOS,CAGR"
A,SMALL,SMALLk20d06,SMALL,10.0,M,0,0,True,1.773542490296874,0.026502895436560703,0.4795910998028997,-0.11405737374330227,0.4567238434333559,0.5058689748632675,0.5161664420909815,0.46580275312213576,0.027598031805070145,-0.11405737374330183,H1,"H1,H2,OOS,CAGR"
A,SMALL,SMALLk20d06,SMALL,10.0,M,0,1,False,1.7361698887273735,0.02887643475840629,0.5169720254482728,-0.13142055835772704,0.52926201933022,0.516464917690733,0.5583929308055156,0.4999568818511298,0.029777734083020757,-0.13142055835772815,H1,"H1,H2,OOS,CAGR"
A,SMALL,SMALLk20d06,SMALL,10.0,M,0,2,False,1.705608768448415,0.025912266849348553,0.45948698769309443,-0.14076136373530945,0.42840163399687925,0.49134302317505996,0.4641790422436826,0.4611994160791567,0.027962271973097863,-0.14076136373531067,H1,"H1,H2,OOS,CAGR"
A,SMALL,SMALLk20d06,SMALL,10.0,M,0,3,False,1.7527693008562015,0.027089261060904812,0.47166365590617004,-0.14101486419146225,0.48035974830782896,0.4783623719363066,0.589579319829439,0.42292690113406883,0.026185279410253504,-0.14101486419146425,H1,"H1,H2,OOS,CAGR"
A,SMALL,SMALLk20d06,SMALL,10.0,M,0,4,False,1.7677899630223646,0.02389976615970002,0.4201858547931284,-0.1544302866124576,0.5655194709242416,0.3301490159499223,0.702909223374343,0.2959202364937491,0.01762249148558892,-0.15443028661245595,"H1,H2","H1,H2,OOS,CAGR"
A,SMALL,SMALLk20d06,SMALL,10.0,6W,0,0,True,1.3832374146697528,0.028743362443600873,0.5004427762060366,-0.169024283239674,0.6298730193556143,0.4139957618075562,0.6494420484604378,0.4307363418299307,0.026169999951102252,-0.16902428323967356,H1,"H1,H2,OOS,CAGR"
A,SMALL,SMALLk20d06,SMALL,10.0,6W,0,1,False,1.4400175962897566,0.024511466148230188,0.4267466475122295,-0.17627330852037348,0.596208042402704,0.3107379434315802,0.5854560900222002,0.35120751461052674,0.021140937079062505,-0.1762733085203717,"H1,H2","H1,H2,OOS,CAGR"
A,SMALL,SMALLk20d06,SMALL,10.0,6W,0,2,False,1.3575267682717915,0.019950739326797473,0.36200754541582403,-0.1756510768730215,0.5894273573033317,0.19626157968648228,0.5392463629432974,0.2744057253321781,0.015533431187762625,-0.17565107687302095,"H1,H2","H1,H2,OOS,CAGR"
A,SMALL,SMALLk20d06,SMALL,10.0,6W,0,3,False,1.377678728310951,0.013964089959912052,0.2620496465625785,-0.1764955628036632,0.6070662205597762,0.008500711028269055,0.649974413991862,0.06849859636470225,0.002334666806907082,-0.17649556280366263,"H1,H2","H1,H2,OOS,CAGR"
A,SMALL,SMALLk20d06,SMALL,10.0,6W,0,4,False,1.4100138962814457,0.021495772231065358,0.3780757772694592,-0.17064265288970892,0.6998788360380396,0.14407379262699863,0.7437392221129501,0.19862481657570624,0.010953359519208616,-0.17064265288970903,"H1,H2","H1,H2,OOS,CAGR"
A,SMALL,SMALLk20d06,SMALL,10.0,6W,1,0,False,1.4170713070225283,0.018885677764814757,0.33621888082433693,-0.1825704522934154,0.5543793183093064,0.18777677988959934,0.5356261179243211,0.24595071396700782,0.014290193200307444,-0.1825704522934135,"H1,H2","H1,H2,OOS,CAGR"
A,SMALL,SMALLk20d06,SMALL,10.0,6W,1,1,False,1.4058159235786563,0.02071495896329667,0.36705003456555907,-0.17564816030522667,0.47431524695475075,0.2980441894628094,0.47207929132645243,0.32046191188928935,0.019191568794809877,-0.17564816030522656,"H1,H2","H1,H2,OOS,CAGR"
A,SMALL,SMALLk20d06,SMALL,10.0,6W,1,2,False,1.4030494632129737,0.01967065904197196,0.3448975382457955,-0.1873091021722113,0.4536532703940558,0.2816458131323763,0.5265559065296551,0.2682269996103503,0.016148314915912954,-0.1873091021722112,"H1,H2","H1,H2,OOS,CAGR"
A,SMALL,SMALLk20d06,SMALL,10.0,6W,1,3,False,1.369667036815368,0.027256549202294922,0.47190212399966835,-0.1782284875337079,0.5909505489918897,0.4034960112298983,0.6798842604599332,0.38283835569091895,0.023647605360019197,-0.17822848753370824,"H1,H2","H1,H2,OOS,CAGR"
A,SMALL,SMALLk20d06,SMALL,10.0,6W,1,4,False,1.3543358412562427,0.03297810271519119,0.5651318043930587,-0.14849980798959705,0.6338604988576455,0.5393151245969806,0.7101273138253422,0.511539788901096,0.032722597715129975,-0.1484998079895976,H1,"H1,H2,OOS,CAGR"
A,SMALL,SMALLk20d06,SMALL,10.0,6W,2,0,False,1.3851347433346421,0.03352513047882688,0.5981903339008998,-0.12270513409652684,0.7292008140849059,0.5182487422289207,0.8592415464937381,0.4811690178105329,0.02877931651990462,-0.12270513409652606,H1,"H1,H2,OOS,CAGR"
A,SMALL,SMALLk20d06,SMALL,10.0,6W,2,1,False,1.3792617322779779,0.025045377150757497,0.4497647148666462,-0.14460778525505025,0.5524859045804754,0.3906492328568588,0.7498260597682452,0.31947313569991126,0.018764436915793326,-0.14460778525505136,"H1,H2","H1,H2,OOS,CAGR"
A,SMALL,SMALLk20d06,SMALL,10.0,6W,2,2,False,1.4294402326520839,0.013492182274298159,0.2546763992805257,-0.17478910527808,0.17746886646681825,0.31569421412589,0.36844193214005605,0.20461709549825668,0.011272437773385047,-0.17311846032237999,"H1,H2","H1,H2,OOS,CAGR"
A,SMALL,SMALLk20d06,SMALL,10.0,6W,2,3,False,1.427003731270166,0.01672652196568203,0.309756022023214,-0.16982034324502626,0.017938441421802426,0.5175126438567222,0.19253345472543124,0.3674560957969467,0.02209166221007064,-0.15884230367326801,H1,"H1,H2,OOS,CAGR"
A,SMALL,SMALLk20d06,SMALL,10.0,6W,2,4,False,1.4521083725679818,0.024983806716088575,0.4479773013872739,-0.1399742805257449,0.27942042902420544,0.5755248652502628,0.4412032656845343,0.45839873998093184,0.028184140419746928,-0.1255409343396401,H1,"H1,H2,OOS,CAGR"
A,SMALL,SMALLk20d06,SMALL,10.0,6W,3,0,False,1.3928533237540284,0.028036597594441215,0.4936101718155663,-0.10911640553156365,0.1544407197274983,0.7387586599460585,0.263052455182971,0.6046629808244184,0.03839847652357209,-0.1086110178040639,H1,"H1,H2,OOS,CAGR"
A,SMALL,SMALLk20d06,SMALL,10.0,6W,3,1,False,1.413459896311321,0.02737425244979197,0.4882317097591637,-0.12138345399324713,0.34341388536752493,0.6037009744978484,0.4878962961204829,0.49419515621896853,0.030145906393494126,-0.11050757959742818,H1,"H1,H2,OOS,CAGR"
A,SMALL,SMALLk20d06,SMALL,10.0,6W,3,2,False,1.3617016774362176,0.024840552888782508,0.4473569609035162,-0.14136040771045444,0.36736275041241784,0.5151296740153055,0.524524791170255,0.4145138349595957,0.024652851118944552,-0.13646396358775292,H1,"H1,H2,OOS,CAGR"
A,SMALL,SMALLk20d06,SMALL,10.0,6W,3,3,False,1.3959444047409324,0.02444442844323902,0.43632075499413625,-0.14022387721675433,0.4080487191273399,0.46640637539633234,0.4611967593057881,0.42982467795941337,0.026108888907769634,-0.14022387721675245,H1,"H1,H2,OOS,CAGR"
A,SMALL,SMALLk20d06,SMALL,10.0,6W,3,4,False,1.3645060969301939,0.03138768826959559,0.55109715018205,-0.13802401627391536,0.4643425325166067,0.6258760721664047,0.5951100509449214,0.5353167824377306,0.03286595195668651,-0.13802401627391359,H1,"H1,H2,OOS,CAGR"
A,SMALL,SMALLk20d06,SMALL,10.0,6W,4,0,False,1.36394856699525,0.025709827682835806,0.46310313980425133,-0.14654623236484576,0.38431205877886904,0.5303444088962114,0.4965660589780226,0.4514807612688741,0.02698230857347328,-0.14654623236484565,H1,"H1,H2,OOS,CAGR"
A,SMALL,SMALLk20d06,SMALL,10.0,6W,4,1,False,1.3421022575119863,0.03544931105872373,0.6212706115944272,-0.12326073042376029,0.7710165227377351,0.5144623756297648,0.8644554670386112,0.5008729126880526,0.029916907421955186,-0.1232607304237604,-,"H1,H2,OOS,CAGR"
A,SMALL,SMALLk20d06,SMALL,10.0,6W,4,2,False,1.3827011969571932,0.03800635919279305,0.651913223796737,-0.14163614708165662,0.6964705428716007,0.6332092879463974,0.8160294860435634,0.5804655963001274,0.03637048882991567,-0.14163614708165595,H1,"H1,H2,OOS,CAGR"
A,SMALL,SMALLk20d06,SMALL,10.0,6W,4,3,False,1.3962261250091907,0.03681792873830414,0.6132291939849192,-0.15572518442453154,0.6953854751825433,0.5676669069158455,0.7586337946722211,0.553525357263331,0.03596482885941876,-0.15572518442453287,H1,"H1,H2,OOS,CAGR"
A,SMALL,SMALLk20d06,SMALL,10.0,6W,4,4,False,1.3980073894525344,0.037352165413258476,0.6230001808322635,-0.14924002919166512,0.7453742632949637,0.5494246731466814,0.8265112991990882,0.5354608232687538,0.03454892842545276,-0.1492400291916649,-,"H1,H2,OOS,CAGR"
A,SMALL,SMALLk20d06,SMALL,10.0,6W,5,0,False,1.3747082566501814,0.029576005076784373,0.5090625421239158,-0.15601543744440338,0.657736579443708,0.4064734285771807,0.696091217814298,0.4223552284040441,0.025960908232501634,-0.15601543744440471,H1,"H1,H2,OOS,CAGR"
A,SMALL,SMALLk20d06,SMALL,10.0,6W,5,1,False,1.3944907222560177,0.038156226762560363,0.6460476057750468,-0.12994095208269896,0.7210682362721811,0.6049947991060897,0.7449020998638725,0.604316274948779,0.03835390381887582,-0.12994095208269985,H1,"H1,H2,OOS,CAGR"
A,SMALL,SMALLk20d06,SMALL,10.0,6W,5,2,False,1.4039678219474663,0.035906365070565105,0.5962187462004133,-0.16699673341308396,0.7701950957776709,0.48837175253429704,0.8272816716798173,0.4933135963878286,0.031726653038313346,-0.16699673341308374,-,"H1,H2,OOS,CAGR"
A,SMALL,SMALLk20d06,SMALL,10.0,6W,5,3,False,1.3842770242580948,0.033634536257266534,0.5691173375027632,-0.16741225474096244,0.640490848503682,0.5286868546248119,0.637611203860528,0.5402939013729351,0.03418172200389291,-0.16741225474096288,H1,"H1,H2,OOS,CAGR"
A,SMALL,SMALLk20d06,SMALL,10.0,6W,5,4,False,1.3491996710560932,0.026859643365037433,0.4704167466834675,-0.1676563832281167,0.6773408669330676,0.3243668840692386,0.7148712895048627,0.35058122496009764,0.020734879732859923,-0.1676563832281167,"H1,H2","H1,H2,OOS,CAGR"
A,SMALL,SMALLk20d06,SMALL,10.0,Q,0,0,True,0.7623283667370669,0.03591547125907346,0.5691315052521451,-0.17127972001103553,0.7160388486543866,0.48405620906970054,0.7915516020489224,0.4732251556687955,0.032011218616569526,-0.17127972001103298,H1,"H1,H2,OOS,CAGR"
A,SMALL,SMALLk20d06,SMALL,10.0,Q,0,1,False,0.7836331150948608,0.03742044571519321,0.5960916622562703,-0.16984031069632877,0.7028154580892821,0.5408120546730366,0.746654340602639,0.5357944299572184,0.03649784473191353,-0.1698403106963291,H1,"H1,H2,OOS,CAGR"
A,SMALL,SMALLk20d06,SMALL,10.0,Q,0,2,False,0.8095147243805568,0.03126429985767043,0.5029139559819703,-0.18598709669997404,0.6006070264791749,0.45359463355114643,0.6505827611764178,0.44382939724787623,0.029878974667054914,-0.1859870966999736,H1,"H1,H2,OOS,CAGR"
A,SMALL,SMALLk20d06,SMALL,10.0,Q,0,3,False,0.8234165186077863,0.03493991858781054,0.5633986211827062,-0.18567141247960173,0.6645044278656157,0.5216840978240658,0.7427175929182439,0.4970737359769261,0.033809357679769114,-0.18567141247960117,H1,"H1,H2,OOS,CAGR"
A,SMALL,SMALLk20d06,SMALL,10.0,Q,0,4,False,0.8143406136437902,0.030014236410505823,0.4839115996665534,-0.18622261556845487,0.6053134266789639,0.4295517606981345,0.6804930834381555,0.41270069628494216,0.028061465457349888,-0.18622261556845443,H1,"H1,H2,OOS,CAGR"
A,SMALL,SMALLk20d07,SMALL,10.0,D,0,0,True,7.152776683725327,-0.020130087376004302,-0.32492581173360413,-0.30840771205113715,-0.21201389683933694,-0.421049240798785,-0.05323345228351476,-0.4760318831936883,-0.02979275488001254,-0.271751879681284,"H1,H2","H1,H2,OOS,DD,CAGR"
A,SMALL,SMALLk20d07,SMALL,10.0,2D,0,0,True,5.168704972410029,-0.011405729634506923,-0.16938488460256354,-0.25078236571765944,-0.06750025418053464,-0.2544613662202341,0.11107187057632942,-0.32299724092368115,-0.021113160653610463,-0.2456737067305952,"H1,H2","H1,H2,OOS,DD,CAGR"
A,SMALL,SMALLk20d07,SMALL,10.0,2D,1,0,False,5.242999153301598,-0.013983157559860127,-0.21451134761127524,-0.2755577136608518,-0.10548223697541034,-0.3058224690646181,0.11555720419689053,-0.3960507677507671,-0.025387845348783356,-0.2481490517384729,"H1,H2","H1,H2,OOS,DD,CAGR"
A,SMALL,SMALLk20d07,SMALL,10.0,W,0,0,True,3.6246479474081714,-0.012796083190012353,-0.19220872875965692,-0.2695730636882462,-0.09661583540498457,-0.2716977895891827,0.13166165602964508,-0.36823020094728826,-0.02400347406609704,-0.23812107653960213,"H1,H2","H1,H2,OOS,DD,CAGR"
A,SMALL,SMALLk20d07,SMALL,10.0,W,0,1,False,3.4596951899351955,-0.009330081018310676,-0.13344444975954148,-0.2694462828844907,0.06530864207879991,-0.3020104339046148,0.31152241320969026,-0.38351587868691506,-0.024400374302513184,-0.2534005691743978,"H1,H2","H1,H2,OOS,DD,CAGR"
A,SMALL,SMALLk20d07,SMALL,10.0,W,0,2,False,3.5516969991974277,-0.006968332573008884,-0.0893023489274042,-0.23399034100462512,-0.06315406772737465,-0.11149153029149045,0.15263181466824283,-0.22207908925908745,-0.01541214302553029,-0.2104770751200058,"H1,H2","H1,H2,OOS,DD,CAGR"
A,SMALL,SMALLk20d07,SMALL,10.0,W,0,3,False,3.585187334648038,-0.012921518755389494,-0.19292086953256657,-0.3005512485738794,0.008280657002717257,-0.35712954781191825,0.1671883444052222,-0.38634847923509374,-0.02533881731954135,-0.2908338286701845,"H1,H2","H1,H2,OOS,DD,CAGR"
A,SMALL,SMALLk20d07,SMALL,10.0,W,0,4,False,3.554034503243415,-0.0046235199754504075,-0.049429009568668476,-0.22323327248125324,0.08611108618475387,-0.15959440977920736,0.3101122287191921,-0.2430873735520575,-0.01675736549493556,-0.22323327248125635,"H1,H2","H1,H2,OOS,DD,CAGR"
A,SMALL,SMALLk20d07,SMALL,10.0,2W,0,0,True,2.645749384194878,-0.0055108981018386904,-0.06458666323519299,-0.2518580027277878,0.13353701771257048,-0.22620874934393903,0.3682650791957269,-0.2983204026623779,-0.020086367822847118,-0.2518580027277867,"H1,H2","H1,H2,OOS,DD,CAGR"
A,SMALL,SMALLk20d07,SMALL,10.0,2W,0,1,False,2.5202587604504174,-0.00281245149200815,-0.019265152808197936,-0.24633266235124296,0.2701760734536518,-0.26608689760664744,0.5463023687586936,-0.34033266026573766,-0.021977764047619308,-0.24633266235124218,"H1,H2","H1,H2,OOS,DD,CAGR"
A,SMALL,SMALLk20d07,SMALL,10.0,2W,0,2,False,2.5906029182318626,-0.002648434583221615,-0.015379397474924155,-0.2199734450573293,0.09812220434868996,-0.10578675636929624,0.3396836803349144,-0.20385819433249183,-0.014519041342719308,-0.21997344505733074,"H1,H2","H1,H2,OOS,DD,CAGR"
A,SMALL,SMALLk20d07,SMALL,10.0,2W,0,3,False,2.538685975501607,-0.0045873255249756495,-0.04783593782726072,-0.2396235144804244,0.20432367043987765,-0.24564539486826117,0.446284539335719,-0.30397471804508663,-0.020911533449962327,-0.2396235144804253,"H1,H2","H1,H2,OOS,DD,CAGR"
A,SMALL,SMALLk20d07,SMALL,10.0,2W,0,4,False,2.5404679746426386,0.0027068215784074035,0.07525292729422954,-0.16822924748849233,0.13619513730475155,0.028126817432402737,0.3536497575584918,-0.06843425653538232,-0.006266229282357316,-0.16822924748848933,"H1,H2","H1,H2,OOS,CAGR"
A,SMALL,SMALLk20d07,SMALL,10.0,2W,1,0,False,2.5434916580598217,-0.004870225804812778,-0.053034600930678244,-0.18520635961404586,-0.04246411998727247,-0.062110933857647065,0.18344734589332656,-0.17902997443853852,-0.012999470792789958,-0.17545395358241112,"H1,H2","H1,H2,OOS,CAGR"
A,SMALL,SMALLk20d07,SMALL,10.0,2W,1,1,False,2.572037273120576,-0.00254199456835702,-0.014039876809133477,-0.23744059914400484,0.15891160457288578,-0.1578365375354574,0.35284604650033286,-0.21493212056834649,-0.014922342228325336,-0.23744059914400573,"H1,H2","H1,H2,OOS,DD,CAGR"
A,SMALL,SMALLk20d07,SMALL,10.0,2W,1,2,False,2.555822078076415,-0.00383098620531086,-0.03548231300055073,-0.24779669348994904,0.040561104296309866,-0.09784893757994062,0.2738534898380877,-0.20342580987665823,-0.014376675133154326,-0.2292649894097185,"H1,H2","H1,H2,OOS,DD,CAGR"
A,SMALL,SMALLk20d07,SMALL,10.0,2W,1,3,False,2.6660265258086215,-0.008357735018679868,-0.11318892752287427,-0.2971619905140389,0.025857577048593556,-0.2250822852990778,0.2210171676357541,-0.28910437024120456,-0.019734641083851368,-0.26862500585745863,"H1,H2","H1,H2,OOS,DD,CAGR"
A,SMALL,SMALLk20d07,SMALL,10.0,2W,1,4,False,2.6274790853425114,-0.008745164730842192,-0.11965910132816435,-0.2921167305820439,0.0894085838066569,-0.2878699333158896,0.3093927325680018,-0.34825597290887894,-0.023258519449904203,-0.27303562813249527,"H1,H2","H1,H2,OOS,DD,CAGR"
A,SMALL,SMALLk20d07,SMALL,10.0,M,0,0,True,1.769391926070148,0.01617908990546013,0.2929858510477512,-0.12688712400885915,0.24402826270523095,0.3357478970485818,0.3936915859546043,0.23944634490985842,0.013386095050280655,-0.12688712400886215,"H1,H2","H1,H2,OOS,CAGR"
A,SMALL,SMALLk20d07,SMALL,10.0,M,0,1,False,1.7934242816379145,0.016263541803278825,0.2946522964346755,-0.12128147760209196,0.292925236693808,0.2987103175299628,0.4601302757735273,0.2067192019508241,0.01126680059305718,-0.12128147760209429,"H1,H2","H1,H2,OOS,CAGR"
A,SMALL,SMALLk20d07,SMALL,10.0,M,0,2,False,1.796303072598271,0.008615317877542994,0.17379813078181364,-0.1633051977481368,0.22380503242442024,0.1364397571405455,0.4678714034561523,0.022868711400917164,-0.0005547485572827693,-0.1633051977481379,"H1,H2","H1,H2,OOS,CAGR"
A,SMALL,SMALLk20d07,SMALL,10.0,M,0,3,False,1.7995369048079635,0.007684034613616664,0.15778018841775487,-0.17196008433495014,0.25289929908965747,0.08280009401960424,0.4751186158637958,-0.0039190113551560565,-0.0022804841984005453,-0.17196008433494947,"H1,H2","H1,H2,OOS,CAGR"
A,SMALL,SMALLk20d07,SMALL,10.0,M,0,4,False,1.7808942986020624,0.0041896537608698825,0.0992794984169369,-0.20624638230513204,0.36394527081096034,-0.10004589715402357,0.5427495025242425,-0.11742822472859067,-0.009766847003106371,-0.2062463823051328,"H1,H2","H1,H2,OOS,DD,CAGR"
A,SMALL,SMALLk20d07,SMALL,10.0,6W,0,0,True,1.4406975851784671,-0.0015911784710253007,0.0035023614090993757,-0.21233846744527662,0.1393820604063284,-0.11003509647728395,0.40902719446848224,-0.2216215510093478,-0.015643493662136243,-0.21233846744527596,"H1,H2","H1,H2,OOS,DD,CAGR"
A,SMALL,SMALLk20d07,SMALL,10.0,6W,0,1,False,1.3923590585735635,-0.003583375046487869,-0.030230157576895997,-0.22207262283207052,0.09309392774015854,-0.13550418826443372,0.3677670858545858,-0.2564901780446542,-0.017525168099953414,-0.22207262283206897,"H1,H2","H1,H2,OOS,DD,CAGR"
A,SMALL,SMALLk20d07,SMALL,10.0,6W,0,2,False,1.4157006606748428,-0.007647342495990417,-0.09509900655682776,-0.2501521253876853,-0.030801117819755114,-0.1465245856197227,0.23893936274900984,-0.270901222126724,-0.01939969028628674,-0.2421632807718479,"H1,H2","H1,H2,OOS,DD,CAGR"
A,SMALL,SMALLk20d07,SMALL,10.0,6W,0,3,False,1.407207688568784,-0.005418899478137784,-0.05906535903949443,-0.23214985614767547,0.06058170267000491,-0.15133210111801118,0.28438905376544293,-0.23359134974516105,-0.017123227118654438,-0.22016771977212268,"H1,H2","H1,H2,OOS,DD,CAGR"
A,SMALL,SMALLk20d07,SMALL,10.0,6W,0,4,False,1.3749418424690942,-0.006312747346030045,-0.07502862128160892,-0.1835701438676034,-0.043943028691929654,-0.10065100767270123,0.13522933950852048,-0.18553831539286494,-0.013759870928033213,-0.18355356038396353,"H1,H2","H1,H2,OOS,CAGR"
A,SMALL,SMALLk20d07,SMALL,10.0,6W,1,0,False,1.3954958048403683,-0.008034210642357764,-0.10676876691855587,-0.21911708657948703,-0.007494232471730131,-0.18708422435150587,0.24995005721907282,-0.2923996336656641,-0.020126125995117428,-0.20872925814300625,"H1,H2","H1,H2,OOS,DD,CAGR"
A,SMALL,SMALLk20d07,SMALL,10.0,6W,1,1,False,1.446974323668309,-0.004270911470690475,-0.04054527278297166,-0.2196126380199107,-0.025131651879548262,-0.053108540833464696,0.23259215358873447,-0.1837007845891792,-0.013711411600682677,-0.20825209540469136,"H1,H2","H1,H2,OOS,DD,CAGR"
A,SMALL,SMALLk20d07,SMALL,10.0,6W,1,2,False,1.4514106364550297,-0.0011614672968279782,0.011179268931167599,-0.22694154592682048,0.07127723193754393,-0.03444250822997898,0.30386718507218,-0.1396297527473398,-0.011027036090684561,-0.22030599920141447,"H1,H2","H1,H2,OOS,DD,CAGR"
A,SMALL,SMALLk20d07,SMALL,10.0,6W,1,3,False,1.419381870375492,-0.0037323926909859084,-0.03409869031624179,-0.2509057521382799,0.05946043562797842,-0.10659581519916517,0.31798340965755095,-0.21387225095124762,-0.015283773294082592,-0.23441338598643446,"H1,H2","H1,H2,OOS,DD,CAGR"
A,SMALL,SMALLk20d07,SMALL,10.0,6W,1,4,False,1.4200954879614303,-0.004940223839868918,-0.051753539600069884,-0.2766651310946395,0.15181363900971775,-0.20557204373839824,0.4745713989471149,-0.3164160774150772,-0.0223288204533606,-0.2747260997047767,"H1,H2","H1,H2,OOS,DD,CAGR"
A,SMALL,SMALLk20d07,SMALL,10.0,6W,2,0,False,1.4151853629435367,-0.0012100289573695466,0.009581846813330493,-0.22285155443476545,0.1977551820503267,-0.1371424213960371,0.46570516187468824,-0.22753371046530316,-0.01628095699168919,-0.22134909623549082,"H1,H2","H1,H2,OOS,DD,CAGR"
A,SMALL,SMALLk20d07,SMALL,10.0,6W,2,1,False,1.428028749595045,-0.00013440368245820622,0.027397590728069566,-0.23850280938352042,0.28583860004563444,-0.17671710628368556,0.6185768788324126,-0.28440108696672844,-0.01957336069650273,-0.23850280938352586,"H1,H2","H1,H2,OOS,DD,CAGR"
A,SMALL,SMALLk20d07,SMALL,10.0,6W,2,2,False,1.4060602742717445,0.001390248078355194,0.05304302874843951,-0.2417750921705063,0.18831676459078986,-0.04700062856690681,0.5189423197048022,-0.17710728407273654,-0.013176918224276912,-0.24177509217050897,"H1,H2","H1,H2,OOS,DD,CAGR"
A,SMALL,SMALLk20d07,SMALL,10.0,6W,2,3,False,1.4526040528680582,0.004640301570984606,0.10757946754315363,-0.20965137386383037,0.2524743939584313,0.0007505640393644647,0.42295998919246847,-0.04637216603031341,-0.005018754166162265,-0.20965137386383137,"H1,H2","H1,H2,OOS,DD,CAGR"
A,SMALL,SMALLk20d07,SMALL,10.0,6W,2,4,False,1.4262753924208296,0.002993866926674027,0.0798863730912519,-0.2278118590396062,0.21969440603255455,-0.019481221241230147,0.3797393711544852,-0.06008376163054742,-0.006032196756167618,-0.227811859039606,"H1,H2","H1,H2,OOS,DD,CAGR"
A,SMALL,SMALLk20d07,SMALL,10.0,6W,3,0,False,1.4370725162428237,0.004572984376985723,0.10620339422188153,-0.1963387388327138,0.19821243323559484,0.03682563096546892,0.33400778927323427,-0.007730646018606178,-0.0025409126044605435,-0.1963387388327108,"H1,H2","H1,H2,OOS,CAGR"
A,SMALL,SMALLk20d07,SMALL,10.0,6W,3,1,False,1.4274002391538718,0.010595435249329377,0.20959997813978276,-0.17270100948620992,0.35942368080790893,0.09272387164670666,0.45024751194663837,0.08620987846729554,0.003431814340899564,-0.17270100948621148,"H1,H2","H1,H2,OOS,CAGR"
A,SMALL,SMALLk20d07,SMALL,10.0,6W,3,2,False,1.4472415697209227,0.008236561217823457,0.1685580555938185,-0.20338270803424052,0.3435324635178948,0.030260089241155145,0.37506812255036726,0.06249836355141824,0.0019561075030458674,-0.2033827080342414,"H1,H2","H1,H2,OOS,DD,CAGR"
A,SMALL,SMALLk20d07,SMALL,10.0,6W,3,3,False,1.495151309711298,0.003849139540997193,0.09388798441501787,-0.22221908183614103,0.33344701396733756,-0.08745498198604465,0.43613604916997323,-0.0744663714653724,-0.006908666431714061,-0.22221908183614203,"H1,H2","H1,H2,OOS,DD,CAGR"
A,SMALL,SMALLk20d07,SMALL,10.0,6W,3,4,False,1.4997960175058858,0.008570843135861539,0.17287935705093802,-0.17307546947460994,0.3489640831452371,0.040931981999192,0.44991686394504604,0.036243627237054266,0.0002700622283116072,-0.17307546947461105,"H1,H2","H1,H2,OOS,CAGR"
A,SMALL,SMALLk20d07,SMALL,10.0,6W,4,0,False,1.5164252973804067,0.015309179079557866,0.2861029784040974,-0.15953733985676544,0.3413390559364935,0.24659615133104668,0.441121837250366,0.21026542922322436,0.01140053773667371,-0.15953733985676544,"H1,H2","H1,H2,OOS,CAGR"
A,SMALL,SMALLk20d07,SMALL,10.0,6W,4,1,False,1.4863856254251313,0.008243961680795664,0.16833634981957357,-0.15697785064835412,0.3044692929792446,0.05431360098811948,0.39066386578925727,0.04660272483835276,0.0009738298115062882,-0.15697785064835224,"H1,H2","H1,H2,OOS,CAGR"
A,SMALL,SMALLk20d07,SMALL,10.0,6W,4,2,False,1.502599166206442,0.009680000945008871,0.18609909287006965,-0.15459727569337722,0.2664674678910621,0.11985565637232601,0.3261372493588905,0.10797222398751026,0.004891877089069574,-0.15459727569337878,"H1,H2","H1,H2,OOS,CAGR"
A,SMALL,SMALLk20d07,SMALL,10.0,6W,4,3,False,1.4372504881828194,0.006988469261707042,0.14424996816251712,-0.17837915766802603,0.3635699244255604,-0.03679171897255439,0.5041758129961929,-0.05062870799849804,-0.005290668718976765,-0.1783791576680258,"H1,H2","H1,H2,OOS,CAGR"
A,SMALL,SMALLk20d07,SMALL,10.0,6W,4,4,False,1.4642241257983102,0.009281194216225419,0.17776167047791708,-0.1836826282251226,0.3873137992344191,0.008356400194069798,0.4222325294172747,0.049165979564243324,0.0010566959614235483,-0.1836826282251217,"H1,H2","H1,H2,OOS,CAGR"
A,SMALL,SMALLk20d07,SMALL,10.0,6W,5,0,False,1.4096472853115516,0.003852440255835532,0.09191777038867173,-0.21281315844648452,0.2911587734060246,-0.06917334790192965,0.37124537049846784,-0.055892273951702,-0.006081599634519819,-0.21281315844648563,"H1,H2","H1,H2,OOS,DD,CAGR"
A,SMALL,SMALLk20d07,SMALL,10.0,6W,5,1,False,1.4432794392281447,-0.0014566008460958901,0.007063099139454747,-0.20660457415800415,0.19741407188855076,-0.15530677089829562,0.3386988766577398,-0.17894494832264662,-0.013330340782770067,-0.20660457415800637,"H1,H2","H1,H2,OOS,DD,CAGR"
A,SMALL,SMALLk20d07,SMALL,10.0,6W,5,2,False,1.3777680248242155,0.00239926372062671,0.06960630319151137,-0.18623875702722048,0.25578058872521553,-0.08243088427665991,0.4092354024208405,-0.11344897180175303,-0.009534024958937404,-0.18623875702722137,"H1,H2","H1,H2,OOS,CAGR"
A,SMALL,SMALLk20d07,SMALL,10.0,6W,5,3,False,1.440569179526579,0.001305546183555828,0.05188390743784959,-0.16837160208872393,0.17142002020949845,-0.04559730673553512,0.38428981577513294,-0.12875509156131623,-0.010183081809094774,-0.16837160208872248,"H1,H2","H1,H2,OOS,CAGR"
A,SMALL,SMALLk20d07,SMALL,10.0,6W,5,4,False,1.4631542085918652,0.004457992442226333,0.10440325884078391,-0.17677941870300562,0.2769024653727496,-0.03752342378785728,0.5396335341636286,-0.13255515303775692,-0.010150053375144297,-0.17677941870300207,"H1,H2","H1,H2,OOS,CAGR"
A,SMALL,SMALLk20d07,SMALL,10.0,Q,0,0,True,0.8768630139369681,-0.010332341019159252,-0.12342034893622879,-0.27570386211220443,0.019536356354573382,-0.2373993737460023,0.05767842545130011,-0.21646009431806046,-0.017669329756044072,-0.2757038621122042,"H1,H2","H1,H2,OOS,DD,CAGR"
A,SMALL,SMALLk20d07,SMALL,10.0,Q,0,1,False,0.8593471399713942,-0.007845340387415134,-0.09418767830266563,-0.25581896570279505,0.006405946218583962,-0.1738455712532756,0.0870229106664298,-0.1900369109425069,-0.0146829146565719,-0.25581896570279417,"H1,H2","H1,H2,OOS,DD,CAGR"
A,SMALL,SMALLk20d07,SMALL,10.0,Q,0,2,False,0.8358036255221732,-0.009641818953269321,-0.12630286749052094,-0.2610728794525681,0.0030578080745719233,-0.22831551864008828,0.1676717223334239,-0.2813897301508294,-0.02025814891701394,-0.2576286989918932,"H1,H2","H1,H2,OOS,DD,CAGR"
A,SMALL,SMALLk20d07,SMALL,10.0,Q,0,3,False,0.8572862014037088,-0.010711444914340174,-0.14309761060278384,-0.2807296348849494,-0.041857029268714346,-0.22701815714435022,0.11751194415748148,-0.28838899689878744,-0.020374703992644405,-0.2728870637720978,"H1,H2","H1,H2,OOS,DD,CAGR"
A,SMALL,SMALLk20d07,SMALL,10.0,Q,0,4,False,0.8560394473715607,-0.008947990584952659,-0.11545992015166064,-0.2803823466459566,0.00803229071521162,-0.21239861153786557,0.20704144827160556,-0.28473359750931226,-0.020438183139857125,-0.2744747971490532,"H1,H2","H1,H2,OOS,DD,CAGR"
A,SMALL,SMALLk20d08,SMALL,10.0,D,0,0,True,5.886078059334083,0.019843067268562553,0.38668810215260085,-0.13979458899524155,0.08603195970397833,0.5956864912521385,-0.12068319123666757,0.5916884199340506,0.035724457935961684,-0.13979458899524067,H1,"H1,H2,OOS,CAGR"
A,SMALL,SMALLk20d08,SMALL,10.0,2D,0,0,True,4.4597119941275,0.02307730246003792,0.4409989379033329,-0.1360067776514564,0.27154577135474534,0.5671691178073179,0.16537929603227963,0.5606288328353384,0.03394479977626719,-0.13600677765145552,H1,"H1,H2,OOS,CAGR"
A,SMALL,SMALLk20d08,SMALL,10.0,2D,1,0,False,4.406951060132678,0.027119896523757125,0.5153660117568147,-0.11921684021377232,0.25583267125982984,0.7021710294714534,0.07209160079654824,0.6990909287608078,0.04293168756592447,-0.11921684021377044,H1,"H1,H2,OOS,CAGR"
A,SMALL,SMALLk20d08,SMALL,10.0,W,0,0,True,3.022225591378699,0.02563912823158021,0.48512947256395955,-0.10422258110615645,0.307649196917043,0.6173840939924149,0.2012836489069278,0.6080241436352218,0.03730572262504217,-0.09441826454807711,H1,"H1,H2,OOS,CAGR"
A,SMALL,SMALLk20d08,SMALL,10.0,W,0,1,False,3.0571352153117637,0.02701161420696474,0.5092705498386937,-0.12204574717356453,0.28926104212506204,0.6702125135012562,0.2432243583405557,0.6264199888620856,0.03850968164290802,-0.12204574717356786,H1,"H1,H2,OOS,CAGR"
A,SMALL,SMALLk20d08,SMALL,10.0,W,0,2,False,3.1846535270431846,0.02241153016303321,0.4238611821892363,-0.13051467575180142,0.18927330760841585,0.5922410619620497,0.06307081648541304,0.5751598189023213,0.03540739041509933,-0.13051467575180142,H1,"H1,H2,OOS,CAGR"
A,SMALL,SMALLk20d08,SMALL,10.0,W,0,3,False,3.122130954655089,0.03099327648868111,0.5758267046029625,-0.12361834207010403,0.4009849265729475,0.7104912379476183,0.288661485660854,0.7029273345338432,0.0438955480918235,-0.12361834207010414,H1,"H1,H2,OOS,CAGR"
A,SMALL,SMALLk20d08,SMALL,10.0,W,0,4,False,3.057182406434542,0.028652998637861637,0.5373030399379651,-0.10054397174193541,0.3570336062015201,0.6739993317673486,0.22176752092200147,0.6743533271062804,0.04169512862663338,-0.10047574357327915,H1,"H1,H2,OOS,CAGR"
A,SMALL,SMALLk20d08,SMALL,10.0,2W,0,0,True,2.2065160394523478,0.02995426237145904,0.5598617231504975,-0.10240836329410752,0.5836146241856957,0.5637031935928808,0.5076889248342233,0.5971119321518966,0.03642207210059234,-0.10240836329410907,H1,"H1,H2,OOS,CAGR"
A,SMALL,SMALLk20d08,SMALL,10.0,2W,0,1,False,2.2830548539203277,0.029986614912120846,0.5572496544360762,-0.09886597810801834,0.4124776635390643,0.6717116171580318,0.3812450098949601,0.6423932948796162,0.03974600883885859,-0.09886597810801723,H1,"H1,H2,OOS,CAGR"
A,SMALL,SMALLk20d08,SMALL,10.0,2W,0,2,False,2.323294154249007,0.026732616381295315,0.49794508143089666,-0.11303207626692602,0.24501698220226456,0.67927815332783,0.2027498887082139,0.6263075004167648,0.038952574856354616,-0.11303207626692713,H1,"H1,H2,OOS,CAGR"
A,SMALL,SMALLk20d08,SMALL,10.0,2W,0,3,False,2.2343410035631757,0.028180903170724303,0.5195742192353421,-0.11727767349422824,0.1775238929322561,0.7581144871387417,0.00022382483749873276,0.7298870594935155,0.04646242092497688,-0.08474554487058072,H1,"H1,H2,OOS,CAGR"
A,SMALL,SMALLk20d08,SMALL,10.0,2W,0,4,False,2.2831783517934157,0.02655314681888088,0.49516995117070517,-0.11969995414975432,0.03134899333919995,0.8076837484490306,-0.11352035086139996,0.7376976045251014,0.04660726200653831,-0.0873487115321604,H1,"H1,H2,OOS,CAGR"
A,SMALL,SMALLk20d08,SMALL,10.0,2W,1,0,False,2.3199371005463885,0.023014020611646924,0.4330962355077735,-0.12888290421418136,0.13382362765008235,0.6393734953049948,0.02480712420096384,0.5999057597943862,0.037356590004895995,-0.1146322208229098,H1,"H1,H2,OOS,CAGR"
A,SMALL,SMALLk20d08,SMALL,10.0,2W,1,1,False,2.2431863051988,0.029173976587157924,0.5452330243461061,-0.12150315222128827,0.1764441054497261,0.8030155568020392,0.0010050658881080336,0.7670838625337014,0.04806945233837423,-0.08882000123379019,H1,"H1,H2,OOS,CAGR"
A,SMALL,SMALLk20d08,SMALL,10.0,2W,1,2,False,2.3798855086515274,0.02364927446691656,0.44075071508723856,-0.12242497222254012,0.16997832850757302,0.6304086579635155,0.025493872142505793,0.6106250907230311,0.03838522313248349,-0.10841564227912126,H1,"H1,H2,OOS,CAGR"
A,SMALL,SMALLk20d08,SMALL,10.0,2W,1,3,False,2.332255623112363,0.030124372275099676,0.5547133748438461,-0.12051176670533181,0.4909460386512497,0.6172591925170908,0.38836061612548295,0.6360941730127387,0.03991160374843439,-0.12051176670533081,H1,"H1,H2,OOS,CAGR"
A,SMALL,SMALLk20d08,SMALL,10.0,2W,1,4,False,2.2971015788114544,0.02471978832793731,0.46760773361732705,-0.10987481716597602,0.48037887094319776,0.4768306354481001,0.28651477651275303,0.5517794120545619,0.03358470222359089,-0.1098748171659758,H1,"H1,H2,OOS,CAGR"
A,SMALL,SMALLk20d08,SMALL,10.0,M,0,0,True,1.5499618248748557,0.036373489741483134,0.6502267191202571,-0.10645327492991508,0.6491460810451665,0.681532887930766,0.3605087742002451,0.77903970676596,0.05112128505066327,-0.10645327492991752,H1,"H1,H2,OOS,CAGR"
A,SMALL,SMALLk20d08,SMALL,10.0,M,0,1,False,1.6233568612758544,0.039716808703528894,0.7098591093886354,-0.12855259145261877,0.6781462975775181,0.7618655227289131,0.3882376101281572,0.8529617663922525,0.055829939320899635,-0.12855259145261788,H1,"H1,H2,OOS,CAGR"
A,SMALL,SMALLk20d08,SMALL,10.0,M,0,2,False,1.6237879105862962,0.035967395475022146,0.6410309522064919,-0.134837855729801,0.5802122050520927,0.7073656675057653,0.3985154960375239,0.7535440836537668,0.049118516752803876,-0.13483785572980167,H1,"H1,H2,OOS,CAGR"
A,SMALL,SMALLk20d08,SMALL,10.0,M,0,3,False,1.5520123554633058,0.03801770003969507,0.6854156882598097,-0.12109060473820232,0.6061949984560302,0.7630031074017652,0.2887558213860286,0.8564370880632171,0.055359455776756494,-0.12109060473820155,H1,"H1,H2,OOS,CAGR"
A,SMALL,SMALLk20d08,SMALL,10.0,M,0,4,False,1.600186954107179,0.04122529913976569,0.7285955037469033,-0.1339657662938385,0.7618808561094689,0.7385673246335058,0.5425945462371671,0.8238733463796748,0.05412523915370393,-0.13396576629383994,-,"H1,H2,OOS,CAGR"
A,SMALL,SMALLk20d08,SMALL,10.0,6W,0,0,True,1.2270238741811992,0.03421331725259402,0.6131258163181951,-0.10060978833385714,0.4044060128249971,0.770183151577111,0.2935362494611034,0.7551153287698006,0.048682802574541606,-0.07703882755410862,H1,"H1,H2,OOS,CAGR"
A,SMALL,SMALLk20d08,SMALL,10.0,6W,0,1,False,1.2958103122448559,0.02648847605653959,0.47881704910927836,-0.11793459321419886,0.19862910468804384,0.6724350714617184,0.08058955307910613,0.6445263519743668,0.041623839979047395,-0.11793459321419897,H1,"H1,H2,OOS,CAGR"
A,SMALL,SMALLk20d08,SMALL,10.0,6W,0,2,False,1.3012130504610395,0.02404205465132403,0.4295091396180656,-0.12903369769142337,0.19225535831357418,0.5901238306722354,0.15312642598950815,0.5462573813752808,0.03573759759240014,-0.1290336976914248,H1,"H1,H2,OOS,CAGR"
A,SMALL,SMALLk20d08,SMALL,10.0,6W,0,3,False,1.2843625226014959,0.025115203230277494,0.4495026796907773,-0.10866703289891666,0.24916795450954599,0.5895371734969572,0.12998882350539157,0.579713498185697,0.03820210176722516,-0.10866703289891966,H1,"H1,H2,OOS,CAGR"
A,SMALL,SMALLk20d08,SMALL,10.0,6W,0,4,False,1.2753259318205403,0.030395940137601274,0.5412711651874978,-0.10549021523988544,0.36874552719530285,0.6710320062704593,0.2167893637399455,0.6785597563641232,0.04465258894991475,-0.10549021523988611,H1,"H1,H2,OOS,CAGR"
A,SMALL,SMALLk20d08,SMALL,10.0,6W,1,0,False,1.2717038978165724,0.026775770088217188,0.4759194444375594,-0.13157960865613572,0.5312414691402296,0.46747965271256087,0.42374592380630505,0.512599719832436,0.03320161811258182,-0.13157960865613505,H1,"H1,H2,OOS,CAGR"
A,SMALL,SMALLk20d08,SMALL,10.0,6W,1,1,False,1.2747890634988186,0.03111709899360915,0.5524683400104899,-0.13608251043535113,0.4521573204724999,0.6409244762998489,0.3025151769820684,0.6639663635101605,0.043605147710698455,-0.1360825104353507,H1,"H1,H2,OOS,CAGR"
A,SMALL,SMALLk20d08,SMALL,10.0,6W,1,2,False,1.311316943133258,0.0184741852783874,0.3379113305931122,-0.15736035973485696,0.19041508295166182,0.4419097436045363,0.16741889675595087,0.41230896092238956,0.026321481666864432,-0.15736035973485962,H1,"H1,H2,OOS,CAGR"
A,SMALL,SMALLk20d08,SMALL,10.0,6W,1,3,False,1.2705752138388213,0.025494096504578678,0.45868324684314815,-0.12826998065725748,0.35881136709242556,0.5417475764054125,0.42899513990431737,0.4879817448477737,0.03135646068122644,-0.12826998065725803,H1,"H1,H2,OOS,CAGR"
A,SMALL,SMALLk20d08,SMALL,10.0,6W,1,4,False,1.2944356476169452,0.017241051060051582,0.32242636553331594,-0.14561230680342752,0.21284952713360591,0.40379990584953507,0.19122593517104208,0.3821683428862002,0.02377331211210132,-0.14561230680342863,"H1,H2","H1,H2,OOS,CAGR"
A,SMALL,SMALLk20d08,SMALL,10.0,6W,2,0,False,1.2784525445413624,0.027120485640064862,0.4915222658957686,-0.13820983679588073,0.4371167232372611,0.5498642967894326,0.44407699004082546,0.5292735531841232,0.03392474068701823,-0.13820983679588106,H1,"H1,H2,OOS,CAGR"
A,SMALL,SMALLk20d08,SMALL,10.0,6W,2,1,False,1.2831661877649,0.023104036233650316,0.41873021645848546,-0.16408687830230873,0.46820300196352427,0.41390868618926696,0.5225951752714251,0.40137248302828166,0.025409136369020313,-0.1640868783023104,H1,"H1,H2,OOS,CAGR"
A,SMALL,SMALLk20d08,SMALL,10.0,6W,2,2,False,1.2825488527472562,0.024987326643240104,0.45542919425993056,-0.15505811746859055,0.24727784667380065,0.6032814108438252,0.355505689578691,0.5091826968373911,0.03236733314109874,-0.15505811746859055,H1,"H1,H2,OOS,CAGR"
A,SMALL,SMALLk20d08,SMALL,10.0,6W,2,3,False,1.2899719818366635,0.02557269810516072,0.45517732375017594,-0.12838578987910498,0.28004195615995037,0.5834409682463868,0.14276382703666132,0.5840484516010369,0.03858942414034017,-0.1252106593232195,H1,"H1,H2,OOS,CAGR"
A,SMALL,SMALLk20d08,SMALL,10.0,6W,2,4,False,1.2642708613042124,0.024277434880281668,0.4379286930330923,-0.17129711229128364,0.2973207808647056,0.5440406215288407,0.16395802690109043,0.5522717281483582,0.03598637826254869,-0.17129711229128397,H1,"H1,H2,OOS,CAGR"
A,SMALL,SMALLk20d08,SMALL,10.0,6W,3,0,False,1.265066418627954,0.028824337981111947,0.5119781230265467,-0.13366538714511966,0.268276826344171,0.6840784501117105,0.08601929675921464,0.683138147424315,0.04536682476921827,-0.11478255901699785,H1,"H1,H2,OOS,CAGR"
A,SMALL,SMALLk20d08,SMALL,10.0,6W,3,1,False,1.2643671402921832,0.030740599690480153,0.5491425551553146,-0.11983549623099587,0.38403579094723667,0.6757889215118605,0.05442001761331308,0.7443545491236099,0.049324171845493536,-0.10612148749282813,H1,"H1,H2,OOS,CAGR"
A,SMALL,SMALLk20d08,SMALL,10.0,6W,3,2,False,1.265015436511938,0.03491799213363489,0.6154486770824371,-0.10942386652829106,0.4411659074499548,0.7507277729091054,0.18625014015741884,0.7924417383210635,0.05287250465215343,-0.10221525415185839,H1,"H1,H2,OOS,CAGR"
A,SMALL,SMALLk20d08,SMALL,10.0,6W,3,3,False,1.2715264766676475,0.03759606512464275,0.6526289094237224,-0.09641852566401987,0.5121527954698822,0.768190292365202,0.3753132926576166,0.7775623388257589,0.052390970163831874,-0.09641852566402043,H1,"H1,H2,OOS,CAGR"
A,SMALL,SMALLk20d08,SMALL,10.0,6W,3,4,False,1.237776063095135,0.034996614817228267,0.6308452343161454,-0.09672049583247788,0.49017511602250874,0.7455782759978696,0.2689662675778704,0.7857283066475541,0.050969870386314176,-0.09672049583247855,H1,"H1,H2,OOS,CAGR"
A,SMALL,SMALLk20d08,SMALL,10.0,6W,4,0,False,1.2342622402528352,0.036368732418665006,0.6570714162554864,-0.12305511065299746,0.4326674897880784,0.8273783682969447,0.18869945512658842,0.8543832685486527,0.05515292590032095,-0.12305511065299812,H1,"H1,H2,OOS,CAGR"
A,SMALL,SMALLk20d08,SMALL,10.0,6W,4,1,False,1.2194893695074995,0.042694644548997074,0.753728465564713,-0.11614632028607752,0.3907921506761913,1.0189328978607035,0.1103709508670878,1.0238501137161957,0.06754912348215147,-0.09306391755837407,H1,"H1,CAGR"
A,SMALL,SMALLk20d08,SMALL,10.0,6W,4,2,False,1.2015609275798753,0.042181168461382645,0.7564795310335488,-0.11017579004913647,0.3579153535930581,1.0448370806984928,0.04625690049808438,1.0536503827400656,0.06842165083907581,-0.09370688946577166,H1,"H1,CAGR"
A,SMALL,SMALLk20d08,SMALL,10.0,6W,4,3,False,1.2244167323917483,0.042182628159944446,0.7523785976951446,-0.10429742978376055,0.5427219709428103,0.9165044447767445,0.2972745456968657,0.9501397176027667,0.06179058401037385,-0.09914540522794557,H1,"H1,CAGR"
A,SMALL,SMALLk20d08,SMALL,10.0,6W,4,4,False,1.2615141319037015,0.04058860353971894,0.7104914238836727,-0.09373217600508876,0.6005741263531079,0.8082129415092205,0.3820281762309624,0.858347799649356,0.056784561638278275,-0.09373217600508876,H1,"H1,H2,OOS,CAGR"
A,SMALL,SMALLk20d08,SMALL,10.0,6W,5,0,False,1.2420347458800898,0.039717726524071795,0.7073584733180985,-0.1026593744937232,0.49828290011739973,0.8694981141912519,0.25941344553859347,0.900404639560819,0.05871913526407302,-0.09347751202424193,H1,"H1,CAGR"
A,SMALL,SMALLk20d08,SMALL,10.0,6W,5,1,False,1.2561116007933182,0.04454029673745441,0.7947572076727648,-0.11916238903540344,0.4035125939791915,1.0789084568235785,0.09189492145073956,1.0904794665298336,0.07111580152579222,-0.06647939104155931,H1,"H1,CAGR"
A,SMALL,SMALLk20d08,SMALL,10.0,6W,5,2,False,1.2706574513413742,0.04086986426668249,0.7224077038147828,-0.11485314360132504,0.4084626716108626,0.9517415872630267,0.10601595526171032,0.9789337269028503,0.06466355961855674,-0.08747035159604277,H1,"H1,CAGR"
A,SMALL,SMALLk20d08,SMALL,10.0,6W,5,3,False,1.2432773620588493,0.03794005246242049,0.6779727012704984,-0.11533524595616007,0.3478977345308096,0.9128852967257216,0.14217170792224235,0.9034800479446086,0.05887024682764941,-0.10638264083224058,H1,"H1,CAGR"
A,SMALL,SMALLk20d08,SMALL,10.0,6W,5,4,False,1.2145319812061526,0.04104219383113161,0.7247428577547402,-0.09741837108746343,0.5507519161288416,0.8645528057656915,0.3840234561092968,0.8774095103472344,0.057619291911715775,-0.07701909996947276,H1,"H1,OOS,CAGR"
A,SMALL,SMALLk20d08,SMALL,10.0,Q,0,0,True,0.7869249006377592,0.018749602633395313,0.323839493315148,-0.17793153660658578,0.4450341395626282,0.27692985518071783,0.13574890599155207,0.4015607524961389,0.027602817247632583,-0.1779315366065849,"H1,H2","H1,H2,OOS,CAGR"
A,SMALL,SMALLk20d08,SMALL,10.0,Q,0,1,False,0.7843185182155871,0.017145059695712783,0.3029185540845198,-0.1581069393990051,0.3479751504554183,0.30024024155552975,0.11663912505206289,0.37909088202408775,0.025484733816880878,-0.15810693939900533,"H1,H2","H1,H2,OOS,CAGR"
A,SMALL,SMALLk20d08,SMALL,10.0,Q,0,2,False,0.7613302855906927,0.016176318042697035,0.2895695360641743,-0.1529417620928234,0.18913084174711445,0.3632288944727996,0.11558278469429713,0.36190795303808126,0.02388523510158702,-0.1529417620928224,"H1,H2","H1,H2,OOS,CAGR"
A,SMALL,SMALLk20d08,SMALL,10.0,Q,0,3,False,0.7333068508921677,0.02158304415794654,0.3824680908119412,-0.1524674881816691,0.35140476360273964,0.42456582028361317,0.23798440554834954,0.44905837685003575,0.029760106659285412,-0.15246748818167055,H1,"H1,H2,OOS,CAGR"
A,SMALL,SMALLk20d08,SMALL,10.0,Q,0,4,False,0.74548146076134,0.023449520083390185,0.4117643116844592,-0.15848192250036552,0.30418898027200963,0.49728601375155373,0.2626902751588812,0.4812958009062346,0.03207728482641414,-0.15848192250036675,H1,"H1,H2,OOS,CAGR"
A,SMALL,SMALLk20d09,SMALL,10.0,D,0,0,True,6.479454490228588,0.013535444738867808,0.25789160113392195,-0.17741389133867613,0.195418132077075,0.3087753361935409,0.25617353255804576,0.2608883717296585,0.01464518370399892,-0.17741389133867713,"H1,H2","H1,H2,OOS,CAGR"
A,SMALL,SMALLk20d09,SMALL,10.0,2D,0,0,True,4.846313093509272,0.0144596064236433,0.27217968011426064,-0.18389938655271076,0.277170266967709,0.2743755827779761,0.3646300525098667,0.2294477312772177,0.012707058567767548,-0.18389938655271332,"H1,H2","H1,H2,OOS,CAGR"
A,SMALL,SMALLk20d09,SMALL,10.0,2D,1,0,False,4.802006348323791,0.02046815607499175,0.3730712723883282,-0.1751638079333966,0.4519974728743551,0.3241961307126673,0.5009871145458892,0.31328427684822063,0.01806039886808719,-0.17516380793339648,"H1,H2","H1,H2,OOS,CAGR"
A,SMALL,SMALLk20d09,SMALL,10.0,W,0,0,True,3.3788920249718215,0.013302591405194741,0.24980404469358544,-0.18544750906457608,0.27705073070453207,0.23667752289863475,0.37867556579499845,0.19082317495507342,0.010390548399896504,-0.18544750906457375,"H1,H2","H1,H2,OOS,CAGR"
A,SMALL,SMALLk20d09,SMALL,10.0,W,0,1,False,3.3429652743314997,0.02190660785908216,0.3930379334649126,-0.18597010595790264,0.4787816692096604,0.34077880506579183,0.5324247294356482,0.329171285607376,0.0193615854845548,-0.18597010595790364,"H1,H2","H1,H2,OOS,CAGR"
A,SMALL,SMALLk20d09,SMALL,10.0,W,0,2,False,3.290986393259445,0.02285712331988443,0.40703936939286123,-0.16021802348058367,0.4412676486756699,0.39023122905871827,0.47591373141802534,0.3759813511172991,0.022403096980484705,-0.16021802348058478,"H1,H2","H1,H2,OOS,CAGR"
A,SMALL,SMALLk20d09,SMALL,10.0,W,0,3,False,3.295464066852289,0.015656515961541828,0.29189559243367624,-0.19281505900039808,0.354215439285073,0.25291193507228715,0.4106395280557986,0.2353697141549143,0.013055504388124195,-0.19281505900039886,"H1,H2","H1,H2,OOS,CAGR"
A,SMALL,SMALLk20d09,SMALL,10.0,W,0,4,False,3.3557260600743715,0.01779403341723973,0.3244053434360314,-0.18933364116685591,0.3726481840106633,0.2974068931145629,0.43172322083428705,0.27596605297485416,0.01594586795356978,-0.1893336411668598,"H1,H2","H1,H2,OOS,CAGR"
A,SMALL,SMALLk20d09,SMALL,10.0,2W,0,0,True,2.5391301201375067,0.008230410002871391,0.1650849398541648,-0.21546176538113004,0.2995047888502985,0.07353320180081224,0.4284058643864197,0.039302173627771005,0.0004190482133590301,-0.21546176538113015,"H1,H2","H1,H2,OOS,DD,CAGR"
A,SMALL,SMALLk20d09,SMALL,10.0,2W,0,1,False,2.6078954539606447,0.011865180142500487,0.2221760896805491,-0.2109153875060814,0.3372228499712834,0.14792041905248804,0.45808205578453814,0.1124314800196627,0.005307517560944275,-0.21091538750608285,"H1,H2","H1,H2,OOS,DD,CAGR"
A,SMALL,SMALLk20d09,SMALL,10.0,2W,0,2,False,2.524322246443211,0.015625189172925324,0.28563654862625015,-0.15702894585180538,0.4375052597803017,0.18657613704773737,0.4875789940570371,0.1922264038071382,0.01056847278866746,-0.15702894585180316,"H1,H2","H1,H2,OOS,CAGR"
A,SMALL,SMALLk20d09,SMALL,10.0,2W,0,3,False,2.4672110892611614,0.015519398888587999,0.28480616218090643,-0.18791140034094145,0.38163381405057467,0.2237002514445207,0.4355424437432651,0.21468382166084313,0.011995534465369051,-0.187911400340941,"H1,H2","H1,H2,OOS,CAGR"
A,SMALL,SMALLk20d09,SMALL,10.0,2W,0,4,False,2.464932247259466,0.018757162269554373,0.3323267475103622,-0.1340466336454711,0.3554702650758652,0.3253863093607955,0.33715571142335043,0.33384885953611315,0.020383664620593933,-0.1340466336454702,"H1,H2","H1,H2,OOS,CAGR"
A,SMALL,SMALLk20d09,SMALL,10.0,2W,1,0,False,2.4781277254555905,0.016926999714792057,0.30506516517598975,-0.13993839208725556,0.3157482906910049,0.3050483616296707,0.3158962927968986,0.30310621417063655,0.018100911032109313,-0.13993839208725323,"H1,H2","H1,H2,OOS,CAGR"
A,SMALL,SMALLk20d09,SMALL,10.0,2W,1,1,False,2.525131558543202,0.01831262307931314,0.32990719534253504,-0.19802914628953594,0.4530485200328734,0.24929495759549733,0.4546222610335299,0.27269686697120815,0.01586193579969808,-0.19802914628953594,"H1,H2","H1,H2,OOS,CAGR"
A,SMALL,SMALLk20d09,SMALL,10.0,2W,1,2,False,2.510156611063604,0.022318263544089723,0.39348855544056527,-0.1689642188602355,0.39800363898242597,0.39745042673137415,0.4425147081174747,0.3717817019267741,0.02236843634042418,-0.16896421886023272,"H1,H2","H1,H2,OOS,CAGR"
A,SMALL,SMALLk20d09,SMALL,10.0,2W,1,3,False,2.4989155648349755,0.01692359168104507,0.3087405169495716,-0.168796571737593,0.42707690621572764,0.230196693156302,0.49149126870298027,0.22176450811197795,0.012378177212758024,-0.16879657173759355,"H1,H2","H1,H2,OOS,CAGR"
A,SMALL,SMALLk20d09,SMALL,10.0,2W,1,4,False,2.544075768153535,0.013493645424762502,0.25116162370358747,-0.23531210230807487,0.44222817937112624,0.11854570865620793,0.5388447653524694,0.1145771356969083,0.005388448256038236,-0.23531210230807553,"H1,H2","H1,H2,OOS,DD,CAGR"
A,SMALL,SMALLk20d09,SMALL,10.0,M,0,0,True,1.8110754606873367,0.02603581308064662,0.4392806787548341,-0.11758474124709584,0.47634771210443394,0.4253742155961833,0.45130600931192855,0.4381314758103187,0.028052726815857465,-0.11758474124709595,H1,"H1,H2,OOS,CAGR"
A,SMALL,SMALLk20d09,SMALL,10.0,M,0,1,False,1.8008214675601066,0.02051758821408267,0.35616638111832,-0.12650861030554017,0.4049358572150574,0.331820641259754,0.38763191301001737,0.3451371232045624,0.021398484338281065,-0.12650861030554528,"H1,H2","H1,H2,OOS,CAGR"
A,SMALL,SMALLk20d09,SMALL,10.0,M,0,2,False,1.799746185865915,0.02797078032279865,0.46737327638193904,-0.11542076837404469,0.5220593418078875,0.4431609535245499,0.5186147841278801,0.4494514821020153,0.029166688640778204,-0.11542076837404458,H1,"H1,H2,OOS,CAGR"
A,SMALL,SMALLk20d09,SMALL,10.0,M,0,3,False,1.7963642288208164,0.025251953451704168,0.4269623783426728,-0.12159947972566043,0.4079376873006037,0.45265310599089703,0.46857451871647643,0.41360084569450467,0.026585215530947393,-0.12159947972566043,H1,"H1,H2,OOS,CAGR"
A,SMALL,SMALLk20d09,SMALL,10.0,M,0,4,False,1.8021129382533676,0.022715479135844818,0.3832656600463743,-0.14814827025763522,0.4439588763165728,0.3548564149802738,0.5493930507074841,0.3129762143693923,0.01973382935598278,-0.1481482702576351,"H1,H2","H1,H2,OOS,CAGR"
A,SMALL,SMALLk20d09,SMALL,10.0,6W,0,0,True,1.3937395498050154,0.007471649072271713,0.1511603169957762,-0.16549602429345034,0.16261495432032264,0.14679288378894992,0.317315820946536,0.07328511959888113,0.0026692053449466346,-0.16549602429344634,"H1,H2","H1,H2,OOS,CAGR"
A,SMALL,SMALLk20d09,SMALL,10.0,6W,0,1,False,1.4209496563409039,0.015817398011640282,0.27889169145053216,-0.17661034788359764,0.26524238087706375,0.2961696349320466,0.374893740783091,0.23737441449068694,0.014165288282937727,-0.1766103478835983,"H1,H2","H1,H2,OOS,CAGR"
A,SMALL,SMALLk20d09,SMALL,10.0,6W,0,2,False,1.4143648626111776,0.01870566125618711,0.32387001496966944,-0.1715971903672877,0.38281871569868925,0.2921249347909881,0.38349743100278877,0.2999621257325206,0.01856758944116388,-0.17159719036728793,"H1,H2","H1,H2,OOS,CAGR"
A,SMALL,SMALLk20d09,SMALL,10.0,6W,0,3,False,1.3707588117000504,0.015142901748575133,0.26924975806366575,-0.17335404791411457,0.3094978813635087,0.24905184317481027,0.30403071041027907,0.2566182992389319,0.015501253282284022,-0.17335404791411435,"H1,H2","H1,H2,OOS,CAGR"
A,SMALL,SMALLk20d09,SMALL,10.0,6W,0,4,False,1.3925530450570007,0.012976786861082612,0.2354670764691597,-0.17628063436235208,0.3890626351343131,0.13515267393789168,0.2816960817342902,0.217469285320738,0.012774123484525779,-0.17628063436235242,"H1,H2","H1,H2,OOS,CAGR"
A,SMALL,SMALLk20d09,SMALL,10.0,6W,1,0,False,1.3867214847035056,0.013864023900165723,0.25172948740800494,-0.1612100382615994,0.37655673916933485,0.16892278087820087,0.3030168542226195,0.2306971819920589,0.013498559907711094,-0.1612100382615993,"H1,H2","H1,H2,OOS,CAGR"
A,SMALL,SMALLk20d09,SMALL,10.0,6W,1,1,False,1.4228073994696733,0.014551077842112958,0.2632923767723932,-0.17526736679715194,0.35446862076384633,0.20475070458409128,0.2945682228748112,0.2515321563843895,0.014870768225809572,-0.17526736679715205,"H1,H2","H1,H2,OOS,CAGR"
A,SMALL,SMALLk20d09,SMALL,10.0,6W,1,2,False,1.4346497968749286,0.016549239439979324,0.2943272233278816,-0.18873526807704055,0.37267237203557907,0.24441668996502108,0.33384610731933256,0.2778317734204931,0.01660599581706923,-0.18873526807704089,"H1,H2","H1,H2,OOS,CAGR"
A,SMALL,SMALLk20d09,SMALL,10.0,6W,1,3,False,1.4151853460171204,0.010760881564780833,0.20350940044607424,-0.1584112732455255,0.305997237160519,0.13500633429283165,0.1849787453317527,0.21444122081936998,0.012237305221168393,-0.15841127324552517,"H1,H2","H1,H2,OOS,CAGR"
A,SMALL,SMALLk20d09,SMALL,10.0,6W,1,4,False,1.420991095102836,0.010174874826731628,0.19081929341256615,-0.18407059979989226,0.4168266462037999,0.038315001087174186,0.3071704662309626,0.13804484347355714,0.0071971187245229995,-0.1840705997998917,"H1,H2","H1,H2,OOS,CAGR"
A,SMALL,SMALLk20d09,SMALL,10.0,6W,2,0,False,1.4439943412906078,0.0113387207233413,0.2101060302950691,-0.1934769983195168,0.3434856016048404,0.12320780382072727,0.25439699726841997,0.1916240450564948,0.010884514407951684,-0.19347699831951715,"H1,H2","H1,H2,OOS,CAGR"
A,SMALL,SMALLk20d09,SMALL,10.0,6W,2,1,False,1.4928380389499247,0.014770627205804132,0.26014891059944706,-0.17389503491775504,0.35718776167605054,0.20227472210631386,0.38697963573159233,0.20371565688944915,0.011910837253443995,-0.17389503491775526,"H1,H2","H1,H2,OOS,CAGR"
A,SMALL,SMALLk20d09,SMALL,10.0,6W,2,2,False,1.4947751591231515,0.015903756233184296,0.280993765520177,-0.13379824658067008,0.2826185409399263,0.2881116835175913,0.26511023864072525,0.29178258485702807,0.017931520833077697,-0.13379824658066897,"H1,H2","H1,H2,OOS,CAGR"
A,SMALL,SMALLk20d09,SMALL,10.0,6W,2,3,False,1.4349556732484996,0.01721119654491976,0.303255210485059,-0.15953417383792712,0.20024485194944763,0.3832517304962744,0.18548763918179875,0.3631207249540871,0.022632757151835436,-0.15953417383792645,"H1,H2","H1,H2,OOS,CAGR"
A,SMALL,SMALLk20d09,SMALL,10.0,6W,2,4,False,1.4560389551551796,0.015238959397554597,0.27091817906238896,-0.15508399119690408,0.16892458219108233,0.3477371472851504,0.11821200600592091,0.3446070161918839,0.02175776498834403,-0.15508399119690286,"H1,H2","H1,H2,OOS,CAGR"
A,SMALL,SMALLk20d09,SMALL,10.0,6W,3,0,False,1.4446670460637883,0.02034475366598043,0.3535758701636972,-0.1355474128294012,0.19720751396166333,0.47016284930535684,0.1596137374096612,0.4482043828984631,0.028729311881627417,-0.13554741282939997,H1,"H1,H2,OOS,CAGR"
A,SMALL,SMALLk20d09,SMALL,10.0,6W,3,1,False,1.4981053471139885,0.025027173978171557,0.4243016084050538,-0.1368541043102317,0.3307015306474109,0.5008013862608375,0.2806166205635854,0.49710567577238796,0.032240014197883804,-0.13685410431023182,H1,"H1,H2,OOS,CAGR"
A,SMALL,SMALLk20d09,SMALL,10.0,6W,3,2,False,1.4574861111221307,0.02670763919825969,0.4539471562198558,-0.11410409971907598,0.3703526943519962,0.524317480460234,0.3816179472740155,0.49329059179671625,0.03155652745137938,-0.11410409971907598,H1,"H1,H2,OOS,CAGR"
A,SMALL,SMALLk20d09,SMALL,10.0,6W,3,3,False,1.46882165905438,0.031248126985088387,0.5245731225336443,-0.12247251121089753,0.5098283465403266,0.5487204842449627,0.5779006855627671,0.5051136673377427,0.03252032364462987,-0.12247251121089797,H1,"H1,H2,OOS,CAGR"
A,SMALL,SMALLk20d09,SMALL,10.0,6W,3,4,False,1.4529856821142988,0.027420556614658587,0.46266786492046874,-0.13733474702815252,0.6066630963140981,0.3764721673936606,0.7017951605525901,0.35619918838631676,0.02230589626938495,-0.13733474702815207,"H1,H2","H1,H2,OOS,CAGR"
A,SMALL,SMALLk20d09,SMALL,10.0,6W,4,0,False,1.4940408862301604,0.022863711971869316,0.38613930271209823,-0.12935241162355915,0.4599890400894231,0.3467805486329158,0.624884035091497,0.2787643638129233,0.017147266289752494,-0.12935241162355904,"H1,H2","H1,H2,OOS,CAGR"
A,SMALL,SMALLk20d09,SMALL,10.0,6W,4,1,False,1.4869840763263464,0.018507976262923886,0.3208993828896195,-0.13150630396275653,0.3212606820937169,0.32908682814054385,0.4706257739237264,0.2540047338578084,0.015293316099988852,-0.13150630396275598,"H1,H2","H1,H2,OOS,CAGR"
A,SMALL,SMALLk20d09,SMALL,10.0,6W,4,2,False,1.5167207037387764,0.021408384157721283,0.3699134870656066,-0.13152908721046452,0.4520358913148128,0.32175327675015786,0.5389820544388705,0.29283901270096657,0.017747293628769478,-0.13152908721046486,"H1,H2","H1,H2,OOS,CAGR"
A,SMALL,SMALLk20d09,SMALL,10.0,6W,4,3,False,1.4253562554663894,0.02175626941010811,0.378633679244822,-0.156444915075875,0.44775361067187947,0.33779424184179624,0.5318061015313129,0.3073238044492903,0.01849177442895633,-0.15644491507587588,"H1,H2","H1,H2,OOS,CAGR"
A,SMALL,SMALLk20d09,SMALL,10.0,6W,4,4,False,1.3974015175352945,0.02302653207183658,0.39189701242490554,-0.15478326596186298,0.46809061676175906,0.34870583402406663,0.5130504473840701,0.3382930962741525,0.021102812163094953,-0.1547832659618632,"H1,H2","H1,H2,OOS,CAGR"
A,SMALL,SMALLk20d09,SMALL,10.0,6W,5,0,False,1.4150472403864913,0.01889612822525555,0.3266104469716874,-0.14692738305839337,0.33287373270664405,0.3287889079627946,0.4108941474767857,0.2866908455803808,0.017350884859448135,-0.14692738305839292,"H1,H2","H1,H2,OOS,CAGR"
A,SMALL,SMALLk20d09,SMALL,10.0,6W,5,1,False,1.4048925344327492,0.021302839470666024,0.370011812155597,-0.14550560322446637,0.43073355456517315,0.3316886110957539,0.48026601792131435,0.31597178679026205,0.018942327704433826,-0.14550560322446637,"H1,H2","H1,H2,OOS,CAGR"
A,SMALL,SMALLk20d09,SMALL,10.0,6W,5,2,False,1.4491151153100268,0.017316866092893513,0.30276166017514583,-0.1679286197926475,0.3737023401740034,0.25754430313693977,0.49291670570662,0.21090627886138635,0.012122222531106619,-0.16792861979264628,"H1,H2","H1,H2,OOS,CAGR"
A,SMALL,SMALLk20d09,SMALL,10.0,6W,5,3,False,1.4167479666431246,0.01561057727951698,0.2801744608594143,-0.16297117506697223,0.33514612428702817,0.24717261454490075,0.4954154692885913,0.17634098893314212,0.00961608150893345,-0.16297117506697245,"H1,H2","H1,H2,OOS,CAGR"
A,SMALL,SMALLk20d09,SMALL,10.0,6W,5,4,False,1.4324164023828567,0.012805381673926197,0.23494042606302493,-0.16287200690405823,0.37535619939861087,0.13756477829019606,0.5026667069824352,0.10505179009025896,0.004816473443269631,-0.16287200690405856,"H1,H2","H1,H2,OOS,CAGR"
A,SMALL,SMALLk20d09,SMALL,10.0,Q,0,0,True,0.8274532949766896,0.013244939067957429,0.2293734388710392,-0.2127065694914798,0.05382790495195695,0.355422501562557,0.06834439985054162,0.3077169146061321,0.02008976408108376,-0.21270656949148026,"H1,H2","H1,H2,OOS,DD,CAGR"
A,SMALL,SMALLk20d09,SMALL,10.0,Q,0,1,False,0.8530530948509593,0.005238737933724202,0.11278530074258718,-0.20040316766771327,-0.0062495834478556766,0.19835249245812842,0.11149109319096144,0.11442399861212378,0.0055906404733629955,-0.20040316766771316,"H1,H2","H1,H2,OOS,CAGR"
A,SMALL,SMALLk20d09,SMALL,10.0,Q,0,2,False,0.8104616315637505,0.013177858472014803,0.2335930719418734,-0.20225665268672366,0.16934735460481357,0.2845640406446444,0.20044744131501396,0.2518647381543142,0.015393452729500767,-0.20225665268672322,"H1,H2","H1,H2,OOS,CAGR"
A,SMALL,SMALLk20d09,SMALL,10.0,Q,0,3,False,0.8261752860172349,0.01028135968223065,0.1923033690750656,-0.16513866445021608,0.02021477198927774,0.3177787209363567,0.13924799077752956,0.2197828894899004,0.012884349806218554,-0.16513866445021586,"H1,H2","H1,H2,OOS,CAGR"
A,SMALL,SMALLk20d09,SMALL,10.0,Q,0,4,False,0.838563637529596,0.00454929165670892,0.10256019114865128,-0.17812439038326255,0.035531101375807735,0.1523729664385186,0.14250579571364044,0.08393807819069769,0.0034257865024338585,-0.1781243903832629,"H1,H2","H1,H2,OOS,CAGR"
A,SMALL,SMALLk20d10,SMALL,10.0,D,0,0,True,5.661708049389756,0.005868324627092303,0.13991790305706314,-0.166729952351802,0.3460108003500953,-0.004333579935092663,0.46970916028177057,-0.00730978783878696,-0.002001755986043685,-0.16672995235179988,"H1,H2","H1,H2,OOS,CAGR"
A,SMALL,SMALLk20d10,SMALL,10.0,2D,0,0,True,4.286053399276335,0.007383093042656608,0.16887495857931273,-0.14020213005475413,0.39712296791307394,0.008598894807505772,0.520712301660938,0.010848190010169796,-0.0009846223156283473,-0.1402021300547558,"H1,H2","H1,H2,OOS,CAGR"
A,SMALL,SMALLk20d10,SMALL,10.0,2D,1,0,False,4.121432833749259,0.018207876159261893,0.374464241239237,-0.12795463584973155,0.6209046238488545,0.2054546749992029,0.7934467075492282,0.18890693278048243,0.009179371082286725,-0.12795463584973,"H1,H2","H1,H2,OOS,CAGR"
A,SMALL,SMALLk20d10,SMALL,10.0,W,0,0,True,2.933167996322844,0.014677608171562495,0.3065683145965142,-0.11457084021244701,0.5374327401697958,0.15297763929476454,0.6500643949426882,0.16109681676507062,0.007655220027058096,-0.11457084021244912,"H1,H2","H1,H2,OOS,CAGR"
A,SMALL,SMALLk20d10,SMALL,10.0,W,0,1,False,2.8745258919356065,0.014815754151547456,0.30624738105544963,-0.11757716083488501,0.5046553628782565,0.1719007766246322,0.5854818769649559,0.18407592668553582,0.00901753270529615,-0.11757716083488501,"H1,H2","H1,H2,OOS,CAGR"
A,SMALL,SMALLk20d10,SMALL,10.0,W,0,2,False,2.9195209527737043,0.00812416928109938,0.18262671367663483,-0.1602426901325278,0.3251035284773663,0.08362819647072749,0.5499228254471678,0.017271986934770903,-0.0006287026741632618,-0.16024269013252967,"H1,H2","H1,H2,OOS,CAGR"
A,SMALL,SMALLk20d10,SMALL,10.0,W,0,3,False,2.8543659301811433,0.01392255766931938,0.29098799926002905,-0.12285007235707723,0.4868084782662265,0.15271657827030455,0.5862454967216765,0.15719336910711104,0.007374388637129581,-0.12285007235707568,"H1,H2","H1,H2,OOS,CAGR"
A,SMALL,SMALLk20d10,SMALL,10.0,W,0,4,False,2.953427420449618,0.01234203626305641,0.26335734108983305,-0.15292127731375704,0.4693281831462114,0.12582222382693978,0.5678283714471313,0.13379452658542457,0.006043069069661344,-0.12777884786477955,"H1,H2","H1,H2,OOS,CAGR"
A,SMALL,SMALLk20d10,SMALL,10.0,2W,0,0,True,2.1910812842561254,0.017017040599363265,0.3492110984257986,-0.11987300244766486,0.5141217998723819,0.2420153537597123,0.7065283928868911,0.19646251382082702,0.009738191789234962,-0.11987300244766752,"H1,H2","H1,H2,OOS,CAGR"
A,SMALL,SMALLk20d10,SMALL,10.0,2W,0,1,False,2.139510996658014,0.013616696796826533,0.27935598353435975,-0.13638484898514047,0.4559430065404042,0.16416206244847975,0.5787813627875542,0.15076641071897443,0.007205411397239292,-0.13638484898513958,"H1,H2","H1,H2,OOS,CAGR"
A,SMALL,SMALLk20d10,SMALL,10.0,2W,0,2,False,2.1509738378374235,0.007555224226728718,0.17043084590449314,-0.1358779798911639,0.361822518555517,0.038123407703310845,0.3793192738159238,0.07885697323326789,0.0028863720688425687,-0.135877979891165,"H1,H2","H1,H2,OOS,CAGR"
A,SMALL,SMALLk20d10,SMALL,10.0,2W,0,3,False,2.1900294103440627,0.012671449840744753,0.26514401787880393,-0.11960831660061533,0.5306923988510787,0.08077957840034561,0.5522569698466488,0.13909538497080184,0.006415823191234571,-0.11960831660061744,"H1,H2","H1,H2,OOS,CAGR"
A,SMALL,SMALLk20d10,SMALL,10.0,2W,0,4,False,2.14847533494635,0.007346259006459022,0.16553511980221228,-0.14328063295710458,0.47723960930079407,-0.05089410673681315,0.4589425750399754,0.03717876762527053,0.00047086794595685433,-0.14328063295710503,"H1,H2","H1,H2,OOS,CAGR"
A,SMALL,SMALLk20d10,SMALL,10.0,2W,1,0,False,2.175342492302631,0.008087915468135254,0.17916249626925984,-0.14274869613462216,0.5390383868794679,-0.06837932459433978,0.5548896876649871,0.016913146798976497,-0.0007213604670448515,-0.14274869613462304,"H1,H2","H1,H2,OOS,CAGR"
A,SMALL,SMALLk20d10,SMALL,10.0,2W,1,1,False,2.1822476126291206,0.01460839382989354,0.3003311780471478,-0.13485958561512013,0.5033378049929655,0.1640332625430001,0.5319574365458527,0.20270948608179898,0.010224592176662384,-0.13485958561511857,"H1,H2","H1,H2,OOS,CAGR"
A,SMALL,SMALLk20d10,SMALL,10.0,2W,1,2,False,2.1383937978248966,0.012989460832965483,0.27380574831380045,-0.11764993478718133,0.36404118288389997,0.21555775293255658,0.5236905161754142,0.1660039871017487,0.007927842560885523,-0.11764993478718078,"H1,H2","H1,H2,OOS,CAGR"
A,SMALL,SMALLk20d10,SMALL,10.0,2W,1,3,False,2.1261001772168466,0.014236715604274641,0.2933510798496903,-0.12188616319204171,0.45011811431262,0.1871432026227665,0.6254720780138484,0.1446911847270556,0.006746117174479149,-0.09997332288792471,"H1,H2","H1,H2,OOS,CAGR"
A,SMALL,SMALLk20d10,SMALL,10.0,2W,1,4,False,2.154402935971474,0.013901059416079331,0.2898471117236445,-0.14399038682083531,0.46798421257655654,0.17182150706636795,0.632088617263855,0.1426420512400251,0.0066116218803669025,-0.12740908205410162,"H1,H2","H1,H2,OOS,CAGR"
A,SMALL,SMALLk20d10,SMALL,10.0,M,0,0,True,1.539424596548149,0.021895361342448183,0.4271816213592408,-0.11181891069799377,0.5590017840163708,0.35009644429635023,0.6237560235697943,0.3530127717329438,0.019755579407291668,-0.11181891069799366,"H1,H2","H1,H2,OOS,CAGR"
A,SMALL,SMALLk20d10,SMALL,10.0,M,0,1,False,1.484445590755435,0.025174234680997998,0.4860219371786838,-0.13003378084621497,0.5188134820052671,0.4765734136501167,0.5172261295623799,0.48144837265775736,0.02758159926736581,-0.13003378084621464,H1,"H1,H2,OOS,CAGR"
A,SMALL,SMALLk20d10,SMALL,10.0,M,0,2,False,1.5320969615910733,0.018548521911437854,0.36475042197303104,-0.14909253526424782,0.5585547660549444,0.24311799954901994,0.5539175570000051,0.2896603385655525,0.015853532848040475,-0.14909253526424793,"H1,H2","H1,H2,OOS,CAGR"
A,SMALL,SMALLk20d10,SMALL,10.0,M,0,3,False,1.4834986870290714,0.011787172132234902,0.2431236710018371,-0.14821887165575232,0.4827117137290697,0.07381242711474777,0.4828410566948519,0.13509566852374366,0.006282281797274303,-0.1482188716557501,"H1,H2","H1,H2,OOS,CAGR"
A,SMALL,SMALLk20d10,SMALL,10.0,M,0,4,False,1.549525043739378,0.007997999624858698,0.1730390701783773,-0.16888332389252725,0.4929020722327678,-0.04067234745987976,0.594545802161253,-0.007809379298855531,-0.002321041381754263,-0.16888332389252825,"H1,H2","H1,H2,OOS,CAGR"
A,SMALL,SMALLk20d10,SMALL,10.0,6W,0,0,True,1.201266895328139,0.015566406792959508,0.29886847971795794,-0.15077947578642636,0.4345136755187115,0.22595019918151435,0.4736348430985688,0.23520770280786643,0.013183508093372653,-0.15077947578642947,"H1,H2","H1,H2,OOS,CAGR"
A,SMALL,SMALLk20d10,SMALL,10.0,6W,0,1,False,1.2349840946698762,0.017883093152224916,0.34098900319304776,-0.15781396748757848,0.44152090405240996,0.2908817842564048,0.4638523968575885,0.2987346489300974,0.017194515905132324,-0.1578139674875767,"H1,H2","H1,H2,OOS,CAGR"
A,SMALL,SMALLk20d10,SMALL,10.0,6W,0,2,False,1.2413123265299912,0.01552006375289916,0.2987088914010737,-0.14713074764573164,0.4370544108259153,0.22046626026005253,0.44316102773946614,0.24442441323208167,0.013671720018816336,-0.1471307476457313,"H1,H2","H1,H2,OOS,CAGR"
A,SMALL,SMALLk20d10,SMALL,10.0,6W,0,3,False,1.2049376731788486,0.016362536313564657,0.3130341739433636,-0.15761816823091634,0.6429120851857888,0.11361564981619408,0.6582202478383885,0.17759421634191017,0.009383772694423476,-0.15761816823091546,"H1,H2","H1,H2,OOS,CAGR"
A,SMALL,SMALLk20d10,SMALL,10.0,6W,0,4,False,1.190563063557186,0.01293199078417362,0.26068577501848156,-0.15957575356538234,0.6571316346590534,0.010663891604047805,0.7054611076999082,0.07781201168585414,0.002898022833337288,-0.15957575356538478,"H1,H2","H1,H2,OOS,CAGR"
A,SMALL,SMALLk20d10,SMALL,10.0,6W,1,0,False,1.2634340905626842,0.012370643695158279,0.2487187421284133,-0.15950041437384221,0.5867142020326469,0.036754982203087753,0.6423863373696229,0.09000773347349462,0.0036769622495558263,-0.15950041437384388,"H1,H2","H1,H2,OOS,CAGR"
A,SMALL,SMALLk20d10,SMALL,10.0,6W,1,1,False,1.276943799091355,0.015614736608006163,0.30408075541817686,-0.150988189046096,0.5527090967621296,0.1541577209946599,0.7182021895795391,0.14059546544375642,0.006912130986471254,-0.15098818904609657,"H1,H2","H1,H2,OOS,CAGR"
A,SMALL,SMALLk20d10,SMALL,10.0,6W,1,2,False,1.2513365347806225,0.017326711590362365,0.3367230135957482,-0.16081407153847316,0.458495362856938,0.265464871108799,0.6206413417193759,0.2242786344790297,0.012107686995906919,-0.1608140715384727,"H1,H2","H1,H2,OOS,CAGR"
A,SMALL,SMALLk20d10,SMALL,10.0,6W,1,3,False,1.26059861525748,0.016003891392608827,0.3099153017945946,-0.1626097446539556,0.5428104362745019,0.16740568883002632,0.660388624275651,0.17141827084346087,0.00889185412235416,-0.1626097446539555,"H1,H2","H1,H2,OOS,CAGR"
A,SMALL,SMALLk20d10,SMALL,10.0,6W,1,4,False,1.2875208300952354,0.012332439388483385,0.24758900433909745,-0.1870964694463465,0.615894197106625,0.004533058281529712,0.6731064704936366,0.0715601707221695,0.0025199102319948263,-0.18709646944634728,"H1,H2","H1,H2,OOS,CAGR"
A,SMALL,SMALLk20d10,SMALL,10.0,6W,2,0,False,1.2824129932715869,0.015650518927254664,0.31011363652964086,-0.11960813130315029,0.6247932489577303,0.10158423152032171,0.7692544519545294,0.12096227042741094,0.005559207165454438,-0.11960813130314973,"H1,H2","H1,H2,OOS,CAGR"
A,SMALL,SMALLk20d10,SMALL,10.0,6W,2,1,False,1.2596178487784746,0.01429047166233266,0.2813466148362553,-0.16987835864805545,0.6360981355777466,0.050120776787612516,0.7787311375718402,0.0772916460862305,0.0028846129581368007,-0.16987835864805645,"H1,H2","H1,H2,OOS,CAGR"
A,SMALL,SMALLk20d10,SMALL,10.0,6W,2,2,False,1.2368139247826038,0.01684384768762004,0.33284628886962364,-0.14999071507150552,0.5282922261400826,0.20708079911147645,0.5138683793868979,0.26199730141594924,0.014235819184935439,-0.14999071507150574,"H1,H2","H1,H2,OOS,CAGR"
A,SMALL,SMALLk20d10,SMALL,10.0,6W,2,3,False,1.2025944765165295,0.018953587067408684,0.371757946465685,-0.13088489627093935,0.5639511526532587,0.24029049938526298,0.5497966193263085,0.29642600116649825,0.016122615304397847,-0.13088489627094024,"H1,H2","H1,H2,OOS,CAGR"
A,SMALL,SMALLk20d10,SMALL,10.0,6W,2,4,False,1.200303187685998,0.01234566360542888,0.2531706596084149,-0.13356697532722772,0.48489020289834134,0.09465313732934282,0.5300569352882368,0.13464116185544792,0.006308594813573931,-0.13356697532722794,"H1,H2","H1,H2,OOS,CAGR"
A,SMALL,SMALLk20d10,SMALL,10.0,6W,3,0,False,1.2108054184910064,0.011462810623177333,0.23631219438388393,-0.12588475578677605,0.46626740693623114,0.07779933733269556,0.4791444575796591,0.1304369419899002,0.006055443917707182,-0.1258847557867755,"H1,H2","H1,H2,OOS,CAGR"
A,SMALL,SMALLk20d10,SMALL,10.0,6W,3,1,False,1.2143783121151164,0.019832132569433947,0.3840298121006645,-0.11462354078178594,0.5728731659459751,0.2579267533009781,0.6514867165696901,0.2720855341908002,0.014856393131892576,-0.1146235407817876,"H1,H2","H1,H2,OOS,CAGR"
A,SMALL,SMALLk20d10,SMALL,10.0,6W,3,2,False,1.2036148285551884,0.01353108291373939,0.2789838496094931,-0.11679618263774016,0.5002596927233922,0.1252409265907238,0.6169779350817275,0.13095410140377867,0.005987157280012978,-0.11679618263774105,"H1,H2","H1,H2,OOS,CAGR"
A,SMALL,SMALLk20d10,SMALL,10.0,6W,3,3,False,1.1975957500682761,0.01576778362427511,0.3177296530364637,-0.11737106514420648,0.4186166955874604,0.2533188202813323,0.49956791448556137,0.2415310162447699,0.01267657385972143,-0.11324107887020474,"H1,H2","H1,H2,OOS,CAGR"
A,SMALL,SMALLk20d10,SMALL,10.0,6W,3,4,False,1.1606290636506529,0.01780236292080306,0.3632264206627396,-0.11451769674782153,0.4686961002165583,0.2976294894761282,0.5938453567585543,0.26685232050495206,0.013886680086864445,-0.11428478173068457,"H1,H2","H1,H2,OOS,CAGR"
A,SMALL,SMALLk20d10,SMALL,10.0,6W,4,0,False,1.1979016466434635,0.016587601009644404,0.33840777396498645,-0.12774383228548192,0.5284190317761388,0.21197865404390526,0.6552476559358208,0.2030470482215213,0.010198764310619612,-0.12774383228548314,"H1,H2","H1,H2,OOS,CAGR"
A,SMALL,SMALLk20d10,SMALL,10.0,6W,4,1,False,1.2028532961763638,0.01378414795386318,0.2790268282383347,-0.1321933884403229,0.5610452176114603,0.09097155046217466,0.6633679866462119,0.11433590575260023,0.005089592737636428,-0.1321933884403247,"H1,H2","H1,H2,OOS,CAGR"
A,SMALL,SMALLk20d10,SMALL,10.0,6W,4,2,False,1.1725384056352066,0.009386506635747027,0.20232721821883318,-0.16468249307138394,0.5571819904288736,-0.05020881018903701,0.5700285442899772,0.036525465004072236,0.000428253841356252,-0.1646824930713846,"H1,H2","H1,H2,OOS,CAGR"
A,SMALL,SMALLk20d10,SMALL,10.0,6W,4,3,False,1.2127503520486986,0.010517879957257392,0.22337068076137873,-0.16509118869724027,0.6167341012067781,-0.04739397446908173,0.6474735483271263,0.03936569759709387,0.0005843244500860489,-0.1650911886972395,"H1,H2","H1,H2,OOS,CAGR"
A,SMALL,SMALLk20d10,SMALL,10.0,6W,4,4,False,1.1979793618043486,0.01188041542692253,0.24120989417288363,-0.12822063174401088,0.5746304598038182,0.02521070637598696,0.49604764133743456,0.1377333092996694,0.0066283934397730615,-0.12822063174401133,"H1,H2","H1,H2,OOS,CAGR"
A,SMALL,SMALLk20d10,SMALL,10.0,6W,5,0,False,1.1862556513262918,0.011177924748985602,0.2263158922675544,-0.14706531497514586,0.44423360242094156,0.08840086655704449,0.3275276115798829,0.1880754683531315,0.009880154472601044,-0.14706531497514774,"H1,H2","H1,H2,OOS,CAGR"
A,SMALL,SMALLk20d10,SMALL,10.0,6W,5,1,False,1.1766276544812293,0.010181445065519767,0.2085889530359051,-0.15717146203389343,0.4827742453139755,0.030080187268239463,0.3733197057591417,0.1423811242926633,0.0069846708967189475,-0.15717146203389365,"H1,H2","H1,H2,OOS,CAGR"
A,SMALL,SMALLk20d10,SMALL,10.0,6W,5,2,False,1.2003718032651571,0.01585658711800808,0.3075285668792567,-0.1348605993488171,0.5641993295589802,0.14528295535385854,0.5514160025373285,0.21063719283524332,0.011355751078132137,-0.13486059934881978,"H1,H2","H1,H2,OOS,CAGR"
A,SMALL,SMALLk20d10,SMALL,10.0,6W,5,3,False,1.197694052459155,0.018333782684839317,0.34963018234590987,-0.1279130385061975,0.45187412829322077,0.28998733560453593,0.5201784556485781,0.2795155488335954,0.015654443696908826,-0.12791303850619784,"H1,H2","H1,H2,OOS,CAGR"
A,SMALL,SMALLk20d10,SMALL,10.0,6W,5,4,False,1.2236434381023018,0.016527653215062665,0.31410689397000513,-0.1474952284679557,0.5325011573177976,0.1889334417836205,0.5515295728456375,0.22459278164078203,0.012530560552892256,-0.14749522846795604,"H1,H2","H1,H2,OOS,CAGR"
A,SMALL,SMALLk20d10,SMALL,10.0,Q,0,0,True,0.6928014865281991,0.008401838779163562,0.17161698562899505,-0.17477407910187703,0.34620777115961676,0.05427726330137515,0.2767987472740898,0.1249737090625179,0.005994408431276854,-0.1747740791018788,"H1,H2","H1,H2,OOS,CAGR"
A,SMALL,SMALLk20d10,SMALL,10.0,Q,0,1,False,0.7025416298380017,0.008954924841356071,0.18251581733391298,-0.1827317506596723,0.3078961062227235,0.0956053185139838,0.2124038502512079,0.16998781368998842,0.008766853634299299,-0.1827317506596745,"H1,H2","H1,H2,OOS,CAGR"
A,SMALL,SMALLk20d10,SMALL,10.0,Q,0,2,False,0.6903351017264743,0.006481491652900351,0.14072059987527422,-0.18548480888811614,0.31018920941471456,0.022796444278732474,0.25050439782665257,0.09020203787426884,0.003701751664308528,-0.1854848088881127,"H1,H2","H1,H2,OOS,CAGR"
A,SMALL,SMALLk20d10,SMALL,10.0,Q,0,3,False,0.6879379357390435,0.011178531969888716,0.2280475300296033,-0.13385995128349615,0.32324246997537337,0.16266162760777603,0.29414487114877613,0.19897560969062578,0.010241124410964364,-0.1279831026257081,"H1,H2","H1,H2,OOS,CAGR"
A,SMALL,SMALLk20d10,SMALL,10.0,Q,0,4,False,0.7011590673587415,0.009926031334236418,0.20942504831210668,-0.12143035059142093,0.44085873235215645,0.04798460400863506,0.41511292476350703,0.11571579353354272,0.005111344798631068,-0.12143035059142016,"H1,H2","H1,H2,OOS,CAGR"
A,SMALL,SMALLk20d11,SMALL,10.0,D,0,0,True,6.079757430167598,-0.004041464226841374,-0.04317507479886325,-0.24564934235342262,0.181423013717644,-0.23352870719763738,0.3817199597445703,-0.27243107389543747,-0.017785789042751077,-0.24564934235342062,"H1,H2","H1,H2,OOS,DD,CAGR"
A,SMALL,SMALLk20d11,SMALL,10.0,2D,0,0,True,4.511360982943391,-0.0018388118279886179,-0.00403797973285939,-0.2691629603704506,0.30193865462150843,-0.2630533836023933,0.5052965276489201,-0.28185409286229374,-0.01830425632120647,-0.2691629603704495,"H1,H2","H1,H2,OOS,DD,CAGR"
A,SMALL,SMALLk20d11,SMALL,10.0,2D,1,0,False,4.610864168319674,-0.003982994268199147,-0.04201324287023168,-0.2474651275532871,0.25560244570739676,-0.2912007242515146,0.4653720076448735,-0.3101433881961275,-0.02015198786748007,-0.24746512755328576,"H1,H2","H1,H2,OOS,DD,CAGR"
A,SMALL,SMALLk20d11,SMALL,10.0,W,0,0,True,3.056644677883122,0.0012944197664825907,0.05122370104554494,-0.21868209071544464,0.29456986018287856,-0.1553403956449527,0.4615397518298988,-0.169972707849307,-0.011937374660160316,-0.2186820907154463,"H1,H2","H1,H2,OOS,DD,CAGR"
A,SMALL,SMALLk20d11,SMALL,10.0,W,0,1,False,3.085937665142401,-0.0010089363203228396,0.010633492704853432,-0.2347467672806145,0.20001321796656185,-0.150251592352991,0.4681446493665522,-0.23744225748849374,-0.015759768602526703,-0.23474676728061716,"H1,H2","H1,H2,OOS,DD,CAGR"
A,SMALL,SMALLk20d11,SMALL,10.0,W,0,2,False,3.058206280368762,0.0016192983030518526,0.05688741716316901,-0.259950306706243,0.36415943520569427,-0.20477165475923254,0.578241853532801,-0.22765449953607522,-0.015230931131887782,-0.259950306706242,"H1,H2","H1,H2,OOS,DD,CAGR"
A,SMALL,SMALLk20d11,SMALL,10.0,W,0,3,False,3.0759274863036623,0.0017794777689332797,0.05970093393325364,-0.24376958692321238,0.4034963098785434,-0.22932324601513146,0.5962254467147091,-0.2292989457282382,-0.015317436100445336,-0.24376958692321327,"H1,H2","H1,H2,OOS,DD,CAGR"
A,SMALL,SMALLk20d11,SMALL,10.0,W,0,4,False,3.0387807624373884,-0.0012982997968932208,0.005814316176288028,-0.27174845870374387,0.3992469615532812,-0.3289895835022552,0.5769349939777536,-0.3066434797709971,-0.019852050279433264,-0.27174845870374364,"H1,H2","H1,H2,OOS,DD,CAGR"
A,SMALL,SMALLk20d11,SMALL,10.0,2W,0,0,True,2.244466011278078,0.003217696503541534,0.08443179631012519,-0.23800255718397134,0.42026444074359975,-0.1958073606582215,0.62777307800781,-0.2059998727178089,-0.014288733176180513,-0.23800255718397256,"H1,H2","H1,H2,OOS,DD,CAGR"
A,SMALL,SMALLk20d11,SMALL,10.0,2W,0,1,False,2.282494230657074,0.004714024736210298,0.11042626692716687,-0.21736338703270885,0.27652896532135324,-0.029684441378826427,0.48336157352812587,-0.0935463605139548,-0.007404151717950835,-0.21736338703270874,"H1,H2","H1,H2,OOS,DD,CAGR"
A,SMALL,SMALLk20d11,SMALL,10.0,2W,0,2,False,2.191197574852592,0.0025180734835092977,0.0724755540824362,-0.2609259527855524,0.3534299231688479,-0.16626987695086332,0.5252818482171182,-0.17556000521778065,-0.012264237339638662,-0.260925952785552,"H1,H2","H1,H2,OOS,DD,CAGR"
A,SMALL,SMALLk20d11,SMALL,10.0,2W,0,3,False,2.1667709463325355,0.005193117556849369,0.11855924871757757,-0.23490508136586896,0.39991127203923515,-0.11811945692316116,0.576435455371143,-0.1283690520907592,-0.00955696171193765,-0.23490508136586763,"H1,H2","H1,H2,OOS,DD,CAGR"
A,SMALL,SMALLk20d11,SMALL,10.0,2W,0,4,False,2.1706336862841416,0.0026844877691323266,0.07547100105253815,-0.2243221260194742,0.3154469643769425,-0.13024723985736797,0.40276890535580423,-0.10353978378257371,-0.00793413096247464,-0.22432212601947377,"H1,H2","H1,H2,OOS,DD,CAGR"
A,SMALL,SMALLk20d11,SMALL,10.0,2W,1,0,False,2.1831015962767144,0.0006551000474019908,0.04005954165036561,-0.19876419093661135,0.18775150731052365,-0.08909137900713274,0.3013609551988637,-0.10363255817342024,-0.007925378368814906,-0.19876419093661157,"H1,H2","H1,H2,OOS,CAGR"
A,SMALL,SMALLk20d11,SMALL,10.0,2W,1,1,False,2.2535581785763084,-0.0010683479090956016,0.009644466855458384,-0.2351111425558029,0.2538601286283046,-0.20444112426466685,0.446807650225483,-0.2309671626503796,-0.015317551778193494,-0.235111142555801,"H1,H2","H1,H2,OOS,DD,CAGR"
A,SMALL,SMALLk20d11,SMALL,10.0,2W,1,2,False,2.2901911533577146,0.0038348652570427966,0.09558516649906446,-0.22138831184130958,0.3819390464800302,-0.15202005687958936,0.5478949602036719,-0.1511305222238654,-0.010731707695395554,-0.22138831184131058,"H1,H2","H1,H2,OOS,DD,CAGR"
A,SMALL,SMALLk20d11,SMALL,10.0,2W,1,3,False,2.2535967620558814,-0.001506787541530108,0.0022260863216323804,-0.22825145476470043,0.3629513801769645,-0.30738718043748786,0.5084222248663771,-0.2725929647761269,-0.01793646558056594,-0.22825145476470032,"H1,H2","H1,H2,OOS,DD,CAGR"
A,SMALL,SMALLk20d11,SMALL,10.0,2W,1,4,False,2.2418147936679444,0.0038936999422030105,0.0960524641130724,-0.23764965364771817,0.42048970931726576,-0.18207148262410291,0.6490831174502661,-0.2080322332042654,-0.014271941652572506,-0.2376496536477174,"H1,H2","H1,H2,OOS,DD,CAGR"
A,SMALL,SMALLk20d11,SMALL,10.0,M,0,0,True,1.5797382630429062,0.010552870335269082,0.20867790023759467,-0.22843188993106567,0.6518368691853714,-0.15634849036027185,0.7613591974134982,-0.0802273167210197,-0.0068557916366478455,-0.22843188993106478,"H1,H2","H1,H2,OOS,DD,CAGR"
A,SMALL,SMALLk20d11,SMALL,10.0,M,0,1,False,1.5368137549122833,0.010472903861192151,0.20873325638256854,-0.20920836123202413,0.5709740951397446,-0.10048408948628504,0.7032083388919727,-0.05953051084504101,-0.005430158916377215,-0.20920836123202502,"H1,H2","H1,H2,OOS,DD,CAGR"
A,SMALL,SMALLk20d11,SMALL,10.0,M,0,2,False,1.6039857803497848,0.007986394304685396,0.16584053178890396,-0.18563296434530097,0.4724131635355874,-0.09482125634197089,0.6566677038236158,-0.10043855215211557,-0.007928965452330905,-0.1856329643453002,"H1,H2","H1,H2,OOS,CAGR"
A,SMALL,SMALLk20d11,SMALL,10.0,M,0,3,False,1.570574485284145,0.008095040486871374,0.1666420819075101,-0.1669739772683917,0.5039643826533685,-0.12153848828580573,0.6357562774714149,-0.08543597049076934,-0.007137411943405891,-0.16697397726838847,"H1,H2","H1,H2,OOS,CAGR"
A,SMALL,SMALLk20d11,SMALL,10.0,M,0,4,False,1.5810181303857527,0.007362790815106157,0.1533588172365373,-0.19482634207575744,0.527594461436281,-0.17216972949630457,0.6485903672739184,-0.12081439993151484,-0.009300998562483342,-0.19482634207575567,"H1,H2","H1,H2,OOS,CAGR"
A,SMALL,SMALLk20d11,SMALL,10.0,6W,0,0,True,1.2433140362659507,0.009568914213814006,0.18768334986869875,-0.2254421319000417,0.46911735183107156,-0.04398413428664823,0.6771792043184299,-0.0657060605163088,-0.006256130097655466,-0.22544213190004114,"H1,H2","H1,H2,OOS,DD,CAGR"
A,SMALL,SMALLk20d11,SMALL,10.0,6W,0,1,False,1.3324244390354338,0.006657882868823517,0.1404855276244189,-0.23799171281607334,0.41141088613101,-0.08625639573745787,0.6293020409254829,-0.11800601077700927,-0.009438866064217954,-0.23799171281607345,"H1,H2","H1,H2,OOS,DD,CAGR"
A,SMALL,SMALLk20d11,SMALL,10.0,6W,0,2,False,1.279892458629103,0.008546327373866625,0.174758572009806,-0.2373116297155008,0.5511158982210851,-0.14593649081170854,0.8135600944543687,-0.1647798838836371,-0.011967106480183953,-0.2373116297154998,"H1,H2","H1,H2,OOS,DD,CAGR"
A,SMALL,SMALLk20d11,SMALL,10.0,6W,0,3,False,1.1956661957365173,0.00908388141498051,0.18416567542013393,-0.2189870352010761,0.5351258662183599,-0.110176751634131,0.7226893116173762,-0.09481362611693869,-0.007753357426229512,-0.2189870352010781,"H1,H2","H1,H2,OOS,DD,CAGR"
A,SMALL,SMALLk20d11,SMALL,10.0,6W,0,4,False,1.2103059005035772,0.005382332810669244,0.12236012677193518,-0.22330712148415532,0.5869412536366633,-0.2749710432534009,0.7208934470393265,-0.1947521594844647,-0.013488575486005794,-0.22330712148415954,"H1,H2","H1,H2,OOS,DD,CAGR"
A,SMALL,SMALLk20d11,SMALL,10.0,6W,1,0,False,1.2486436801278527,0.00837280173156496,0.17219196636478534,-0.22503941521319692,0.6517728050115957,-0.2492902944564552,0.7803696678138069,-0.1571386595070563,-0.011382446047197847,-0.2250394152131977,"H1,H2","H1,H2,OOS,DD,CAGR"
A,SMALL,SMALLk20d11,SMALL,10.0,6W,1,1,False,1.2646662756374594,0.005652971474752189,0.1261952253411259,-0.2481271187428702,0.6552815214582272,-0.3394579302900102,0.7871393751381566,-0.23282115621083757,-0.01583540813629536,-0.24812711874286886,"H1,H2","H1,H2,OOS,DD,CAGR"
A,SMALL,SMALLk20d11,SMALL,10.0,6W,1,2,False,1.2947509901414669,0.0030365299282826275,0.08073822218220598,-0.28947548393994804,0.6120030237770976,-0.3846981374926816,0.7089141229058944,-0.2606104280525823,-0.017973047338909254,-0.2894754839399508,"H1,H2","H1,H2,OOS,DD,CAGR"
A,SMALL,SMALLk20d11,SMALL,10.0,6W,1,3,False,1.2722215556773584,0.00288083893011426,0.07830310006362112,-0.27048931958071176,0.5704043544601549,-0.3560498544841001,0.668104264421862,-0.24419715160879155,-0.016761267314438166,-0.270489319580712,"H1,H2","H1,H2,OOS,DD,CAGR"
A,SMALL,SMALLk20d11,SMALL,10.0,6W,1,4,False,1.2957953082589053,0.0028710928175121886,0.07782374070662769,-0.2836333869090061,0.5241365525067919,-0.31781798196805316,0.7038652886882165,-0.27457104215366834,-0.018741610813914233,-0.28363338690900697,"H1,H2","H1,H2,OOS,DD,CAGR"
A,SMALL,SMALLk20d11,SMALL,10.0,6W,2,0,False,1.2999339319709782,0.006867365231022937,0.14532288417326023,-0.29418214632906026,0.6472035556800627,-0.2763337672512475,0.8244183064897984,-0.20896889156938528,-0.014924974926061263,-0.2941821463290605,"H1,H2","H1,H2,OOS,DD,CAGR"
A,SMALL,SMALLk20d11,SMALL,10.0,6W,2,1,False,1.2636535071105024,0.0023921986101533843,0.07007381041671742,-0.29987590899046335,0.5450210925196078,-0.34085290120983913,0.7169709384647204,-0.27825677034947294,-0.018817503970628313,-0.29987590899046224,"H1,H2","H1,H2,OOS,DD,CAGR"
A,SMALL,SMALLk20d11,SMALL,10.0,6W,2,2,False,1.3019908112517418,0.0035565396106185254,0.08954835600991098,-0.25215453270869503,0.4256259084571335,-0.20254141378175453,0.5829862410980078,-0.1778824247402695,-0.012868067984274978,-0.25215453270869914,"H1,H2","H1,H2,OOS,DD,CAGR"
A,SMALL,SMALLk20d11,SMALL,10.0,6W,2,3,False,1.2878405565184108,-0.003280397073211483,-0.02534630653501786,-0.26410833892675845,0.3264711134580381,-0.3245086641363194,0.47483678546844876,-0.29407822082346663,-0.020148617934765523,-0.26410833892676033,"H1,H2","H1,H2,OOS,DD,CAGR"
A,SMALL,SMALLk20d11,SMALL,10.0,6W,2,4,False,1.3103481629701383,-0.0052958415917638835,-0.058695111454515406,-0.26652680029901754,0.262063853975027,-0.3402573764193833,0.27659481232542404,-0.24438397622535918,-0.017014882951957855,-0.266526800299018,"H1,H2","H1,H2,OOS,DD,CAGR"
A,SMALL,SMALLk20d11,SMALL,10.0,6W,3,0,False,1.2680674777422687,-0.0015317392106379835,0.004267591200310727,-0.26082226370890615,0.28833970947728255,-0.2450133304549142,0.33068729645973505,-0.17600120860639157,-0.01280498379090056,-0.26082226370890593,"H1,H2","H1,H2,OOS,DD,CAGR"
A,SMALL,SMALLk20d11,SMALL,10.0,6W,3,1,False,1.2862164553116906,-0.001823846929764672,-0.0014897963582975976,-0.25443613599190995,0.2861455858842233,-0.25418092040020857,0.33392157026308444,-0.18831899287235668,-0.01329948025732719,-0.2544361359919052,"H1,H2","H1,H2,OOS,DD,CAGR"
A,SMALL,SMALLk20d11,SMALL,10.0,6W,3,2,False,1.2820748517818081,0.0015420504790457645,0.05563669409209886,-0.23854626903545428,0.39570066461697073,-0.24301127425471833,0.42574032281812324,-0.15287677577597986,-0.011160138859033442,-0.23854626903545606,"H1,H2","H1,H2,OOS,DD,CAGR"
A,SMALL,SMALLk20d11,SMALL,10.0,6W,3,3,False,1.3095608166628114,-0.0005183481082017272,0.021229642130994705,-0.2389641711847177,0.3511894689844102,-0.2549836960915398,0.40259156023985865,-0.18405629241578841,-0.013421327581531584,-0.23896417118471558,"H1,H2","H1,H2,OOS,DD,CAGR"
A,SMALL,SMALLk20d11,SMALL,10.0,6W,3,4,False,1.2792300575985487,0.010483156268895177,0.20695237801011168,-0.2233683668920503,0.6144050717434711,-0.14760655103890336,0.7465026103663983,-0.09393865322438234,-0.007542945978418203,-0.22336836689205097,"H1,H2","H1,H2,OOS,DD,CAGR"
A,SMALL,SMALLk20d11,SMALL,10.0,6W,4,0,False,1.2681232556434676,0.012502821531666486,0.24151524208699882,-0.1790610524054571,0.5298999210990386,-0.005090459509863617,0.6350781228312357,0.02568900946129379,-0.00029328850752485813,-0.17906105240546,"H1,H2","H1,H2,OOS,CAGR"
A,SMALL,SMALLk20d11,SMALL,10.0,6W,4,1,False,1.3198578851645688,0.011600152581698886,0.22409873494752638,-0.18352993663490524,0.4882645714554438,0.0009511127356806315,0.6016686105336635,0.015555232527012042,-0.0009415340059388821,-0.1835299366349027,"H1,H2","H1,H2,OOS,CAGR"
A,SMALL,SMALLk20d11,SMALL,10.0,6W,4,2,False,1.300777006421796,0.013417451539517344,0.25260757697474245,-0.22133249362470242,0.6226313694153532,-0.06309768830178338,0.7250788562072383,-0.009504663087528549,-0.002517690466750655,-0.22133249362470098,"H1,H2","H1,H2,OOS,DD,CAGR"
A,SMALL,SMALLk20d11,SMALL,10.0,6W,4,3,False,1.2839694731364983,0.01139307826490299,0.22103592145655462,-0.21970850277089038,0.6225825533312715,-0.1293707016774105,0.7700695991941333,-0.0871598156609569,-0.007181177372970637,-0.21970850277088816,"H1,H2","H1,H2,OOS,DD,CAGR"
A,SMALL,SMALLk20d11,SMALL,10.0,6W,4,4,False,1.285015092672993,0.012208471201947901,0.23491781730718111,-0.21423068793827105,0.5430636803123672,-0.03302386280344306,0.6419971809525682,0.008998358826204247,-0.0013283283298569648,-0.21423068793827227,"H1,H2","H1,H2,OOS,DD,CAGR"
A,SMALL,SMALLk20d11,SMALL,10.0,6W,5,0,False,1.2610024760589595,0.006376466252212554,0.13663199828265113,-0.23182778976845841,0.4887596235438487,-0.17037458214375595,0.6815205866190385,-0.1676805898087261,-0.01215848237233752,-0.23182778976845997,"H1,H2","H1,H2,OOS,DD,CAGR"
A,SMALL,SMALLk20d11,SMALL,10.0,6W,5,1,False,1.2638507148550546,0.003990228959355857,0.09645217177644527,-0.2522853116541315,0.4452806414666177,-0.20646515954710046,0.667986589531242,-0.21866637858340443,-0.015454842269510327,-0.25228531165413115,"H1,H2","H1,H2,OOS,DD,CAGR"
A,SMALL,SMALLk20d11,SMALL,10.0,6W,5,2,False,1.2188897882255765,0.01334091211672428,0.2558288148183327,-0.2023876528940255,0.5662730982704135,-0.014598164530075584,0.785683260821694,-0.036334781877328956,-0.004053740145006923,-0.20238765289402683,"H1,H2","H1,H2,OOS,DD,CAGR"
A,SMALL,SMALLk20d11,SMALL,10.0,6W,5,3,False,1.224335757850217,0.009721090422237788,0.19111470239644748,-0.2164504851047363,0.48276661593424314,-0.057998603025267326,0.6958679614688642,-0.08256225947650112,-0.007135368230071104,-0.21645048510473652,"H1,H2","H1,H2,OOS,DD,CAGR"
A,SMALL,SMALLk20d11,SMALL,10.0,6W,5,4,False,1.231259902221156,0.012877170818281769,0.2426161754433524,-0.2338312529094535,0.6039796700899398,-0.05645467660802957,0.8348634350077312,-0.06444678449720369,-0.006132331232782451,-0.2338312529094534,"H1,H2","H1,H2,OOS,DD,CAGR"
A,SMALL,SMALLk20d11,SMALL,10.0,Q,0,0,True,0.7925447944867258,0.013233897410865447,0.24250197163371953,-0.20878964729841554,0.5963450720634573,-0.040692982699021815,0.6987755743524803,0.010207817741073856,-0.0015187649708910955,-0.20878964729841554,"H1,H2","H1,H2,OOS,DD,CAGR"
A,SMALL,SMALLk20d11,SMALL,10.0,Q,0,1,False,0.7810619521448622,0.01083991676486451,0.2083330066499813,-0.17675788043877116,0.5271242017573431,-0.06074223787672734,0.676241258264507,-0.04314832751722317,-0.004747014750079659,-0.17675788043877194,"H1,H2","H1,H2,OOS,CAGR"
A,SMALL,SMALLk20d11,SMALL,10.0,Q,0,2,False,0.7942423234320426,0.009595783622583065,0.18716820544296522,-0.18523223473889971,0.5626378361711991,-0.11705811522812823,0.7222691307294263,-0.08609861274384104,-0.007669253738823434,-0.18523223473889872,"H1,H2","H1,H2,OOS,CAGR"
A,SMALL,SMALLk20d11,SMALL,10.0,Q,0,3,False,0.7837797104954929,0.013488959051121574,0.24688975378132966,-0.1930538094476416,0.6482289709053916,-0.0697371291002139,0.8286948962729609,-0.038084665207313476,-0.004771764256912281,-0.19305380944764172,"H1,H2","H1,H2,OOS,CAGR"
A,SMALL,SMALLk20d11,SMALL,10.0,Q,0,4,False,0.7958601286676521,0.012131497571896466,0.22779921171864606,-0.21238216050987846,0.5989923035829863,-0.0645069342745515,0.789403906723534,-0.04907888362909677,-0.005375428175978136,-0.21238216050987724,"H1,H2","H1,H2,OOS,DD,CAGR"
A,SMALL,SMALLk20d12,SMALL,10.0,D,0,0,True,6.824633175704603,0.011616447313697265,0.2298496542645353,-0.18948935071587658,0.47848361018296576,0.04137417837880728,0.45817491140895616,0.11433011226611092,0.005138302127536409,-0.18948935071587714,"H1,H2","H1,H2,OOS,CAGR"
A,SMALL,SMALLk20d12,SMALL,10.0,2D,0,0,True,5.012237838598854,0.017254542881824486,0.3257342262742479,-0.19792497407398846,0.6284074437840775,0.09649563781392716,0.543598176109513,0.21625694190470063,0.011463181133005929,-0.19792497407398824,"H1,H2","H1,H2,OOS,CAGR"
A,SMALL,SMALLk20d12,SMALL,10.0,2D,1,0,False,4.967257241649779,0.01901367802073417,0.35663914545357706,-0.16878440291334917,0.6018175649438938,0.17513145477015676,0.6336738710432301,0.21870897137089013,0.011614179610801356,-0.1687844029133484,"H1,H2","H1,H2,OOS,CAGR"
A,SMALL,SMALLk20d12,SMALL,10.0,W,0,0,True,3.346626022388112,0.016626838876868222,0.3104171452273399,-0.1770625943973626,0.661053696100989,0.05840193451543751,0.6110959003123722,0.16674468257003003,0.008601215618777358,-0.17706259439736505,"H1,H2","H1,H2,OOS,CAGR"
A,SMALL,SMALLk20d12,SMALL,10.0,W,0,1,False,3.4199763726601953,0.02523160368147126,0.45214931527277546,-0.16991954141083043,0.790243341586589,0.2099868238973173,0.7411145476778946,0.3125320023785563,0.017972299749262177,-0.16991954141083165,H2,"H1,H2,OOS,CAGR"
A,SMALL,SMALLk20d12,SMALL,10.0,W,0,2,False,3.344315402776827,0.026191289806297702,0.4720027651830932,-0.12655251692333558,0.6970390161482125,0.3136221693979322,0.6811919890229644,0.3723388174456741,0.021660435046999327,-0.1265525169233337,"H1,H2","H1,H2,OOS,CAGR"
A,SMALL,SMALLk20d12,SMALL,10.0,W,0,3,False,3.2765970179918766,0.022641626436264772,0.41271284415222115,-0.13433330024939516,0.6972564825373002,0.20332155212305408,0.7180213404428456,0.2617710680483298,0.01451502224937018,-0.13433330024939738,"H1,H2","H1,H2,OOS,CAGR"
A,SMALL,SMALLk20d12,SMALL,10.0,W,0,4,False,3.2687715499110683,0.024603225218215563,0.4481425022239392,-0.14509122432657384,0.823824994115992,0.16811159008941445,0.8126695038328097,0.26851579684792576,0.014870867799551268,-0.14509122432657373,H2,"H1,H2,OOS,CAGR"
A,SMALL,SMALLk20d12,SMALL,10.0,2W,0,0,True,2.5056155787771273,0.010060845362090953,0.19502459035360972,-0.22462535195587963,0.5778000665725076,-0.07083648001653224,0.5645493204402142,0.022595029534958122,-0.0007010516851652104,-0.22462535195588207,"H1,H2","H1,H2,OOS,DD,CAGR"
A,SMALL,SMALLk20d12,SMALL,10.0,2W,0,1,False,2.4649857781128297,0.02454206324672037,0.43220208737801785,-0.1739220370194321,0.7822387046433577,0.19435864659657326,0.7204221557528437,0.30034985934563874,0.01772370422605496,-0.17392203701943287,H2,"H1,H2,OOS,CAGR"
A,SMALL,SMALLk20d12,SMALL,10.0,2W,0,2,False,2.5088224318117094,0.02854372200047406,0.5091336746621443,-0.11246608609682907,0.7780261738816541,0.3198750516436961,0.7398398510042941,0.40006463190581243,0.023581265621492875,-0.11246608609682862,H2,"H1,H2,OOS,CAGR"
A,SMALL,SMALLk20d12,SMALL,10.0,2W,0,3,False,2.425539489603074,0.028323229499168434,0.5039445110142361,-0.13285178374706286,0.7231121981673867,0.3467219113618879,0.7102095666819646,0.40354251504337485,0.02372987401160742,-0.1328517837470644,"H1,H2","H1,H2,OOS,CAGR"
A,SMALL,SMALLk20d12,SMALL,10.0,2W,0,4,False,2.376277660237276,0.03302356750341362,0.5788233324969307,-0.11593306701808836,0.8257031119543066,0.4009979762916778,0.7531246936867254,0.4955275445287045,0.029856859310149364,-0.11593306701808836,H2,"H1,H2,OOS,CAGR"
A,SMALL,SMALLk20d12,SMALL,10.0,2W,1,0,False,2.3806541433720474,0.028922960517699492,0.5106495124159187,-0.10999715973198032,0.7955879371941963,0.3089883948903181,0.688487811867333,0.42650773220567745,0.025485802026792514,-0.10999715973198165,H2,"H1,H2,OOS,CAGR"
A,SMALL,SMALLk20d12,SMALL,10.0,2W,1,1,False,2.4546242820288935,0.02364109024472949,0.42313487309229575,-0.14852760932949383,0.8094839431571931,0.1464525118196836,0.7313484769675849,0.2743635360578048,0.015623539246604201,-0.14852760932949127,H2,"H1,H2,OOS,CAGR"
A,SMALL,SMALLk20d12,SMALL,10.0,2W,1,2,False,2.5435236219979123,0.018987610539695776,0.34539034106496375,-0.15558733682346215,0.737673621673632,0.06563058225066988,0.7279782058234597,0.16138589674118986,0.008350945690875466,-0.15558733682346115,"H1,H2","H1,H2,OOS,CAGR"
A,SMALL,SMALLk20d12,SMALL,10.0,2W,1,3,False,2.4967234973417214,0.016711975078792962,0.30673345791983236,-0.17799678730913493,0.7026059595172092,0.024761069089993978,0.6703412804100166,0.13334350706819134,0.006563503226195033,-0.17799678730913526,"H1,H2","H1,H2,OOS,CAGR"
A,SMALL,SMALLk20d12,SMALL,10.0,2W,1,4,False,2.491065658307587,0.015159950511564269,0.2785020148901752,-0.21754421327894446,0.7736322851879024,-0.06971343848266925,0.767719679237898,0.04949326340135496,0.001086601745517779,-0.21754421327894558,H2,"H1,H2,OOS,DD,CAGR"
A,SMALL,SMALLk20d12,SMALL,10.0,M,0,0,True,1.725520299492326,0.021699481435225376,0.37924022021990195,-0.15811095594294478,0.646407318459417,0.20201286120808642,0.5732962296996096,0.29293073981535905,0.01760617006672649,-0.15811095594294466,"H1,H2","H1,H2,OOS,CAGR"
A,SMALL,SMALLk20d12,SMALL,10.0,M,0,1,False,1.740860594050723,0.01721385762480465,0.30778425377114854,-0.16664961112442733,0.5991287333557493,0.10471453941214132,0.50737608261725,0.21737155970707114,0.01242981853186409,-0.1666496111244281,"H1,H2","H1,H2,OOS,CAGR"
A,SMALL,SMALLk20d12,SMALL,10.0,M,0,2,False,1.7723461415887132,0.022562522658996276,0.39572260033152973,-0.14727580517009042,0.6263093394618818,0.23778290264229338,0.5512285933501886,0.3259622065317945,0.019648147749779854,-0.14727580517008987,"H1,H2","H1,H2,OOS,CAGR"
A,SMALL,SMALLk20d12,SMALL,10.0,M,0,3,False,1.7679115515670385,0.019631948595584703,0.3454955330956849,-0.17903347410825743,0.6692329038572941,0.11985576535814217,0.5769134349571879,0.2388256001397486,0.013885907884087834,-0.17903347410825876,"H1,H2","H1,H2,OOS,CAGR"
A,SMALL,SMALLk20d12,SMALL,10.0,M,0,4,False,1.738459050793944,0.022243872421081612,0.38225966341641593,-0.15885648220479998,0.7423627547752316,0.13972701145560937,0.6261665060179353,0.2716266274398596,0.016364893577705653,-0.1588564822048001,"H1,H2","H1,H2,OOS,CAGR"
A,SMALL,SMALLk20d12,SMALL,10.0,6W,0,0,True,1.4026282403734138,0.016434516474402416,0.28969306136919565,-0.1700733396745745,0.5182748366612067,0.1399879374272005,0.4681717967409589,0.21083559419604045,0.012270012260583885,-0.17007333967457383,"H1,H2","H1,H2,OOS,CAGR"
A,SMALL,SMALLk20d12,SMALL,10.0,6W,0,1,False,1.405308398585228,0.02067989224975375,0.3494344360502715,-0.18122831125557648,0.6341640531304639,0.17434916572366235,0.599400894491433,0.24500342287276886,0.015079722525101813,-0.1812283112555756,"H1,H2","H1,H2,OOS,CAGR"
A,SMALL,SMALLk20d12,SMALL,10.0,6W,0,2,False,1.442902737249037,0.017914601783214357,0.3115693632377417,-0.20495491196733184,0.6303245208828204,0.10314944099485691,0.5514131654266602,0.20589311364873478,0.011990050869491675,-0.20495491196733095,"H1,H2","H1,H2,OOS,DD,CAGR"
A,SMALL,SMALLk20d12,SMALL,10.0,6W,0,3,False,1.4241176836025167,0.016667338363414164,0.2920617016998713,-0.21309132178698176,0.6477835745844133,0.05863637003415254,0.5475848947521835,0.17992991014836163,0.010179849727610435,-0.21309132178698043,"H1,H2","H1,H2,OOS,DD,CAGR"
A,SMALL,SMALLk20d12,SMALL,10.0,6W,0,4,False,1.362464068177388,0.012824128443790883,0.2333865474347552,-0.19642085792264807,0.6305022138168939,-0.028766614901721596,0.4908199841304723,0.11917534101733143,0.005875745398348675,-0.1964208579226454,"H1,H2","H1,H2,OOS,CAGR"
A,SMALL,SMALLk20d12,SMALL,10.0,6W,1,0,False,1.3984313481154114,0.014498113837240423,0.2600535519107792,-0.17680049410799337,0.5733342848788604,0.057587195963727834,0.5279675969063553,0.14175391084736644,0.007445122939393922,-0.17680049410799514,"H1,H2","H1,H2,OOS,CAGR"
A,SMALL,SMALLk20d12,SMALL,10.0,6W,1,1,False,1.3294733303487343,0.01560649891196797,0.2741988722168459,-0.1991492066998658,0.5863968473307898,0.0748561678531639,0.5445630783927541,0.15512825662423152,0.008469656375506895,-0.19914920669986602,"H1,H2","H1,H2,OOS,CAGR"
A,SMALL,SMALLk20d12,SMALL,10.0,6W,1,2,False,1.373000295853317,0.019187606302897064,0.3318693426877363,-0.21035695012003586,0.6215456568937826,0.15377496934859583,0.6056853781441575,0.2148767868988215,0.012665767254778526,-0.21035695012003752,"H1,H2","H1,H2,OOS,DD,CAGR"
A,SMALL,SMALLk20d12,SMALL,10.0,6W,1,3,False,1.4182181199821386,0.01716652758052306,0.3005909436506582,-0.17861930814977522,0.618221721114325,0.09373424265395666,0.5741381922334551,0.1812182186006025,0.010255990378029711,-0.17861930814977522,"H1,H2","H1,H2,OOS,CAGR"
A,SMALL,SMALLk20d12,SMALL,10.0,6W,1,4,False,1.4044611033655192,0.011163295208375335,0.20386097257731287,-0.18361067723196722,0.5783780635402699,-0.035518681653308466,0.5400647293872063,0.05866327307491787,0.0016260711163795794,-0.1836106772319701,"H1,H2","H1,H2,OOS,CAGR"
A,SMALL,SMALLk20d12,SMALL,10.0,6W,2,0,False,1.3963711555454674,0.008804601510341348,0.17010377089382778,-0.19328933068648724,0.5241361013081224,-0.0594442853251287,0.47239237395473116,0.03885359738948324,0.00025920647186494783,-0.19328933068648746,"H1,H2","H1,H2,OOS,CAGR"
A,SMALL,SMALLk20d12,SMALL,10.0,6W,2,1,False,1.4350828134671427,0.012293973623410004,0.22394749892438284,-0.16850257745630104,0.5453415957113142,0.013340972535295415,0.5404062493802985,0.08341782597477072,0.003390294173550412,-0.16850257745630015,"H1,H2","H1,H2,OOS,CAGR"
A,SMALL,SMALLk20d12,SMALL,10.0,6W,2,2,False,1.4501729419623925,0.014711318702013365,0.264288369977964,-0.16851022197852628,0.5223234082082918,0.09186956337818404,0.5533024331098308,0.13259366162794428,0.006759586326165579,-0.1685102219785266,"H1,H2","H1,H2,OOS,CAGR"
A,SMALL,SMALLk20d12,SMALL,10.0,6W,2,3,False,1.4072513949959427,0.01875050109598808,0.33245120276008694,-0.14066915558945425,0.5512512114132961,0.1891209037556255,0.5625266926164675,0.22733370582856607,0.013086560365270783,-0.1406691555894587,"H1,H2","H1,H2,OOS,CAGR"
A,SMALL,SMALLk20d12,SMALL,10.0,6W,2,4,False,1.3905807260623841,0.018782545898295755,0.33262481115615783,-0.15274292268957634,0.6229382310448532,0.13603075092012934,0.5420547432748863,0.2376045114687286,0.01380747622769718,-0.1527429226895789,"H1,H2","H1,H2,OOS,CAGR"
A,SMALL,SMALLk20d12,SMALL,10.0,6W,3,0,False,1.3845270712775297,0.02107501993789529,0.37825605519291794,-0.13668904060227638,0.6495514353209632,0.19178451074554687,0.5281415729865789,0.3100187318312932,0.018195695074196827,-0.13668904060227804,"H1,H2","H1,H2,OOS,CAGR"
A,SMALL,SMALLk20d12,SMALL,10.0,6W,3,1,False,1.4107211465685299,0.027136441870382777,0.47941025874306553,-0.11909656363028531,0.745249400909153,0.2925306544801915,0.6807852388063237,0.3844764918128654,0.02288686628473413,-0.11909656363028376,H2,"H1,H2,OOS,CAGR"
A,SMALL,SMALLk20d12,SMALL,10.0,6W,3,2,False,1.436101621326821,0.03199740717884336,0.5541864166880448,-0.11483770199095877,0.7987650762533414,0.39004462012637514,0.7247455574523803,0.47790221453887655,0.0294701287059973,-0.11483770199095866,H2,"H1,H2,OOS,CAGR"
A,SMALL,SMALLk20d12,SMALL,10.0,6W,3,3,False,1.4220765147835914,0.02934994214329323,0.5104794865036236,-0.14150475757933345,0.8114362887444464,0.3060726812950462,0.787846189188553,0.3841639157404597,0.023296287515848446,-0.14150475757933512,H2,"H1,H2,OOS,CAGR"
A,SMALL,SMALLk20d12,SMALL,10.0,6W,3,4,False,1.395201828668737,0.029640901811454512,0.5124322081042616,-0.12918352160131152,0.9120537821263307,0.22457747976030387,0.887523783381533,0.3321552813301489,0.019752378077255717,-0.12918352160131108,H2,"H2,OOS,CAGR"
A,SMALL,SMALLk20d12,SMALL,10.0,6W,4,0,False,1.4087204752506068,0.02070547410963197,0.361955806727898,-0.1581786981577461,0.83659416025969,0.028403330069409424,0.8123931399708705,0.15014979401926634,0.00786506357365302,-0.15817869815774588,H2,"H1,H2,OOS,CAGR"
A,SMALL,SMALLk20d12,SMALL,10.0,6W,4,1,False,1.3601375053693538,0.023860257570350374,0.4130397938626554,-0.1608467714905436,0.864192454841403,0.09607390451027656,0.7365818130239603,0.2626639298154052,0.015478881785609522,-0.1608467714905406,H2,"H1,H2,OOS,CAGR"
A,SMALL,SMALLk20d12,SMALL,10.0,6W,4,2,False,1.4182668633286672,0.023475685316102002,0.40844625707156,-0.14657794922061607,0.8772445384257175,0.07797112623538402,0.7896917956507535,0.22938076273329305,0.013152564316555537,-0.14657794922061584,H2,"H1,H2,OOS,CAGR"
A,SMALL,SMALLk20d12,SMALL,10.0,6W,4,3,False,1.3734232912547224,0.03052947460538702,0.5096481418392742,-0.13791559815856458,0.8409137473656341,0.2784497935250236,0.7306993313626319,0.4068177192527448,0.025680902316900678,-0.13791559815856258,H2,"H1,H2,OOS,CAGR"
A,SMALL,SMALLk20d12,SMALL,10.0,6W,4,4,False,1.3023826865802763,0.02940190526051878,0.4903576151661079,-0.1684218477938294,0.853727955658366,0.24266585971950033,0.8353847361096749,0.3311913026721468,0.020598151490996086,-0.1684218477938304,H2,"H1,H2,OOS,CAGR"
A,SMALL,SMALLk20d12,SMALL,10.0,6W,5,0,False,1.2764644826708742,0.03139653919649987,0.5201185683328566,-0.1673863905045706,0.8535737323030469,0.29694188220838,0.8036092822781284,0.3903175307089908,0.02478730148034991,-0.16738639050457216,H2,"H1,H2,OOS,CAGR"
A,SMALL,SMALLk20d12,SMALL,10.0,6W,5,1,False,1.3438848604288616,0.01988337721026756,0.341628440917465,-0.16705132474280437,0.6705205084682534,0.12439429272477033,0.6104734498973139,0.220220969833481,0.012966368319474508,-0.16705132474280437,"H1,H2","H1,H2,OOS,CAGR"
A,SMALL,SMALLk20d12,SMALL,10.0,6W,5,2,False,1.370456867651355,0.015981050847355682,0.2829310802535893,-0.19606398992024254,0.6055086554593693,0.06187870440181686,0.5484889393075367,0.16048891299156381,0.008702517426770084,-0.1960639899202422,"H1,H2","H1,H2,OOS,CAGR"
A,SMALL,SMALLk20d12,SMALL,10.0,6W,5,3,False,1.3165763840857763,0.02050804223864744,0.3549685059228556,-0.1754846202580499,0.6538728108287057,0.15055822476498468,0.5367877657333036,0.2723215953507685,0.016390413681249827,-0.17548462025805145,"H1,H2","H1,H2,OOS,CAGR"
A,SMALL,SMALLk20d12,SMALL,10.0,6W,5,4,False,1.3451671528512974,0.019530027649770743,0.33572375544578165,-0.16749765449752896,0.713356454337078,0.07645532812280355,0.60897486306082,0.21216872168548176,0.012416165770737786,-0.16749765449752796,"H1,H2","H1,H2,OOS,CAGR"
A,SMALL,SMALLk20d12,SMALL,10.0,Q,0,0,True,0.8218611784129067,0.015134827827933295,0.2706316135890934,-0.21414518171357044,0.45012286956720005,0.14984517437573808,0.30580255249470867,0.2570222410815521,0.015356860914309989,-0.21414518171357055,"H1,H2","H1,H2,OOS,DD,CAGR"
A,SMALL,SMALLk20d12,SMALL,10.0,Q,0,1,False,0.8294406958249085,0.013972522387304176,0.250498958570392,-0.19924234131261553,0.449355724977307,0.11314329490380848,0.35363858220149763,0.2040820662115377,0.011763529170769393,-0.19924234131261653,"H1,H2","H1,H2,OOS,CAGR"
A,SMALL,SMALLk20d12,SMALL,10.0,Q,0,2,False,0.8272949400369476,0.01636682043594484,0.28674078370356954,-0.18906220655656147,0.4520467821476575,0.17236432717969946,0.3213688664984587,0.27255683033909733,0.01653716045452991,-0.18906220655656114,"H1,H2","H1,H2,OOS,CAGR"
A,SMALL,SMALLk20d12,SMALL,10.0,Q,0,3,False,0.8131214581925057,0.016713653628806835,0.29543776418188605,-0.19373761414048263,0.525945276546584,0.13068628107791896,0.40451939846755536,0.2448698827933555,0.014408108394495578,-0.19373761414048063,"H1,H2","H1,H2,OOS,CAGR"
A,SMALL,SMALLk20d12,SMALL,10.0,Q,0,4,False,0.8116254690735901,0.01608631708028785,0.28624213782211483,-0.1891756437850486,0.49180442940278096,0.13765636838284373,0.3371976849018996,0.2630566286373402,0.01554804960847389,-0.1891756437850487,"H1,H2","H1,H2,OOS,CAGR"
A,SMALL,SMALLk20d13,SMALL,10.0,D,0,0,True,6.176490164785769,0.008973745184859938,0.18396913764262865,-0.15150439326230036,0.08334024060578848,0.2610056871396744,0.08232882395061439,0.23302736850932304,0.012828375269867243,-0.15150439326230047,"H1,H2","H1,H2,OOS,CAGR"
A,SMALL,SMALLk20d13,SMALL,10.0,2D,0,0,True,4.435379810567629,0.01378782887834129,0.26598813262046955,-0.12329790540414443,0.1256394317604717,0.373820115552628,0.1421603497137481,0.3260552969802229,0.01890097296695581,-0.12329790540414498,"H1,H2","H1,H2,OOS,CAGR"
A,SMALL,SMALLk20d13,SMALL,10.0,2D,1,0,False,4.4708284544836845,0.01261015918762376,0.2456997255747392,-0.15203286420987938,0.15901403922591495,0.3142157975040266,0.20479910257246656,0.2678609128134148,0.015122512376497754,-0.15203286420987971,"H1,H2","H1,H2,OOS,CAGR"
A,SMALL,SMALLk20d13,SMALL,10.0,W,0,0,True,2.9720913532784365,0.01807805654342376,0.3386038300726914,-0.1489133680937913,0.26737141622279875,0.3976683114049846,0.3022154053751002,0.36022396963445935,0.02119177271367856,-0.1489133680937914,"H1,H2","H1,H2,OOS,CAGR"
A,SMALL,SMALLk20d13,SMALL,10.0,W,0,1,False,3.049817266161677,0.010349173676284185,0.20656103998238678,-0.13951569971510192,0.07584143835735166,0.3071401734832295,0.16715699579750426,0.2274860610366302,0.01253416103217897,-0.1395156997151028,"H1,H2","H1,H2,OOS,CAGR"
A,SMALL,SMALLk20d13,SMALL,10.0,W,0,2,False,3.010959820031487,0.020343638754551252,0.3734942482802165,-0.12955412845858405,0.25157316973575977,0.4702620781451825,0.3046251213807181,0.410262847464802,0.02471027979238727,-0.12955412845858372,H1,"H1,H2,OOS,CAGR"
A,SMALL,SMALLk20d13,SMALL,10.0,W,0,3,False,3.030511295151733,0.02189272035824641,0.3959901378767191,-0.120473006941474,0.28227188000511916,0.48653968644876855,0.3188797529454128,0.436817796920231,0.026731708435087986,-0.12047300694147234,H1,"H1,H2,OOS,CAGR"
A,SMALL,SMALLk20d13,SMALL,10.0,W,0,4,False,3.075885037381288,0.022778891114636712,0.41302704082506864,-0.11209791638728817,0.22312653559393789,0.5572297493570115,0.21902435931947298,0.5055635626732965,0.03130700656970431,-0.1120979163872895,H1,"H1,H2,OOS,CAGR"
A,SMALL,SMALLk20d13,SMALL,10.0,2W,0,0,True,2.2709309745818653,0.018171646451993206,0.3338486221097596,-0.16342519079641438,0.35380367767470694,0.327300276096756,0.39979326752072103,0.3102511904889043,0.01836469477133673,-0.16342519079641304,"H1,H2","H1,H2,OOS,CAGR"
A,SMALL,SMALLk20d13,SMALL,10.0,2W,0,1,False,2.2458862542730813,0.01605494138955965,0.3020345888839209,-0.14281744527574647,0.25608591025775784,0.34189092916522273,0.3216675770013559,0.2979300568646223,0.017276561434018456,-0.14281744527574503,"H1,H2","H1,H2,OOS,CAGR"
A,SMALL,SMALLk20d13,SMALL,10.0,2W,0,2,False,2.2186250491464086,0.021091517366792045,0.38533456045596504,-0.13545438499628615,0.30904339904386086,0.44889015758230427,0.30848700214266206,0.4258766435847774,0.025811564586134095,-0.1354543849962876,H1,"H1,H2,OOS,CAGR"
A,SMALL,SMALLk20d13,SMALL,10.0,2W,0,3,False,2.2167160269028794,0.021477104153040827,0.3900841372146191,-0.10807666297241281,0.34868110928971235,0.4286690250089619,0.33497492398694406,0.4208102555324016,0.025508962604870344,-0.1080766629724127,H1,"H1,H2,OOS,CAGR"
A,SMALL,SMALLk20d13,SMALL,10.0,2W,0,4,False,2.1457587224904144,0.024852382197768863,0.4483874520534938,-0.12515064854545,0.36570879433350295,0.5180363539557481,0.32553901322882645,0.510620582225914,0.03140637304164051,-0.10142742430812113,H1,"H1,H2,OOS,CAGR"
A,SMALL,SMALLk20d13,SMALL,10.0,2W,1,0,False,2.1923028463214935,0.020566908625038627,0.377258376074488,-0.12524830474785842,0.3068330646674196,0.4364630103660451,0.2877821510016559,0.4233010303925656,0.025624952794207623,-0.12524830474785786,H1,"H1,H2,OOS,CAGR"
A,SMALL,SMALLk20d13,SMALL,10.0,2W,1,1,False,2.2271991312360546,0.016250500394699552,0.30340170857512305,-0.12247115206055337,0.22637258039445113,0.3660329983034826,0.27376899631041307,0.3211762300234519,0.01884481908179958,-0.11661217849484329,"H1,H2","H1,H2,OOS,CAGR"
A,SMALL,SMALLk20d13,SMALL,10.0,2W,1,2,False,2.171442193339409,0.025983371431636426,0.46502947988969523,-0.13598799418325502,0.3856042244759066,0.5327065872689197,0.4151971920097116,0.4944195902344781,0.030391214710883796,-0.13598799418325402,H1,"H1,H2,OOS,CAGR"
A,SMALL,SMALLk20d13,SMALL,10.0,2W,1,3,False,2.2901701467630837,0.024635747801031282,0.43726578805488575,-0.12639686695780372,0.3401841303565036,0.51687581483195,0.4176829635995806,0.4533616930255496,0.028219578076966068,-0.12639686695779984,H1,"H1,H2,OOS,CAGR"
A,SMALL,SMALLk20d13,SMALL,10.0,2W,1,4,False,2.2714020443284015,0.016941449269606723,0.31454733172491367,-0.1497351638468284,0.2913742246864896,0.3387905969870473,0.32063737094065825,0.31778982581192416,0.018874546510588175,-0.14973516384682906,"H1,H2","H1,H2,OOS,CAGR"
A,SMALL,SMALLk20d13,SMALL,10.0,M,0,0,True,1.6183362730618864,0.021861348583442686,0.399640861176455,-0.16627085435327849,0.34066344562414524,0.45092144738903733,0.3391154262272636,0.4329381631443836,0.026056140503057046,-0.1662708543532796,H1,"H1,H2,OOS,CAGR"
A,SMALL,SMALLk20d13,SMALL,10.0,M,0,1,False,1.6027590520744863,0.021319218922887018,0.39123985040819104,-0.1719158708337124,0.38476793355270716,0.40300038581077197,0.3794569763055592,0.40176739233786724,0.02388991693511411,-0.17191587083371418,"H1,H2","H1,H2,OOS,CAGR"
A,SMALL,SMALLk20d13,SMALL,10.0,M,0,2,False,1.546588843557508,0.030271057866575246,0.5276863584576287,-0.15345974793514028,0.4096318136023964,0.6245098430871472,0.3170427148879663,0.6302599960713762,0.04037082277180537,-0.15345974793514394,H1,"H1,H2,OOS,CAGR"
A,SMALL,SMALLk20d13,SMALL,10.0,M,0,3,False,1.5624102109894207,0.030400499629369415,0.5298319029853893,-0.14636363211466807,0.38222658588662806,0.6468958911346071,0.40636101505510414,0.5933855538036564,0.03808692218928167,-0.14636363211466774,H1,"H1,H2,OOS,CAGR"
A,SMALL,SMALLk20d13,SMALL,10.0,M,0,4,False,1.5970682601815407,0.023234984223539534,0.4129705533557516,-0.13342574554218,0.34398861000972764,0.47204148433525533,0.3928105442939334,0.4295271974602405,0.02681859294247091,-0.13342574554218056,H1,"H1,H2,OOS,CAGR"
A,SMALL,SMALLk20d13,SMALL,10.0,6W,0,0,True,1.2700466194468114,0.018696483363123573,0.34361155975549823,-0.1421753747239468,0.2649567438090282,0.4086706114374022,0.295953780547934,0.36998958571281304,0.02188569885741809,-0.14217537472394826,H1,"H1,H2,OOS,CAGR"
A,SMALL,SMALLk20d13,SMALL,10.0,6W,0,1,False,1.2990816492707884,0.017773468839498152,0.3250480929982911,-0.1291813938663654,0.2729462386935024,0.3698243950500973,0.3284041966562336,0.32760622678430673,0.019456849628677997,-0.12918139386636518,"H1,H2","H1,H2,OOS,CAGR"
A,SMALL,SMALLk20d13,SMALL,10.0,6W,0,2,False,1.2308447451272388,0.019632350192305248,0.3571923709186437,-0.1400228801640283,0.3821495790824797,0.3480041239291309,0.3387711112391779,0.3707282036023668,0.02233253131218782,-0.14002288016402786,"H1,H2","H1,H2,OOS,CAGR"
A,SMALL,SMALLk20d13,SMALL,10.0,6W,0,3,False,1.2266449907419077,0.015826353842403496,0.2936021631130151,-0.14614641876837264,0.3552174940431123,0.25547713060866284,0.37614482382212244,0.2602651019099197,0.015015667251039533,-0.14614641876837176,"H1,H2","H1,H2,OOS,CAGR"
A,SMALL,SMALLk20d13,SMALL,10.0,6W,0,4,False,1.2271293992118453,0.019289977658421664,0.3546118179844433,-0.12065076054403523,0.4078853733109774,0.32229390124850177,0.4045374699138769,0.3362263143813838,0.01977807802329057,-0.12065076054403656,"H1,H2","H1,H2,OOS,CAGR"
A,SMALL,SMALLk20d13,SMALL,10.0,6W,1,0,False,1.274352491668196,0.015969483458172062,0.2958088879752675,-0.16009045536110156,0.36297914892976735,0.25299963474035814,0.3862511938659447,0.26046752425314773,0.015112937805272342,-0.16009045536109878,"H1,H2","H1,H2,OOS,CAGR"
A,SMALL,SMALLk20d13,SMALL,10.0,6W,1,1,False,1.29284546556658,0.013886975959729986,0.2614525931895244,-0.1373795555147045,0.3353972146948223,0.21262323179172055,0.30282695566664286,0.24615677878339023,0.014063208304240904,-0.1373795555147036,"H1,H2","H1,H2,OOS,CAGR"
A,SMALL,SMALLk20d13,SMALL,10.0,6W,1,2,False,1.2939477740410608,0.017774102246070678,0.3225842544544764,-0.17636513597999726,0.42528852028752007,0.2543075768393298,0.3342130943798731,0.3222518920126609,0.01939325055772967,-0.17636513597999792,"H1,H2","H1,H2,OOS,CAGR"
A,SMALL,SMALLk20d13,SMALL,10.0,6W,1,3,False,1.3205799594476877,0.012221025907240612,0.2299756874170624,-0.16417106021717043,0.3237705813105308,0.1675241570672436,0.35215467052055077,0.17932092410522285,0.009860044736986984,-0.16417106021717243,"H1,H2","H1,H2,OOS,CAGR"
A,SMALL,SMALLk20d13,SMALL,10.0,6W,1,4,False,1.290958097941106,0.010474475666925498,0.2053462895432944,-0.16666094601359505,0.3562892539529844,0.10376365047371716,0.33376698701102503,0.1529965941276651,0.00794733154838978,-0.1666609460135955,"H1,H2","H1,H2,OOS,CAGR"
A,SMALL,SMALLk20d13,SMALL,10.0,6W,2,0,False,1.3096842474141055,0.005286676957865444,0.11873143807312807,-0.1575873816020964,0.1946624035581733,0.06734553088186514,0.10255253110226778,0.127897975271984,0.006253744057534982,-0.15758738160209518,"H1,H2","H1,H2,OOS,CAGR"
A,SMALL,SMALLk20d13,SMALL,10.0,6W,2,1,False,1.2894648800283104,0.011954708849106988,0.23305366156748275,-0.16653187894651855,0.20336141558734488,0.2597741883867881,0.1909038514250076,0.25568023059309336,0.014558557854521315,-0.16653187894652077,"H1,H2","H1,H2,OOS,CAGR"
A,SMALL,SMALLk20d13,SMALL,10.0,6W,2,2,False,1.3094598218502316,0.013013122126301235,0.24909049481274032,-0.17104807679600176,0.09038995258890832,0.3661605022541676,0.10226793519547678,0.3171402017714059,0.018846609337852094,-0.1710480767960031,"H1,H2","H1,H2,OOS,CAGR"
A,SMALL,SMALLk20d13,SMALL,10.0,6W,2,3,False,1.293012295427108,0.01067471026641309,0.20845755815142641,-0.14289499787315096,0.19793853769697234,0.22145942736322674,0.13287591434273463,0.24525979556718863,0.0141150148908884,-0.13634654520274947,"H1,H2","H1,H2,OOS,CAGR"
A,SMALL,SMALLk20d13,SMALL,10.0,6W,2,4,False,1.2969021202612385,0.016441294914843807,0.3006112074203303,-0.16538652755751693,0.13300243511461815,0.4237741565459244,0.11137172342563971,0.3861160171953595,0.024173871568826666,-0.16538652755751637,H1,"H1,H2,OOS,CAGR"
A,SMALL,SMALLk20d13,SMALL,10.0,6W,3,0,False,1.310204700473567,0.01653892309843208,0.30257947843970046,-0.14091240478769052,0.04900448616817292,0.4875586611045625,-0.024019006879056778,0.448666966287118,0.028291510628119187,-0.12404145787939347,H1,"H1,H2,OOS,CAGR"
A,SMALL,SMALLk20d13,SMALL,10.0,6W,3,1,False,1.324096841047396,0.018677433497580997,0.3348152755059541,-0.13581606395452395,0.06702571515586928,0.5365201887865931,0.1233971430592141,0.4352161335100557,0.027310967369830408,-0.12038133647839111,H1,"H1,H2,OOS,CAGR"
A,SMALL,SMALLk20d13,SMALL,10.0,6W,3,2,False,1.2555016647413435,0.02388593298915298,0.42595627421791366,-0.12592426501290177,0.3224976428280187,0.5106584314368051,0.38218232672679564,0.4520145672337026,0.027864852459090095,-0.12592426501290221,H1,"H1,H2,OOS,CAGR"
A,SMALL,SMALLk20d13,SMALL,10.0,6W,3,3,False,1.2511573480033384,0.022876172380893456,0.4023169796725542,-0.13258087313325773,0.25244970236684167,0.5188552425719394,0.21699507684053124,0.491355592684118,0.03130078111559009,-0.13258087313325972,H1,"H1,H2,OOS,CAGR"
A,SMALL,SMALLk20d13,SMALL,10.0,6W,3,4,False,1.255277965897831,0.02971973966092034,0.5206234539073998,-0.1281818661377233,0.3653399578224436,0.6437243686657701,0.33128600218539656,0.6128523795070949,0.03920008894464844,-0.12818186613772276,H1,"H1,H2,OOS,CAGR"
A,SMALL,SMALLk20d13,SMALL,10.0,6W,4,0,False,1.2478371276079483,0.029219559971411346,0.509582461474116,-0.12150236073617793,0.2410379584736042,0.7115476286987124,0.26079607576303654,0.6274694496545501,0.040477936929149916,-0.12150236073617715,H1,"H1,H2,OOS,CAGR"
A,SMALL,SMALLk20d13,SMALL,10.0,6W,4,1,False,1.2818379173386403,0.02456123842112845,0.43870062826566514,-0.1317852858044012,0.22301410081761466,0.6038222752444186,0.2013290084935257,0.5529409433987156,0.03457624260493919,-0.13178528580440252,H1,"H1,H2,OOS,CAGR"
A,SMALL,SMALLk20d13,SMALL,10.0,6W,4,2,False,1.2835075839208023,0.030792515567654055,0.5402422214957595,-0.11257908866958632,0.3920413544408252,0.6600558686103554,0.34913556654960604,0.635165161611454,0.040159182256836345,-0.11257908866958732,H1,"H1,H2,OOS,CAGR"
A,SMALL,SMALLk20d13,SMALL,10.0,6W,4,3,False,1.2790488446567898,0.02903019581549171,0.5174867548851676,-0.12247310541010337,0.3473678714844792,0.6527053986286528,0.33025392199455605,0.6111226035722855,0.037860396102300076,-0.12247310541010348,H1,"H1,H2,OOS,CAGR"
A,SMALL,SMALLk20d13,SMALL,10.0,6W,4,4,False,1.2999640819539906,0.025718691373395552,0.4680931900091026,-0.13449544858327478,0.294904274214754,0.6086070816431439,0.3322340655332318,0.5378650777487788,0.032362364117713094,-0.13449544858327434,H1,"H1,H2,OOS,CAGR"
A,SMALL,SMALLk20d13,SMALL,10.0,6W,5,0,False,1.2778438191109538,0.02726223079685708,0.492172884306652,-0.14269073355916229,0.35547108840087044,0.6071616196065557,0.45271252391955585,0.5154862088610263,0.030643938896345313,-0.14269073355916262,H1,"H1,H2,OOS,CAGR"
A,SMALL,SMALLk20d13,SMALL,10.0,6W,5,1,False,1.2860413946141045,0.02267456050425465,0.40632679569904573,-0.14643240231920385,0.3412132022506786,0.46393651351473336,0.3266247150363429,0.44897947338220584,0.027104856531928956,-0.14643240231920496,H1,"H1,H2,OOS,CAGR"
A,SMALL,SMALLk20d13,SMALL,10.0,6W,5,2,False,1.2898914332907476,0.024337931408282776,0.42731891345795026,-0.17570772331502726,0.27134688756237574,0.5580578551892724,0.2948864023056467,0.49473374525443337,0.03096424256847774,-0.17570772331502726,H1,"H1,H2,OOS,CAGR"
A,SMALL,SMALLk20d13,SMALL,10.0,6W,5,3,False,1.3265582745000086,0.019635559992694507,0.3547158278232053,-0.1721775144355734,0.276476503007801,0.42131665668347706,0.17865412590175966,0.44234314668222063,0.027054997598350505,-0.17217751443557305,H1,"H1,H2,OOS,CAGR"
A,SMALL,SMALLk20d13,SMALL,10.0,6W,5,4,False,1.3159712713101341,0.016260519365814075,0.3018905992783044,-0.1575699967019928,0.2271514349352492,0.36332180967751865,0.2511267056912548,0.3293168033262989,0.019329406746999123,-0.1575699967019929,"H1,H2","H1,H2,OOS,CAGR"
A,SMALL,SMALLk20d13,SMALL,10.0,Q,0,0,True,0.761920421139214,0.011449157000320342,0.21130848601452756,-0.1967991619607088,0.16603033009208779,0.24844603409857194,0.19398812518534173,0.2227672837436027,0.013314582960678223,-0.196799161960709,"H1,H2","H1,H2,OOS,CAGR"
A,SMALL,SMALLk20d13,SMALL,10.0,Q,0,1,False,0.8112488183743902,0.010420255491940589,0.19902164446407875,-0.18989368723238342,0.12790659136963112,0.2535467826751441,0.17162690032242356,0.214733199069434,0.012487402519518076,-0.18989368723238453,"H1,H2","H1,H2,OOS,CAGR"
A,SMALL,SMALLk20d13,SMALL,10.0,Q,0,2,False,0.7959609966828919,0.015059694730124917,0.2717106133487161,-0.18048717663667702,0.2618686633428961,0.28599070201986787,0.24492411903493014,0.28894529667301705,0.01786824524785713,-0.18048717663667702,"H1,H2","H1,H2,OOS,CAGR"
A,SMALL,SMALLk20d13,SMALL,10.0,Q,0,3,False,0.8138113089113803,0.016901237279937975,0.30031897709214467,-0.1988610893672006,0.30152587704365663,0.31081326269982285,0.3840333288138548,0.2747113319978414,0.017031771006754903,-0.19886108936719982,"H1,H2","H1,H2,OOS,CAGR"
A,SMALL,SMALLk20d13,SMALL,10.0,Q,0,4,False,0.8240101656480966,0.008680394938990199,0.16950722555958064,-0.19743936360123304,0.09016755616120073,0.22908357862900686,0.1489900587988389,0.18156374620487548,0.010261861689017993,-0.1974393636012327,"H1,H2","H1,H2,OOS,CAGR"
A,SMALL,SMALLk20d14,SMALL,10.0,D,0,0,True,5.66145944142686,0.017513255160719332,0.3631899291114103,-0.15494773057185696,0.45882157464212714,0.2756365245630473,0.37319688506685283,0.35700710951999265,0.01725568584092252,-0.15494773057185385,"H1,H2","H1,H2,OOS,CAGR"
A,SMALL,SMALLk20d14,SMALL,10.0,2D,0,0,True,4.166643205919647,0.01603839881743463,0.3337037812708805,-0.14753425215154237,0.4219647686902099,0.2528708029684427,0.33513206592603306,0.3327660960850446,0.016040897700964063,-0.14753425215154148,"H1,H2","H1,H2,OOS,CAGR"
A,SMALL,SMALLk20d14,SMALL,10.0,2D,1,0,False,4.220503991928622,0.022855823046700197,0.4615331229828302,-0.10227679946648438,0.5472648834012691,0.38326385756633985,0.4853486919754422,0.44687434199374837,0.02215561549422418,-0.10227679946648527,"H1,H2","H1,H2,OOS,CAGR"
A,SMALL,SMALLk20d14,SMALL,10.0,W,0,0,True,2.842913897807622,0.024778797070333702,0.49268254383282584,-0.09235212791132485,0.532898305865375,0.4558104342888329,0.4535552860940868,0.5168936621856444,0.026028756199126146,-0.0873666632180049,H1,"H1,H2,OOS,CAGR"
A,SMALL,SMALLk20d14,SMALL,10.0,W,0,1,False,2.939374600248026,0.009916149963061116,0.21430123623200817,-0.1418309186369635,0.3669147150756969,0.07400249519718849,0.29499363132289635,0.164761794033297,0.0073108999087845294,-0.1418309186369595,"H1,H2","H1,H2,OOS,CAGR"
A,SMALL,SMALLk20d14,SMALL,10.0,W,0,2,False,2.8913575323448986,0.012893380815122812,0.26999794243328346,-0.13388219277816615,0.36589711213578596,0.18244346089573887,0.3107430236628318,0.24488132348368993,0.011574394545560862,-0.1338821927781635,"H1,H2","H1,H2,OOS,CAGR"
A,SMALL,SMALLk20d14,SMALL,10.0,W,0,3,False,2.886445747679709,0.02226314955493569,0.44756561086540314,-0.12443407000901352,0.5672513994993587,0.3352826382406837,0.4966602089649871,0.41682443847774575,0.020542682917646937,-0.12443407000901363,"H1,H2","H1,H2,OOS,CAGR"
A,SMALL,SMALLk20d14,SMALL,10.0,W,0,4,False,2.86623250417342,0.027714208660128525,0.5459040505057365,-0.1159791797676083,0.6087796918999585,0.4890358962425056,0.5477707660157656,0.5446471367966397,0.027698518883837453,-0.11597917976761041,H1,"H1,H2,OOS,CAGR"
A,SMALL,SMALLk20d14,SMALL,10.0,2W,0,0,True,2.0942438408327053,0.024108739486329522,0.47445437472451024,-0.09518403481661741,0.548750397639291,0.40553017328343566,0.5308079582802443,0.43905731422464017,0.022066556926568115,-0.09518403481661775,H1,"H1,H2,OOS,CAGR"
A,SMALL,SMALLk20d14,SMALL,10.0,2W,0,1,False,2.16623111074803,0.012844708078709077,0.2680154328715835,-0.12695823256839955,0.3858936672738568,0.15781594732396195,0.27950254430011845,0.26077696271089845,0.01240072322804342,-0.1269582325683969,"H1,H2","H1,H2,OOS,CAGR"
A,SMALL,SMALLk20d14,SMALL,10.0,2W,0,2,False,2.096003502033426,0.013942957370062459,0.2890916430535664,-0.1231169661171253,0.4415699058846111,0.14375722837326566,0.3454085620047418,0.25302706150569215,0.011867269408378123,-0.12311696611712897,"H1,H2","H1,H2,OOS,CAGR"
A,SMALL,SMALLk20d14,SMALL,10.0,2W,0,3,False,2.1300266122810454,0.017185851129555285,0.3486787936863168,-0.14047573087489884,0.61169817319631,0.10073881603869297,0.5572081571754582,0.21745046976386062,0.010089854507823626,-0.14047573087490195,"H1,H2","H1,H2,OOS,CAGR"
A,SMALL,SMALLk20d14,SMALL,10.0,2W,0,4,False,2.076743842229542,0.01484517837682997,0.30472377642328813,-0.1232583993092582,0.4594820397277252,0.1604432000416661,0.3883119743877775,0.2523587337767388,0.011981973309556304,-0.12325839930925964,"H1,H2","H1,H2,OOS,CAGR"
A,SMALL,SMALLk20d14,SMALL,10.0,2W,1,0,False,2.101401099277794,0.01271998371098948,0.26579259452852244,-0.12297460204881694,0.4429401489852675,0.09704154973418971,0.3448608864007566,0.21563754319490105,0.009954767849084334,-0.1098046623812351,"H1,H2","H1,H2,OOS,CAGR"
A,SMALL,SMALLk20d14,SMALL,10.0,2W,1,1,False,2.136978859546755,0.009267269561497926,0.20058838535222423,-0.16618939285850998,0.40008187326671457,0.01635513609406741,0.3645505294570845,0.09967529929067256,0.003889090245295934,-0.16618939285850898,"H1,H2","H1,H2,OOS,CAGR"
A,SMALL,SMALLk20d14,SMALL,10.0,2W,1,2,False,2.1198412203627193,0.012367251578817795,0.25474114801129843,-0.15339467900131376,0.4417434626703866,0.088628452198304,0.4510704843835381,0.13720990767820157,0.006019171025618775,-0.15339467900131687,"H1,H2","H1,H2,OOS,CAGR"
A,SMALL,SMALLk20d14,SMALL,10.0,2W,1,3,False,2.1332706102487737,0.01732305145707258,0.3467963591151158,-0.12491354280673062,0.39018638880805023,0.30684721606177506,0.3829854295732096,0.3243732734750981,0.016101482785361387,-0.12491354280673206,"H1,H2","H1,H2,OOS,CAGR"
A,SMALL,SMALLk20d14,SMALL,10.0,2W,1,4,False,2.115792342993248,0.024193795128858886,0.47159619824102983,-0.1204783178955684,0.5347334895808175,0.41507654678749173,0.49908380046825507,0.45478699373974,0.0233932889909223,-0.12047831789556906,H1,"H1,H2,OOS,CAGR"
A,SMALL,SMALLk20d14,SMALL,10.0,M,0,0,True,1.459126685380733,0.01781385902663324,0.3564253541025051,-0.16186858106411295,0.6109723107013506,0.10888439122263659,0.5635257617300855,0.22258028694261425,0.010379317371751684,-0.16186858106410984,"H1,H2","H1,H2,OOS,CAGR"
A,SMALL,SMALLk20d14,SMALL,10.0,M,0,1,False,1.441619341053782,0.011434020759080399,0.2367186157577615,-0.14503924735995943,0.4083131345768043,0.08062605386017684,0.4132442557926704,0.12804788863077093,0.005495901784949853,-0.14503924735996088,"H1,H2","H1,H2,OOS,CAGR"
A,SMALL,SMALLk20d14,SMALL,10.0,M,0,2,False,1.4787084340597014,0.01815242223187208,0.35272094050554104,-0.13873065943636576,0.5053993523169221,0.21490436684669106,0.4075071562549656,0.3192884607134002,0.01635022018299015,-0.1387306594363642,"H1,H2","H1,H2,OOS,CAGR"
A,SMALL,SMALLk20d14,SMALL,10.0,M,0,3,False,1.5420977294074507,0.012814204504286053,0.25349413739114113,-0.13924027997778232,0.3921386706584876,0.131043788118083,0.2627367216034404,0.24802035975774733,0.012660461749224972,-0.13924027997778243,"H1,H2","H1,H2,OOS,CAGR"
A,SMALL,SMALLk20d14,SMALL,10.0,M,0,4,False,1.4749055697869582,0.014894813195265977,0.2918007183007139,-0.13003393903185634,0.5138434172194025,0.09261148844056787,0.43729804885912366,0.20384494396757952,0.00997293243080355,-0.13003393903185545,"H1,H2","H1,H2,OOS,CAGR"
A,SMALL,SMALLk20d14,SMALL,10.0,6W,0,0,True,1.091309167086748,0.019471820550594154,0.38007076649332977,-0.1115191704731544,0.570994785593353,0.19174733744544972,0.5314414932727501,0.2807142514241287,0.013638612839318442,-0.10948894399552855,"H1,H2","H1,H2,OOS,CAGR"
A,SMALL,SMALLk20d14,SMALL,10.0,6W,0,1,False,1.1599543837605537,0.014968506153665517,0.30091725511164585,-0.12834506845927085,0.5302955947714069,0.0723049640153548,0.47777799514198704,0.1842957581189596,0.008376380031612563,-0.1152490255907217,"H1,H2","H1,H2,OOS,CAGR"
A,SMALL,SMALLk20d14,SMALL,10.0,6W,0,2,False,1.1395918026418026,0.015490702385600574,0.31165410139009264,-0.11941402538165413,0.633138984719187,0.00010610410297017205,0.6281266602883304,0.10749550622924929,0.00430572199696555,-0.1194140253816578,"H1,H2","H1,H2,OOS,CAGR"
A,SMALL,SMALLk20d14,SMALL,10.0,6W,0,3,False,1.120464512637524,0.012753513592591137,0.2625133484653706,-0.13717846859209348,0.6322063661531613,-0.08561024449734031,0.6567137007813961,0.014455790216148023,-0.000654905543753137,-0.1371784685920936,"H1,H2","H1,H2,OOS,CAGR"
A,SMALL,SMALLk20d14,SMALL,10.0,6W,0,4,False,1.067049583498539,0.008983211072330688,0.1914204414511053,-0.16379164737933172,0.576439200540602,-0.15671170725543304,0.5500436968395604,-0.0260984655950208,-0.00293440788321242,-0.1637916473793336,"H1,H2","H1,H2,OOS,CAGR"
A,SMALL,SMALLk20d14,SMALL,10.0,6W,1,0,False,1.1378663136822655,0.009295077467614155,0.19678126090714979,-0.1561323666300598,0.5891024488200398,-0.1664376778325992,0.6077650992074154,-0.058682098686229,-0.004669810455623202,-0.15613236663006014,"H1,H2","H1,H2,OOS,CAGR"
A,SMALL,SMALLk20d14,SMALL,10.0,6W,1,1,False,1.1529541407424384,0.007611135241648803,0.16496539839569954,-0.16307893354545167,0.4614289524824615,-0.10733143422576188,0.4347885471620541,-0.0013723587340375566,-0.0016032328567862075,-0.16307893354545133,"H1,H2","H1,H2,OOS,CAGR"
A,SMALL,SMALLk20d14,SMALL,10.0,6W,1,2,False,1.1687072410265826,0.012596070617058919,0.24926388586165263,-0.1449619799194698,0.539181548649313,-0.00604739643257753,0.501369682590267,0.09921413775909324,0.004056102649734328,-0.14496197991947035,"H1,H2","H1,H2,OOS,CAGR"
A,SMALL,SMALLk20d14,SMALL,10.0,6W,1,3,False,1.1282434986953642,0.01938396673709364,0.3740897796206407,-0.11315251268754978,0.5312840842301416,0.22724780698777175,0.4553788065798867,0.32301726035258654,0.016411588217140283,-0.096745433751943,"H1,H2","H1,H2,OOS,CAGR"
A,SMALL,SMALLk20d14,SMALL,10.0,6W,1,4,False,1.1368150911591843,0.026499414211089256,0.4884503055661707,-0.11355604892398574,0.6768842990962674,0.32065088942876496,0.5833746242968727,0.4309028184453685,0.02331042767527869,-0.11036814756980329,"H1,H2","H1,H2,OOS,CAGR"
A,SMALL,SMALLk20d14,SMALL,10.0,6W,2,0,False,1.1336633534404281,0.02162361649908351,0.4252219704028831,-0.12211560712578162,0.6022966535439541,0.25192777048410286,0.5234899010008476,0.3613200893869378,0.017770152947908846,-0.11179556045009142,"H1,H2","H1,H2,OOS,CAGR"
A,SMALL,SMALLk20d14,SMALL,10.0,6W,2,1,False,1.1425034573382236,0.016591344235050265,0.33234552464311484,-0.11614304024144717,0.5555468616298904,0.11958713715638906,0.4730525627288942,0.24263005883976502,0.011562531756684091,-0.10076496130395862,"H1,H2","H1,H2,OOS,CAGR"
A,SMALL,SMALLk20d14,SMALL,10.0,6W,2,2,False,1.192938241979358,0.018642428777125186,0.3664241734362004,-0.10763220510951244,0.4392504154544842,0.29542941331763845,0.347814005628821,0.37867451732061946,0.018949724134568413,-0.09246593841057171,"H1,H2","H1,H2,OOS,CAGR"
A,SMALL,SMALLk20d14,SMALL,10.0,6W,2,3,False,1.1801853588019162,0.019308902571784747,0.38025871258354405,-0.1195250132968042,0.5200058185358443,0.243428383148284,0.4448899519462105,0.337740513458492,0.016536340447507403,-0.11952501329680254,"H1,H2","H1,H2,OOS,CAGR"
A,SMALL,SMALLk20d14,SMALL,10.0,6W,2,4,False,1.1908410779559047,0.017327628411445417,0.34629658677500036,-0.1167546396684841,0.299044700434844,0.391811383716701,0.3214955879746684,0.3627201366425431,0.01783503922541474,-0.08549935264990349,"H1,H2","H1,H2,OOS,CAGR"
A,SMALL,SMALLk20d14,SMALL,10.0,6W,3,0,False,1.2209576265080757,0.017742521457840388,0.35129518636039164,-0.11795975556391047,0.34025588252152866,0.36197841525671914,0.2622388379670308,0.4097659060375913,0.020529257339174656,-0.09648441691065868,"H1,H2","H1,H2,OOS,CAGR"
A,SMALL,SMALLk20d14,SMALL,10.0,6W,3,1,False,1.1752935300898837,0.02020476477110056,0.4014196878923624,-0.1065965545212515,0.37854165090784975,0.42320767954957633,0.357391316449868,0.4290192935828906,0.021577728782434136,-0.1048310705241492,H1,"H1,H2,OOS,CAGR"
A,SMALL,SMALLk20d14,SMALL,10.0,6W,3,2,False,1.1574791396117803,0.015374521632578908,0.3090130519622024,-0.11485587111354434,0.41822213800932195,0.207934941983187,0.4172975207052238,0.24167609459112235,0.01165911131966113,-0.1148558711135429,"H1,H2","H1,H2,OOS,CAGR"
A,SMALL,SMALLk20d14,SMALL,10.0,6W,3,3,False,1.2036083596976328,0.013346419431929046,0.2732802843378473,-0.13598096249718372,0.3820887871504548,0.17147518491075692,0.3608108044269053,0.21875455395799515,0.01035234399697571,-0.13598096249718306,"H1,H2","H1,H2,OOS,CAGR"
A,SMALL,SMALLk20d14,SMALL,10.0,6W,3,4,False,1.1980045440737468,0.018688383221055815,0.3678588034358088,-0.11427893360968111,0.44669916385896896,0.29547511394632686,0.4436131351901195,0.32025801660393705,0.01596773900089743,-0.11427893360967678,"H1,H2","H1,H2,OOS,CAGR"
A,SMALL,SMALLk20d14,SMALL,10.0,6W,4,0,False,1.178180199719178,0.01683236903831342,0.3371534128663134,-0.0882850016512684,0.37496275843830923,0.30211765960918,0.3079385322939202,0.3558020613188541,0.01764458714292272,-0.08405973366042863,"H1,H2","H1,H2,OOS,CAGR"
A,SMALL,SMALLk20d14,SMALL,10.0,6W,4,1,False,1.2353210863274235,0.01121483922630051,0.2310175299299896,-0.12964578995019405,0.36703715236253637,0.10473845376719916,0.27051002493320286,0.20592933380502293,0.009738258396056132,-0.12964578995019305,"H1,H2","H1,H2,OOS,CAGR"
A,SMALL,SMALLk20d14,SMALL,10.0,6W,4,2,False,1.181603121519454,0.014115654574882397,0.28757686565546275,-0.08518559403492953,0.42994684372306335,0.1487731088632372,0.3477430302653513,0.24786187034431065,0.011651135229787002,-0.08518559403492998,"H1,H2","H1,H2,OOS,CAGR"
A,SMALL,SMALLk20d14,SMALL,10.0,6W,4,3,False,1.208424708764025,0.013858397152515689,0.2783917093561098,-0.14078103213830284,0.5063006943252047,0.060180488803393474,0.44207279938893845,0.17279690077539578,0.007891944362273362,-0.14078103213830484,"H1,H2","H1,H2,OOS,CAGR"
A,SMALL,SMALLk20d14,SMALL,10.0,6W,4,4,False,1.2067931234167069,0.02046025295911802,0.3925183638315786,-0.1372885896267717,0.6208999086336737,0.1751926745945546,0.5396003345277077,0.29761759912066776,0.014860666417804813,-0.13728858962677126,"H1,H2","H1,H2,OOS,CAGR"
A,SMALL,SMALLk20d14,SMALL,10.0,6W,5,0,False,1.2053646317263313,0.013331611163388546,0.2629741590652796,-0.13644738771934806,0.5244601381320045,0.025117353453934427,0.49810378282079387,0.11781340293734185,0.005066982518533436,-0.1364473877193486,"H1,H2","H1,H2,OOS,CAGR"
A,SMALL,SMALLk20d14,SMALL,10.0,6W,5,1,False,1.2094017352183002,0.021956771590089907,0.4134193048833148,-0.13960054782343223,0.6268424817779852,0.21781184223968744,0.6098468286544679,0.2916048227019253,0.014943565924514512,-0.13960054782343223,"H1,H2","H1,H2,OOS,CAGR"
A,SMALL,SMALLk20d14,SMALL,10.0,6W,5,2,False,1.178906456906591,0.02032784435036805,0.38979463841876355,-0.13882307155423834,0.6870799028457782,0.1129740409531539,0.7090546694980961,0.1872104203699842,0.008822492602044596,-0.13882307155423879,"H1,H2","H1,H2,OOS,CAGR"
A,SMALL,SMALLk20d14,SMALL,10.0,6W,5,3,False,1.1463556754333835,0.02103274174478509,0.40279064478528004,-0.14114285920729852,0.5941882620566012,0.22281185205277165,0.6263058486967732,0.2610141922481825,0.012911088984035812,-0.1411428592072973,"H1,H2","H1,H2,OOS,CAGR"
A,SMALL,SMALLk20d14,SMALL,10.0,6W,5,4,False,1.163807310614373,0.022935523277460623,0.43754877776013484,-0.09529810501627123,0.6368563301941327,0.2453280419003588,0.6300121379126241,0.31252938570233263,0.015592671532638436,-0.095298105016271,"H1,H2","H1,H2,OOS,CAGR"
A,SMALL,SMALLk20d14,SMALL,10.0,Q,0,0,True,0.7102808127433762,0.017639322840497407,0.34644877357629233,-0.10487171118900973,0.40325342854714524,0.29396251435129733,0.3374189993717518,0.3519815046163918,0.017921580207830967,-0.09250950583208983,"H1,H2","H1,H2,OOS,CAGR"
A,SMALL,SMALLk20d14,SMALL,10.0,Q,0,1,False,0.6930890946091144,0.018317107268099653,0.37010469468154306,-0.10276220534054048,0.44829784830678043,0.2975636943430491,0.37073946660206275,0.36965531608521357,0.018382911699796223,-0.1027622053405377,"H1,H2","H1,H2,OOS,CAGR"
A,SMALL,SMALLk20d14,SMALL,10.0,Q,0,2,False,0.7017255549944731,0.023429991740513856,0.4578014172598955,-0.10122713796685812,0.46139603864395257,0.4553907045441921,0.36853321594295574,0.5111310476576315,0.026688835707297853,-0.10122713796685734,H1,"H1,H2,OOS,CAGR"
A,SMALL,SMALLk20d14,SMALL,10.0,Q,0,3,False,0.7113462030076181,0.024678335992218692,0.4815463572068304,-0.10346563871736258,0.5169780193928086,0.4497225995767987,0.41268542548445125,0.522801948823291,0.027244591015008313,-0.10346563871736136,H1,"H1,H2,OOS,CAGR"
A,SMALL,SMALLk20d14,SMALL,10.0,Q,0,4,False,0.7002407213452779,0.02309076510279695,0.461667550161467,-0.10850600116028386,0.49127245001133535,0.43425065208713814,0.3846666992267132,0.5088193839130589,0.02568928785141411,-0.10850600116028375,H1,"H1,H2,OOS,CAGR"
A,SMALL,SMALLk20d15,SMALL,10.0,D,0,0,True,7.119693571109503,0.020505867592777616,0.3590997581722429,-0.17052243554842872,0.6141170856563849,0.13698619551209265,0.5345919735361861,0.26187539938741267,0.014855527998555385,-0.1705224355484266,"H1,H2","H1,H2,OOS,CAGR"
A,SMALL,SMALLk20d15,SMALL,10.0,2D,0,0,True,5.151545892519669,0.028024644652036468,0.4777205098778964,-0.15774175140146618,0.7605721810731956,0.23109673544432904,0.6790751632463671,0.3660877401798115,0.021657177391580573,-0.15774175140146296,H2,"H1,H2,OOS,CAGR"
A,SMALL,SMALLk20d15,SMALL,10.0,2D,1,0,False,5.202461718170432,0.02418291027818431,0.41087074418721753,-0.16468486925420556,0.7196540282730257,0.14507067239820165,0.5757388326864993,0.3206692874814922,0.01905174879313809,-0.16468486925420855,"H1,H2","H1,H2,OOS,CAGR"
A,SMALL,SMALLk20d15,SMALL,10.0,W,0,0,True,3.5688122126189805,0.021836311742463144,0.3747696868571978,-0.16973854924627407,0.7087957595159475,0.08468784124603491,0.6086909758897873,0.24457215162816193,0.013918535089067596,-0.16973854924627263,"H1,H2","H1,H2,OOS,CAGR"
A,SMALL,SMALLk20d15,SMALL,10.0,W,0,1,False,3.4725205497770766,0.03009119168630403,0.5024513336505204,-0.16843915067327286,0.7455418058531472,0.29381187733298175,0.6456500322785079,0.42425569012533276,0.025968861567740253,-0.16843915067327286,H2,"H1,H2,OOS,CAGR"
A,SMALL,SMALLk20d15,SMALL,10.0,W,0,2,False,3.4690920133723813,0.036376306099930256,0.594617525392037,-0.16401111875941066,0.8740288854662989,0.35571355470032445,0.7465204846238244,0.5123225357697734,0.03220625164303392,-0.16401111875940966,H2,"H1,H2,OOS,CAGR"
A,SMALL,SMALLk20d15,SMALL,10.0,W,0,3,False,3.513698077131712,0.03216718119617412,0.5321624619752776,-0.16182213462625894,0.8648834038248654,0.2432650452785624,0.7165230651102902,0.4303545383420839,0.026435921251591665,-0.16182213462625983,H2,"H1,H2,OOS,CAGR"
A,SMALL,SMALLk20d15,SMALL,10.0,W,0,4,False,3.446862538987489,0.030918995001804284,0.5172905724658202,-0.15246984009942,0.7912717309636064,0.2797197371015647,0.6845422718771954,0.4249899153569962,0.025847771302561107,-0.15246984009941844,H2,"H1,H2,OOS,CAGR"
A,SMALL,SMALLk20d15,SMALL,10.0,2W,0,0,True,2.666554596395037,0.027475309263844006,0.452517127140719,-0.14055510103289637,0.6155847827718125,0.3137743310136633,0.5399158948998871,0.4050501272934938,0.025234654894307873,-0.14055510103289404,"H1,H2","H1,H2,OOS,CAGR"
A,SMALL,SMALLk20d15,SMALL,10.0,2W,0,1,False,2.614268288397602,0.03663835375571711,0.5922983219114747,-0.1505193567082419,0.796584175989466,0.4258984381968741,0.6310203991461241,0.573408474183132,0.03707652246275228,-0.15051935670824368,-,"H1,H2,OOS,CAGR"
A,SMALL,SMALLk20d15,SMALL,10.0,2W,0,2,False,2.625305212973251,0.0389744529016427,0.625097110957322,-0.13941220398002352,0.8979888707853304,0.3963424585882642,0.7183687298081776,0.5758308173296895,0.037215704907981983,-0.1394122039800234,H2,"H2,OOS,CAGR"
A,SMALL,SMALLk20d15,SMALL,10.0,2W,0,3,False,2.523244088146413,0.034947815766567025,0.5686635703681784,-0.1426942686649073,0.7809302326413571,0.38665146915268206,0.6322278083258729,0.5344349596074361,0.033894511012962036,-0.1426942686649062,H2,"H1,H2,OOS,CAGR"
A,SMALL,SMALLk20d15,SMALL,10.0,2W,0,4,False,2.5348583039096453,0.03406862529509924,0.5553333919631943,-0.14718211541530068,0.8333309911798784,0.3135319982214484,0.7175808959510901,0.4643839366907576,0.028930052875659307,-0.14718211541529813,H2,"H1,H2,OOS,CAGR"
A,SMALL,SMALLk20d15,SMALL,10.0,2W,1,0,False,2.5646987098958616,0.028106642831742246,0.4651413264224352,-0.1628909373921782,0.75137948556434,0.2170166831705452,0.6765379695710367,0.347384667404083,0.02104514878229513,-0.1628909373921804,H2,"H1,H2,OOS,CAGR"
A,SMALL,SMALLk20d15,SMALL,10.0,2W,1,1,False,2.6290115788297643,0.025290616846868286,0.4256628015768465,-0.15895560207089998,0.7421799005369157,0.1450473471205337,0.6715989394640244,0.2873279649870619,0.0168111194405558,-0.15895560207089965,"H1,H2","H1,H2,OOS,CAGR"
A,SMALL,SMALLk20d15,SMALL,10.0,2W,1,2,False,2.585154057041511,0.03090486926612601,0.5137268667275127,-0.17252757151741882,0.9254796450491937,0.17052560729509372,0.8230310105992066,0.352656487190836,0.02151398594870746,-0.1725275715174207,H2,"H2,OOS,CAGR"
A,SMALL,SMALLk20d15,SMALL,10.0,2W,1,3,False,2.5353929173307916,0.036678401044976994,0.6049329631516183,-0.1689040956294955,0.9731450493517289,0.29924111275620263,0.9085797664230125,0.44804656332661413,0.027933085615716946,-0.16890409562949615,H2,"H2,OOS,CAGR"
A,SMALL,SMALLk20d15,SMALL,10.0,2W,1,4,False,2.615917505186445,0.028737882827890582,0.47581748019310205,-0.18248003248764944,0.7436303913879951,0.24582660142365673,0.6421806477569599,0.3850947584994055,0.023661314729428673,-0.18248003248764966,H2,"H1,H2,OOS,CAGR"
A,SMALL,SMALLk20d15,SMALL,10.0,M,0,0,True,1.8250570100418366,0.0372405589911069,0.6028976918964175,-0.12474492947619265,0.8891461738953198,0.3516266995569299,0.8571099874174454,0.4585072375551972,0.0284540517962395,-0.12474492947619298,H2,"H1,H2,OOS,CAGR"
A,SMALL,SMALLk20d15,SMALL,10.0,M,0,1,False,1.8205974820367503,0.041089964386898936,0.6634909748837531,-0.1538624933632038,0.9946309418816318,0.3966936848516753,1.0092603973940124,0.4866075677814124,0.031079137709957516,-0.15386249336320645,H2,"H2,OOS,CAGR"
A,SMALL,SMALLk20d15,SMALL,10.0,M,0,2,False,1.8420208610786908,0.03774849389975188,0.6022794911155969,-0.1444283844376536,0.8431570967100334,0.4098469155379589,0.8642616467535604,0.4701175445734505,0.030564169460026047,-0.14442838443765227,-,"H1,H2,OOS,CAGR"
A,SMALL,SMALLk20d15,SMALL,10.0,M,0,3,False,1.8610193243244397,0.036990765486549115,0.5901166062011464,-0.13839326238753558,0.8683446360825117,0.3577322033192414,0.8922119629484065,0.43010636838163696,0.027467686295048255,-0.13839326238753535,H2,"H1,H2,OOS,CAGR"
A,SMALL,SMALLk20d15,SMALL,10.0,M,0,4,False,1.8728291165076154,0.03222737228489514,0.5066315356557713,-0.18130403115746008,0.8886188454555185,0.17561177663994024,0.8478725671538413,0.3149101148790578,0.019606851130881564,-0.18130403115745908,H2,"H1,H2,OOS,CAGR"
A,SMALL,SMALLk20d15,SMALL,10.0,6W,0,0,True,1.453283878783456,0.02725649417070919,0.4381966521126014,-0.16257442897387808,0.6163516811151003,0.29202121065601944,0.3854647487409741,0.467886676119698,0.030721639305973714,-0.16257442897387653,"H1,H2","H1,H2,OOS,CAGR"
A,SMALL,SMALLk20d15,SMALL,10.0,6W,0,1,False,1.4978323801408426,0.023722496627067935,0.38646235104663645,-0.2015445041010011,0.7580232126114959,0.07763306279625962,0.5515521897533651,0.2995499813474128,0.018643255474279696,-0.20154450410099856,H2,"H1,H2,OOS,CAGR"
A,SMALL,SMALLk20d15,SMALL,10.0,6W,0,2,False,1.4991263636076677,0.02708743972140515,0.43428856832171886,-0.189160891351985,0.8432014251910166,0.09598176767994221,0.5941493253439822,0.3514052905324066,0.022489100381313687,-0.18916089135198588,H2,"H1,H2,OOS,CAGR"
A,SMALL,SMALLk20d15,SMALL,10.0,6W,0,3,False,1.432776090741507,0.03789304730983556,0.6015177530390345,-0.13961612717686844,1.000460682882437,0.2784736706462248,0.7210381786139606,0.5436100975160489,0.036069258405611704,-0.13961612717686633,H2,"H2,OOS,CAGR"
A,SMALL,SMALLk20d15,SMALL,10.0,6W,0,4,False,1.4001931719664042,0.03944988360056301,0.6317517437042297,-0.12020991062530806,0.9884297445038315,0.3311676943556288,0.7332285680980711,0.578933371795218,0.03758536827510528,-0.12020991062530617,H2,"H2,OOS,CAGR"
A,SMALL,SMALLk20d15,SMALL,10.0,6W,1,0,False,1.4719325260464557,0.0344652688768361,0.5641069862640383,-0.131619491146448,0.9153913408249009,0.2595174480076542,0.7070540955072,0.4860070128016862,0.03042941608105254,-0.13161949114644944,H2,"H2,OOS,CAGR"
A,SMALL,SMALLk20d15,SMALL,10.0,6W,1,1,False,1.4435967910901017,0.03710622857608126,0.5972685806488129,-0.10173958192786015,0.8388242023275886,0.3858234490073904,0.6598917777324259,0.5627063389910681,0.03590420777562242,-0.10173958192785992,H2,"H1,H2,OOS,CAGR"
A,SMALL,SMALLk20d15,SMALL,10.0,6W,1,2,False,1.4286643405531458,0.03089812295127592,0.4972172604050509,-0.14557411548896593,0.7782137586457732,0.26072840735511515,0.6223537836752172,0.43023068071012616,0.027483540201754364,-0.1455741154889657,H2,"H1,H2,OOS,CAGR"
A,SMALL,SMALLk20d15,SMALL,10.0,6W,1,3,False,1.4583989361824539,0.033134133408739164,0.5348563485577388,-0.15280145694735725,0.7383961744347027,0.36452559741678836,0.6568368563008876,0.46926005731724163,0.029914774627213703,-0.15280145694735603,"H1,H2","H1,H2,OOS,CAGR"
A,SMALL,SMALLk20d15,SMALL,10.0,6W,1,4,False,1.4613780996063421,0.03002532035872396,0.47963066432481943,-0.15456497153404547,0.7310887958823915,0.2637783498601837,0.6551384533396406,0.38173950091418085,0.024109570121460422,-0.1545649715340469,"H1,H2","H1,H2,OOS,CAGR"
A,SMALL,SMALLk20d15,SMALL,10.0,6W,2,0,False,1.5155942745810111,0.03147464732229155,0.49960693955937474,-0.1601880243608248,0.6956678216170397,0.331024913035704,0.5761848464114402,0.4580320559341534,0.02967275713162687,-0.1601880243608249,"H1,H2","H1,H2,OOS,CAGR"
A,SMALL,SMALLk20d15,SMALL,10.0,6W,2,1,False,1.4461194171054914,0.03700222933807762,0.5805966616393121,-0.12914944408230666,0.894310125346667,0.32403139570385797,0.860187730341447,0.4353718642291286,0.028453036901911366,-0.12914944408230533,H2,"H2,OOS,CAGR"
A,SMALL,SMALLk20d15,SMALL,10.0,6W,2,2,False,1.478664912712517,0.03262639402994605,0.5162393859357932,-0.14920108701595491,0.750544544682256,0.31716796371874106,0.7691599461156743,0.3793914960486505,0.024218504065275592,-0.14920108701595391,H2,"H1,H2,OOS,CAGR"
A,SMALL,SMALLk20d15,SMALL,10.0,6W,2,3,False,1.5116338212707674,0.03532268406077432,0.5530101608161858,-0.1733791872584589,0.7875791833647656,0.35693137977602574,0.7743274570362514,0.4351732257222415,0.02842318854266468,-0.17337918725845824,H2,"H1,H2,OOS,CAGR"
A,SMALL,SMALLk20d15,SMALL,10.0,6W,2,4,False,1.526887013611663,0.033328347744125075,0.5225016728476264,-0.1618012342835904,0.6764381560592871,0.3934908524906804,0.6893485463044106,0.4329370037168517,0.028279951489048827,-0.16180123428359228,"H1,H2","H1,H2,OOS,CAGR"
A,SMALL,SMALLk20d15,SMALL,10.0,6W,3,0,False,1.5311104543609768,0.03198867505604164,0.5059439488567413,-0.18079538930660055,0.5768799095446434,0.4447448461835335,0.6058496025000873,0.4506983826528425,0.02913161512340179,-0.18079538930660077,H1,"H1,H2,OOS,CAGR"
A,SMALL,SMALLk20d15,SMALL,10.0,6W,3,1,False,1.534258649230809,0.031123992435047043,0.4940599113975972,-0.17043531686593716,0.6583807390319268,0.35149316744018555,0.751847433513245,0.35216717589021684,0.022201966125918293,-0.1704353168659385,"H1,H2","H1,H2,OOS,CAGR"
A,SMALL,SMALLk20d15,SMALL,10.0,6W,3,2,False,1.5006716858510607,0.03582584510230569,0.5558593766490472,-0.19001303603165265,0.8128993162398832,0.3353620999145306,0.852409150120886,0.3952840778277905,0.02567599452675262,-0.19001303603165176,H2,"H1,H2,OOS,CAGR"
A,SMALL,SMALLk20d15,SMALL,10.0,6W,3,3,False,1.52951661100647,0.03216147222317178,0.5070390667904273,-0.1861907352153327,0.7168774240606954,0.3290795207577124,0.7276021435617511,0.3908932610244453,0.02532228331996511,-0.18619073521533125,"H1,H2","H1,H2,OOS,CAGR"
A,SMALL,SMALLk20d15,SMALL,10.0,6W,3,4,False,1.5155089382286246,0.04034663228521973,0.6259695901159819,-0.17526046279736573,0.7830291159159867,0.49448027528987865,0.7371757387057132,0.5684100068506858,0.03811453252151953,-0.17526046279736773,-,"H1,H2,OOS,CAGR"
A,SMALL,SMALLk20d15,SMALL,10.0,6W,4,0,False,1.5175876152538752,0.039994266071168516,0.622049319660153,-0.20013086460402796,0.9064583836510626,0.37982196826063724,0.8546575992202808,0.4967201835849459,0.032669907348060745,-0.2001308646040285,H2,"H2,OOS,CAGR"
A,SMALL,SMALLk20d15,SMALL,10.0,6W,4,1,False,1.5264099337018935,0.03882053886155701,0.6058356765878055,-0.1932843687288257,0.8376889695827298,0.4135639370204693,0.7062376512275935,0.554314252707676,0.03700926356372514,-0.19328436872882648,-,"H1,H2,OOS,CAGR"
A,SMALL,SMALLk20d15,SMALL,10.0,6W,4,2,False,1.550566381971696,0.04125781244490612,0.6356192567151002,-0.18742316044719165,1.0047402677805954,0.32697534981131143,0.8972579347200431,0.49967445221594187,0.03343873442652234,-0.18742316044719232,H2,"H2,OOS,CAGR"
A,SMALL,SMALLk20d15,SMALL,10.0,6W,4,3,False,1.5331527001363552,0.0362607212610182,0.5763750999457263,-0.16864735575506984,0.9146590564860728,0.2807627111339066,0.77195756175298,0.4700773266927707,0.030214140295043768,-0.16864735575506773,H2,"H2,OOS,CAGR"
A,SMALL,SMALLk20d15,SMALL,10.0,6W,4,4,False,1.4828320818904692,0.03382102492103112,0.5425594979261069,-0.17626476386978152,0.9016066612710567,0.22449322508707026,0.7772124718972581,0.4137742028375353,0.02610134285169896,-0.17626476386978207,H2,"H2,OOS,CAGR"
A,SMALL,SMALLk20d15,SMALL,10.0,6W,5,0,False,1.4722468999783735,0.033313086325728936,0.5316154369458528,-0.17866652826525586,0.7923830029292593,0.30983313209840996,0.6910516184104262,0.4479035503362845,0.028950628330860484,-0.1786665282652573,H2,"H1,H2,OOS,CAGR"
A,SMALL,SMALLk20d15,SMALL,10.0,6W,5,1,False,1.4538561346375862,0.025698465118472846,0.42154463407378223,-0.18863066884488855,0.7785823288475928,0.11072861831156369,0.7038712016160568,0.2686823068512112,0.016121352809020717,-0.18863066884488866,H2,"H1,H2,OOS,CAGR"
A,SMALL,SMALLk20d15,SMALL,10.0,6W,5,2,False,1.4376653095731726,0.026670709504690526,0.43917098558762596,-0.20613939114105562,0.8231990601474128,0.1250678357003081,0.7493528066122657,0.2837017439238607,0.0173501764058559,-0.20613939114105684,H2,"H1,H2,OOS,DD,CAGR"
A,SMALL,SMALLk20d15,SMALL,10.0,6W,5,3,False,1.4444370662424202,0.030080554353018485,0.4909996540858979,-0.1845207224045592,0.8463904282827153,0.1975302190351538,0.7138305012712198,0.3768378625918395,0.023723854885455697,-0.18452072240455897,H2,"H1,H2,OOS,CAGR"
A,SMALL,SMALLk20d15,SMALL,10.0,6W,5,4,False,1.4433031024844558,0.030156438271120356,0.4872778754092382,-0.1764847095497757,0.7966568225734031,0.22590992093963005,0.6054023827820997,0.4255108571181017,0.027223124923390962,-0.17648470954977535,H2,"H1,H2,OOS,CAGR"
A,SMALL,SMALLk20d15,SMALL,10.0,Q,0,0,True,0.9259347708537878,0.02842467199446541,0.45071092952156927,-0.18793546383695714,0.7078831459834352,0.23399970347805568,0.5730290846663819,0.3857390387682745,0.024978269570849365,-0.18793546383695625,"H1,H2","H1,H2,OOS,CAGR"
A,SMALL,SMALLk20d15,SMALL,10.0,Q,0,1,False,0.9367477625325612,0.027421468402895943,0.43278000070203426,-0.19344441369408727,0.6954762271241495,0.2119486908258426,0.5825457591478805,0.3527014551771517,0.022774601330679323,-0.19344441369409016,"H1,H2","H1,H2,OOS,CAGR"
A,SMALL,SMALLk20d15,SMALL,10.0,Q,0,2,False,0.9307586447366061,0.02766825072131618,0.4458056566217592,-0.18871561862599517,0.7255879690387903,0.20789132178454545,0.5997665182802121,0.3641310484948013,0.023111410245079345,-0.18871561862599684,"H1,H2","H1,H2,OOS,CAGR"
A,SMALL,SMALLk20d15,SMALL,10.0,Q,0,3,False,0.9167600595851659,0.03347074701060304,0.5327459827991289,-0.17520954589047355,0.873249708238302,0.24167817475970305,0.7627545557615506,0.41287538487735764,0.02661287926281508,-0.1752095458904731,H2,"H1,H2,OOS,CAGR"
A,SMALL,SMALLk20d15,SMALL,10.0,Q,0,4,False,0.9157599312146139,0.030357750307134834,0.4876358703702337,-0.19086004025305392,0.804454235772606,0.17903617427770896,0.6549690773171025,0.3832096414359041,0.02322977350662514,-0.1908600402530547,H2,"H1,H2,OOS,CAGR"
A,SMALL,SMALLk40d00,SMALL,10.0,D,0,0,True,11.318484654781718,0.007451429738636772,0.12940114906659064,-0.35232146559763555,0.3243364036109187,0.0019641129911195953,0.6054660904541045,-0.07601768864472513,-0.011755316587952591,-0.3523214655976372,"H1,H2","H1,H2,OOS,DD,CAGR"
A,SMALL,SMALLk40d00,SMALL,10.0,2D,0,0,True,8.303071072755362,0.01627626132371951,0.23148375643801838,-0.31471153933789453,0.3990431687851107,0.1238002625230609,0.7005867387594368,0.027303191761704544,-0.0019052702121128418,-0.3147115393378963,"H1,H2","H1,H2,OOS,DD,CAGR"
A,SMALL,SMALLk40d00,SMALL,10.0,2D,1,0,False,8.285802719105188,0.018501908585816018,0.2542419250317056,-0.33926526521516187,0.565923075334189,0.05233508184436173,0.9218281168588417,-0.0311054657628012,-0.007670822285291701,-0.3392652652151613,"H1,H2","H1,H2,OOS,DD,CAGR"
A,SMALL,SMALLk40d00,SMALL,10.0,W,0,0,True,5.666585875244837,0.013236908294323113,0.19492213171610553,-0.3730929039946278,0.4539644271250349,0.025624004895795794,0.7451295933946014,-0.04068213988892199,-0.00855898057007154,-0.37309290399462725,"H1,H2,DD","H1,H2,OOS,DD,CAGR"
A,SMALL,SMALLk40d00,SMALL,10.0,W,0,1,False,5.62047913580548,0.013941205459842676,0.2028578329499297,-0.34572714903757995,0.4987280720413977,0.008160541684705163,0.8293198324764249,-0.06757892959031075,-0.011121591591445878,-0.34572714903757984,"H1,H2","H1,H2,OOS,DD,CAGR"
A,SMALL,SMALLk40d00,SMALL,10.0,W,0,2,False,5.610474223477769,0.01312069311929509,0.1914971801993778,-0.34883857865007895,0.4969021077613505,-0.005274159109406517,0.8624677551231895,-0.09269813237835554,-0.013956403396384931,-0.3488385786500795,"H1,H2","H1,H2,OOS,DD,CAGR"
A,SMALL,SMALLk40d00,SMALL,10.0,W,0,3,False,5.570016373050666,0.02819654348860734,0.36077332678593427,-0.27095029727240794,0.5794755307349803,0.22385848751785495,0.9720995466386175,0.09977099489318011,0.004984663076769813,-0.2709502972724033,"H1,H2","H1,H2,OOS,DD,CAGR"
A,SMALL,SMALLk40d00,SMALL,10.0,W,0,4,False,5.595427667685463,0.02573715283856126,0.3374202881237391,-0.29388088588770156,0.6135035369089323,0.15806234808856032,0.9178759871173029,0.08671542049682797,0.003722943109892629,-0.29388088588770356,"H1,H2","H1,H2,OOS,DD,CAGR"
A,SMALL,SMALLk40d00,SMALL,10.0,2W,0,0,True,4.244229416771267,0.022003553847131485,0.2913722496765442,-0.29068437505825795,0.613001037494962,0.0891669489930798,0.9098640063731367,0.03535283265007101,-0.0013741834415827991,-0.29068437505825595,"H1,H2","H1,H2,OOS,DD,CAGR"
A,SMALL,SMALLk40d00,SMALL,10.0,2W,0,1,False,4.210175526348916,0.019550943347173,0.2642043923792508,-0.309512477113134,0.6572047196788581,0.00985329062710007,0.9537724756349378,-0.030375677997761995,-0.007737551324287106,-0.3095124771131329,"H1,H2","H1,H2,OOS,DD,CAGR"
A,SMALL,SMALLk40d00,SMALL,10.0,2W,0,2,False,4.194852204701848,0.02131203023148931,0.28413027562777854,-0.306825346611338,0.6157798070629634,0.07018539238764475,0.9203328273967536,0.01409521508551514,-0.0034012060649982745,-0.3068253466113394,"H1,H2","H1,H2,OOS,DD,CAGR"
A,SMALL,SMALLk40d00,SMALL,10.0,2W,0,3,False,4.1185306236367625,0.03002173870912217,0.3775268580661703,-0.28006719435213745,0.6579727832374923,0.20350682073808515,1.0469308691075851,0.09808296759369922,0.004816815586777379,-0.2800671943521381,"H1,H2","H1,H2,OOS,DD,CAGR"
A,SMALL,SMALLk40d00,SMALL,10.0,2W,0,4,False,4.201946754589869,0.022059906831991327,0.2923683710655296,-0.30528586671318236,0.5981067389251099,0.09565461083307317,0.919460598435504,0.025618929661245966,-0.002279658841032317,-0.3052858667131837,"H1,H2","H1,H2,OOS,DD,CAGR"
A,SMALL,SMALLk40d00,SMALL,10.0,2W,1,0,False,4.217000417503232,0.013091810526743686,0.19207643633999247,-0.3791601413858955,0.5067616543936132,-0.014910999617404566,0.8337558230167191,-0.08209201078303546,-0.012731048870568973,-0.3791601413858954,"H1,H2,DD","H1,H2,OOS,DD,CAGR"
A,SMALL,SMALLk40d00,SMALL,10.0,2W,1,1,False,4.170537709939291,0.013957461739465549,0.2022217259337713,-0.33647429881895075,0.554548855454418,-0.028827763796855137,0.9064186189811885,-0.09975610401330107,-0.014356551645131055,-0.33647429881895397,"H1,H2","H1,H2,OOS,DD,CAGR"
A,SMALL,SMALLk40d00,SMALL,10.0,2W,1,2,False,4.211645837197095,0.021588915669754627,0.2812278406765103,-0.28541865437716285,0.6529271087495387,0.04775609364381717,0.9783642042897327,-0.004348139038045584,-0.0055991944624260714,-0.28541865437716973,"H1,H2","H1,H2,OOS,DD,CAGR"
A,SMALL,SMALLk40d00,SMALL,10.0,2W,1,3,False,4.192323912807013,0.02103450457496958,0.2793999587557746,-0.30604549054017516,0.649956337962334,0.040706734295769965,0.9519132528409127,-0.00487076146039689,-0.005347704793959185,-0.30604549054017427,"H1,H2","H1,H2,OOS,DD,CAGR"
A,SMALL,SMALLk40d00,SMALL,10.0,2W,1,4,False,4.208800528718912,0.01899363965353862,0.2571264328859756,-0.32085054215878495,0.660319759389356,-0.0015814951071500517,0.979061150786288,-0.04611613230167182,-0.009390370978503149,-0.32085054215878606,"H1,H2","H1,H2,OOS,DD,CAGR"
A,SMALL,SMALLk40d00,SMALL,10.0,M,0,0,True,2.953287182873766,0.026058693253328435,0.3268638045670418,-0.26999634943886497,0.5822315041470106,0.1755863050236983,0.8982808911226755,0.10202501858349375,0.005206714602999707,-0.26999634943886397,"H1,H2","H1,H2,OOS,DD,CAGR"
A,SMALL,SMALLk40d00,SMALL,10.0,M,0,1,False,2.9090977568445235,0.021448524840069982,0.28162471935776345,-0.2560318107022803,0.48914890003144795,0.15597270521702264,0.7830561316628778,0.0768335152544586,0.0026666238507606632,-0.2560318107022781,"H1,H2","H1,H2,OOS,DD,CAGR"
A,SMALL,SMALLk40d00,SMALL,10.0,M,0,2,False,2.8989095228422146,0.030981364636775588,0.380201897064283,-0.2043095542882768,0.6493042866854501,0.22678749148524904,0.9242048239259856,0.1717053477762181,0.012467369230082515,-0.2043095542882768,"H1,H2","H1,H2,OOS,DD,CAGR"
A,SMALL,SMALLk40d00,SMALL,10.0,M,0,3,False,2.8628722302901455,0.032612671582250785,0.3950652327519523,-0.2250715219097854,0.7688942166384382,0.1694461440928621,1.1062453049956544,0.11253766285948334,0.006296171243657778,-0.22507152190978574,H2,"H1,H2,OOS,DD,CAGR"
A,SMALL,SMALLk40d00,SMALL,10.0,M,0,4,False,2.891719372026412,0.031008516809256648,0.37255959637855113,-0.2559629885446111,0.8301990092159451,0.10794651681779481,1.0661626808962068,0.10581192050437839,0.0055847992938127256,-0.2559629885446113,H2,"H1,H2,OOS,DD,CAGR"
A,SMALL,SMALLk40d00,SMALL,10.0,6W,0,0,True,2.368225035211091,0.013962223083070047,0.190844222806728,-0.3193457761352001,0.6415206069458916,-0.06717579476787562,0.9703162673517144,-0.10904919955380696,-0.018294864639009534,-0.3193457761352002,"H1,H2","H1,H2,OOS,DD,CAGR"
A,SMALL,SMALLk40d00,SMALL,10.0,6W,0,1,False,2.4066748526264155,0.017175227727868947,0.22328750001282913,-0.34820122584341284,0.669046967017578,-0.033945424198663615,0.9843790377693603,-0.07455631854916642,-0.014400770958049036,-0.3482012258434145,"H1,H2","H1,H2,OOS,DD,CAGR"
A,SMALL,SMALLk40d00,SMALL,10.0,6W,0,2,False,2.4089991282715437,0.009441384345800996,0.14524628554630245,-0.3670921371064261,0.5548702612679953,-0.08949101565383494,0.8481104586511711,-0.12360778543978103,-0.019956469271257493,-0.36709213710642574,"H1,H2,DD","H1,H2,OOS,DD,CAGR"
A,SMALL,SMALLk40d00,SMALL,10.0,6W,0,3,False,2.3678695785965505,0.008178263947212994,0.1317174563194488,-0.35116697269680497,0.5767453968542255,-0.12042168364025493,0.9326484968062171,-0.17064128125909422,-0.02594673707821349,-0.35116697269680486,"H1,H2","H1,H2,OOS,DD,CAGR"
A,SMALL,SMALLk40d00,SMALL,10.0,6W,0,4,False,2.3315405532731823,0.005858034352192343,0.109317817531143,-0.36933822356923596,0.6053301125052247,-0.19653503413510498,0.8544998989707192,-0.19028056029557408,-0.025883569793144767,-0.3693382235692334,"H1,H2,DD","H1,H2,OOS,DD,CAGR"
A,SMALL,SMALLk40d00,SMALL,10.0,6W,1,0,False,2.397911932903681,0.0022119511373945855,0.07138542726931847,-0.4043740459362136,0.587483329877605,-0.23974486027937705,0.8902156010827127,-0.24985570066959115,-0.0327685851298708,-0.4043740459362142,"H1,H2,DD","H1,H2,OOS,DD,CAGR"
A,SMALL,SMALLk40d00,SMALL,10.0,6W,1,1,False,2.3749343255773314,0.010035664421811141,0.15284415778020424,-0.35240782410177873,0.6833707579274377,-0.16699582838767862,0.8944738229321368,-0.13733676209150647,-0.02050445562993297,-0.3524078241017795,"H1,H2","H1,H2,OOS,DD,CAGR"
A,SMALL,SMALLk40d00,SMALL,10.0,6W,1,2,False,2.377436715199305,0.019350770189840993,0.24329824183269608,-0.3489611987549821,0.7928655308547883,-0.07006504854539294,0.9375827660219389,-0.00976474658432427,-0.007613833215250665,-0.34896119875498144,H2,"H1,H2,OOS,DD,CAGR"
A,SMALL,SMALLk40d00,SMALL,10.0,6W,1,3,False,2.3658629649562704,0.02843057233665447,0.3435640458939775,-0.3132707250050527,0.8141454264015956,0.06526131182439782,1.013528767665921,0.09118258955676556,0.003988971825697352,-0.3132707250050525,H2,"H1,H2,OOS,DD,CAGR"
A,SMALL,SMALLk40d00,SMALL,10.0,6W,1,4,False,2.3412631160386894,0.038396621948601384,0.45072607375768786,-0.2683929297093888,0.9051167390535192,0.1848198516385467,1.0976820414762094,0.20868547292944634,0.01661643802947177,-0.26839292970938844,H2,"H2,OOS,DD,CAGR"
A,SMALL,SMALLk40d00,SMALL,10.0,6W,2,0,False,2.3584031044015297,0.045127007043814116,0.5305533672625995,-0.2377759194985103,0.8773569703062482,0.32897036105903077,1.0793862911769152,0.32559294010369944,0.02866452372744721,-0.23777591949851018,H2,"H1,H2,OOS,DD,CAGR"
A,SMALL,SMALLk40d00,SMALL,10.0,6W,2,1,False,2.3898071334791013,0.03558283184136024,0.42700265780928337,-0.2531358648814609,0.79606751323287,0.20447216050565173,1.0368403847790757,0.1920259733380081,0.014639013479055718,-0.25313586488146145,H2,"H1,H2,OOS,DD,CAGR"
A,SMALL,SMALLk40d00,SMALL,10.0,6W,2,2,False,2.390680652387805,0.040283792447909805,0.4818291450602605,-0.22751803409483828,0.703661903734034,0.3510190631205427,0.9157953951086328,0.3146391906278384,0.02723210264316145,-0.2275180340948394,"H1,H2","H1,H2,OOS,DD,CAGR"
A,SMALL,SMALLk40d00,SMALL,10.0,6W,2,3,False,2.4287585243696457,0.051115612761738705,0.5897910451640116,-0.177041207468555,0.697281465725657,0.5431016865862198,0.9240937316272475,0.4670884279383287,0.04386468342935235,-0.17704120746855467,H1,"H1,H2,OOS,CAGR"
A,SMALL,SMALLk40d00,SMALL,10.0,6W,2,4,False,2.429000494277715,0.039280231302493585,0.47213626769966993,-0.18001855309679582,0.5315086357309725,0.4540738141211332,0.7883202882912218,0.35670702301809865,0.031690329759935354,-0.1800185530967945,H1,"H1,H2,OOS,CAGR"
A,SMALL,SMALLk40d00,SMALL,10.0,6W,3,0,False,2.4227224812367365,0.043397860671263055,0.5179023559155223,-0.21206246693459574,0.5952171111085107,0.48640049990754985,0.7866610925741621,0.41897660719989877,0.037953872134566025,-0.21206246693459774,H1,"H1,H2,OOS,DD,CAGR"
A,SMALL,SMALLk40d00,SMALL,10.0,6W,3,1,False,2.3577273648258124,0.04149522404225503,0.5006219715343904,-0.23635138980439407,0.5822232092090821,0.4648788497651407,0.8080623082424497,0.38289205981966407,0.03386810340668167,-0.2363513898043923,H1,"H1,H2,OOS,DD,CAGR"
A,SMALL,SMALLk40d00,SMALL,10.0,6W,3,2,False,2.386649474184185,0.04427386682239476,0.5219405640368902,-0.21185624685031468,0.7213308009454314,0.4076403580717347,0.9704769823472226,0.3416055194889578,0.030001316478582618,-0.21185624685031623,H1,"H1,H2,OOS,DD,CAGR"
A,SMALL,SMALLk40d00,SMALL,10.0,6W,3,3,False,2.3904962003672776,0.05118528663609556,0.5979684833060115,-0.1735359817233788,0.7157725221703553,0.5381143503860591,0.9875929724192181,0.4412039126905159,0.040128032605198705,-0.1735359817233787,H1,"H1,H2,OOS,CAGR"
A,SMALL,SMALLk40d00,SMALL,10.0,6W,3,4,False,2.3530269029250506,0.04286604164650698,0.5127972590060762,-0.18914727219910676,0.6522364439730257,0.43837891559638253,0.8739667258086259,0.36560691143656787,0.032025606186188105,-0.1891472721991071,H1,"H1,H2,OOS,CAGR"
A,SMALL,SMALLk40d00,SMALL,10.0,6W,4,0,False,2.328523058166975,0.046358915884878726,0.5479244527889978,-0.2150923640319533,0.6474086599296982,0.5014806445708688,0.8643490127624663,0.42212451848100063,0.03807596605778496,-0.21509236403195298,H1,"H1,H2,OOS,DD,CAGR"
A,SMALL,SMALLk40d00,SMALL,10.0,6W,4,1,False,2.297313475852808,0.04000844783954838,0.48680011643703824,-0.2063786175892448,0.6001516920048553,0.42691023539240575,0.7848209876305197,0.36434459042303935,0.03149905698826627,-0.20637861758924503,H1,"H1,H2,OOS,DD,CAGR"
A,SMALL,SMALLk40d00,SMALL,10.0,6W,4,2,False,2.289292368170569,0.043578181906188895,0.5228814991101075,-0.20609689560606037,0.6773580894030716,0.436050731938704,0.8558608883431005,0.38667371058818933,0.033975018578282334,-0.20609689560606037,H1,"H1,H2,OOS,DD,CAGR"
A,SMALL,SMALLk40d00,SMALL,10.0,6W,4,3,False,2.342322665603054,0.036277011083840405,0.4399109983218988,-0.21874059602385187,0.7671841204940244,0.23466053751985633,1.0310786896996618,0.19350532055269526,0.0145026871140157,-0.2187405960238522,H2,"H1,H2,OOS,DD,CAGR"
A,SMALL,SMALLk40d00,SMALL,10.0,6W,4,4,False,2.3419150826220094,0.029754036278020868,0.3617933163013772,-0.25621445062311343,0.7294401157790678,0.13548224463370503,0.9932343088172072,0.09997370803724606,0.00497310124207706,-0.2562144506231132,"H1,H2","H1,H2,OOS,DD,CAGR"
A,SMALL,SMALLk40d00,SMALL,10.0,6W,5,0,False,2.248562399913325,0.031470664982291785,0.37965492760233344,-0.2628705831278131,0.7159997979703546,0.17520724669849827,0.9693629921584548,0.1390536132137822,0.00907405516142279,-0.2628705831278132,"H1,H2","H1,H2,OOS,DD,CAGR"
A,SMALL,SMALLk40d00,SMALL,10.0,6W,5,1,False,2.323658877903099,0.02572031889044024,0.3146422993219895,-0.2980590086061703,0.6927568684843752,0.09293797929461686,0.9536575721213013,0.06026615226689707,0.0006562689751885564,-0.2980590086061702,"H1,H2","H1,H2,OOS,DD,CAGR"
A,SMALL,SMALLk40d00,SMALL,10.0,6W,5,2,False,2.3048427038657273,0.021701439915757348,0.2743037609020645,-0.2766519616066323,0.6640742274105599,0.039087805930975626,0.9661298453417783,-0.004091518051977396,-0.006147590904181932,-0.2766519616066325,"H1,H2","H1,H2,OOS,DD,CAGR"
A,SMALL,SMALLk40d00,SMALL,10.0,6W,5,3,False,2.330163016693201,0.02621390658071543,0.3205699890210245,-0.28856956705228975,0.6218982704528375,0.14415372051758987,0.8867781283964317,0.0937246073537362,0.0042723956856689504,-0.28856956705228953,"H1,H2","H1,H2,OOS,DD,CAGR"
A,SMALL,SMALLk40d00,SMALL,10.0,6W,5,4,False,2.3628336669658077,0.018200726143678958,0.2333870155292068,-0.3193457761352002,0.6773502053964194,-0.02145579746236613,0.9531734411437025,-0.046308410182300225,-0.011345046838678763,-0.3193457761352002,"H1,H2","H1,H2,OOS,DD,CAGR"
A,SMALL,SMALLk40d00,SMALL,10.0,Q,0,0,True,1.436036604733384,0.012236417200309324,0.16925042619689637,-0.31168365616505034,0.27665732670921844,0.1168206278380195,0.378246557221983,0.09943092075791099,0.004673622019533807,-0.31168365616505045,"H1,H2","H1,H2,OOS,DD,CAGR"
A,SMALL,SMALLk40d00,SMALL,10.0,Q,0,1,False,1.4201700987521237,0.011580130602115268,0.1655505511656906,-0.32248683971650294,0.2858087961252423,0.10705402553395474,0.35374395550035737,0.10455644267572323,0.005353239287773315,-0.31241830000754134,"H1,H2","H1,H2,OOS,DD,CAGR"
A,SMALL,SMALLk40d00,SMALL,10.0,Q,0,2,False,1.405806562041491,0.019213750723267697,0.24051574106317233,-0.31190426572116214,0.4134908751231531,0.15840680939853372,0.5229026071858685,0.15111793211450686,0.010804352763379876,-0.3119042657211625,"H1,H2","H1,H2,OOS,DD,CAGR"
A,SMALL,SMALLk40d00,SMALL,10.0,Q,0,3,False,1.4227441318239429,0.023408920243369602,0.2779734403865649,-0.31117601016405705,0.5233977169441281,0.15038246279389286,0.6799183856750892,0.1409491457543565,0.009647422403589179,-0.31117601016405694,"H1,H2","H1,H2,OOS,DD,CAGR"
A,SMALL,SMALLk40d00,SMALL,10.0,Q,0,4,False,1.4025414873095452,0.02027731654562248,0.2531437287103149,-0.2902119485853165,0.4530198126250318,0.14319704721243107,0.6111999871794522,0.1225645768664358,0.007436979586989079,-0.2902119485853166,"H1,H2","H1,H2,OOS,DD,CAGR"
A,SMALL,SMALLk40d01,SMALL,10.0,D,0,0,True,13.41814927398621,0.03443404269740169,0.3921864371334222,-0.2315669928224936,0.3108811605535518,0.4600135648783765,0.25248098024830556,0.46214766192287,0.045100276154872,-0.23156699282249338,H1,"H1,H2,OOS,DD,CAGR"
A,SMALL,SMALLk40d01,SMALL,10.0,2D,0,0,True,9.718174142061033,0.038635227056514676,0.4318962455850683,-0.21267862379491065,0.41811175717951915,0.44981016698642307,0.398551306374202,0.45276932280476395,0.04414896438869165,-0.2126786237949133,H1,"H1,H2,OOS,DD,CAGR"
A,SMALL,SMALLk40d01,SMALL,10.0,2D,1,0,False,9.681720009834285,0.0446950619891715,0.4922827535855186,-0.22804220129373676,0.4528216591957073,0.5305354211939515,0.35933075529606184,0.5602964933939767,0.056276389888779255,-0.22804220129373476,H1,"H1,H2,OOS,DD,CAGR"
A,SMALL,SMALLk40d01,SMALL,10.0,W,0,0,True,6.538801607313793,0.0465500352020094,0.5074123772286314,-0.19435104725592034,0.4276388556879071,0.5761987892045103,0.4004507568836517,0.5636652133286768,0.0568708582536217,-0.19435104725592012,H1,"H1,H2,OOS,CAGR"
A,SMALL,SMALLk40d01,SMALL,10.0,W,0,1,False,6.418341680443016,0.040149222443242705,0.44650690013448224,-0.22167444516846102,0.3929259165977208,0.4944848647587503,0.34734425861420565,0.498349999792992,0.04931575129192578,-0.22167444516846013,H1,"H1,H2,OOS,DD,CAGR"
A,SMALL,SMALLk40d01,SMALL,10.0,W,0,2,False,6.47390084757085,0.04234617985085021,0.4686984269996076,-0.22558265314007553,0.5359824315108693,0.42577387271832595,0.4653169080174336,0.4759249183076255,0.04665282697790385,-0.2255826531400743,H1,"H1,H2,OOS,DD,CAGR"
A,SMALL,SMALLk40d01,SMALL,10.0,W,0,3,False,6.366626497725083,0.0609014467617397,0.6400957745585703,-0.19645303476025022,0.6346593369597912,0.6554489114839029,0.5293090939301645,0.6997528026034007,0.07323152595183746,-0.19645303476025144,H1,"H1,H2,OOS,CAGR"
A,SMALL,SMALLk40d01,SMALL,10.0,W,0,4,False,6.4088105170334035,0.06017955982857992,0.6361464235656813,-0.2026387446392105,0.663338236468536,0.6265986539930574,0.6279525583710946,0.6475994800021988,0.06670313695928698,-0.2026387446392105,H1,"H1,H2,OOS,DD,CAGR"
A,SMALL,SMALLk40d01,SMALL,10.0,2W,0,0,True,4.743697970253386,0.051707455868689856,0.5509890680396811,-0.21065711334841153,0.5683279309280402,0.5472972655889066,0.5651685040276246,0.5507807582536101,0.05600671263036516,-0.21065711334841208,H1,"H1,H2,OOS,DD,CAGR"
A,SMALL,SMALLk40d01,SMALL,10.0,2W,0,1,False,4.751070062183912,0.05005003810590258,0.5371358288731792,-0.23592497363441522,0.5872466541350498,0.5070419464874277,0.533977347954915,0.5443376586680418,0.05485683325511559,-0.23592497363441445,H1,"H1,H2,OOS,DD,CAGR"
A,SMALL,SMALLk40d01,SMALL,10.0,2W,0,2,False,4.846704459372357,0.04883349050570707,0.5261632231051266,-0.23358510681091538,0.6146460991935916,0.46705502140834376,0.5026474652421369,0.5432823859578311,0.05480786168590601,-0.2335851068109146,H1,"H1,H2,OOS,DD,CAGR"
A,SMALL,SMALLk40d01,SMALL,10.0,2W,0,3,False,4.7099934621597725,0.053692363976908686,0.5693691027419238,-0.16088014986598564,0.5751366528694781,0.5750928120733413,0.3891974504769888,0.6603983699778285,0.0690505302550195,-0.1510689351567116,H1,"H1,H2,OOS,CAGR"
A,SMALL,SMALLk40d01,SMALL,10.0,2W,0,4,False,4.725315573104455,0.053313646026244,0.5692886439962209,-0.1663230654117822,0.5476380425431955,0.5948719538785968,0.39429481357141466,0.6584403472200301,0.06809211437728124,-0.16395097985270335,H1,"H1,H2,OOS,CAGR"
A,SMALL,SMALLk40d01,SMALL,10.0,2W,1,0,False,4.785377981478302,0.04988639299595343,0.5370892282255165,-0.18329798284805,0.5001400192015696,0.5739690713312755,0.376570837705296,0.6188457137594922,0.06352548921515844,-0.1705590968216557,H1,"H1,H2,OOS,CAGR"
A,SMALL,SMALLk40d01,SMALL,10.0,2W,1,1,False,4.747878058756586,0.04334779255591581,0.4747939692749203,-0.17841072893541143,0.44821055892793904,0.5029347712093366,0.3655214594133095,0.5317535455714213,0.05342914516012187,-0.1784107289354102,H1,"H1,H2,OOS,CAGR"
A,SMALL,SMALLk40d01,SMALL,10.0,2W,1,2,False,4.754517120219428,0.046293056983690795,0.5040119663119634,-0.1862015462188129,0.5193104039744195,0.5010260614273395,0.4324542050614431,0.5436131724403097,0.05467257069576004,-0.18620154621881224,H1,"H1,H2,OOS,CAGR"
A,SMALL,SMALLk40d01,SMALL,10.0,2W,1,3,False,4.7225991386585635,0.05754868470075647,0.6067126994629697,-0.20862426825909064,0.6505193088273262,0.584373401731259,0.5614596672504827,0.6354346295085059,0.06596430826877575,-0.2086242682590912,H1,"H1,H2,OOS,DD,CAGR"
A,SMALL,SMALLk40d01,SMALL,10.0,2W,1,4,False,4.691562455576138,0.05141926673860975,0.5476616572331408,-0.2070271407354557,0.6869936284635791,0.45226057238358713,0.6861309235627612,0.4886579677480789,0.04885068190268571,-0.2070271407354568,H1,"H1,H2,OOS,DD,CAGR"
A,SMALL,SMALLk40d01,SMALL,10.0,M,0,0,True,3.247591279051116,0.05928668921503455,0.6207037606176715,-0.19144787823836174,0.8418973090662897,0.46357372397485774,0.762013482974793,0.5621278946496869,0.05755980819386641,-0.19144787823836174,-,"H1,H2,OOS,CAGR"
A,SMALL,SMALLk40d01,SMALL,10.0,M,0,1,False,3.2579805486960893,0.06338143680133013,0.656683945919659,-0.19251923222793865,0.8411880404470168,0.5262475825623454,0.6750929775379475,0.6553470258650399,0.0685565827952399,-0.19251923222793987,-,"H1,H2,OOS,CAGR"
A,SMALL,SMALLk40d01,SMALL,10.0,M,0,2,False,3.2827067268153507,0.05497830765673184,0.5714084156375964,-0.19017818549222354,0.6654773580642578,0.5125266873183815,0.5080329527484896,0.6083852557204421,0.06439220452957906,-0.19017818549222254,H1,"H1,H2,OOS,CAGR"
A,SMALL,SMALLk40d01,SMALL,10.0,M,0,3,False,3.3690721142930733,0.06118583495750762,0.6204699017809845,-0.22949279881582607,0.8123465123651042,0.490629902360411,0.6993658391469235,0.5916928052998934,0.06306967818922371,-0.22949279881582618,-,"H1,H2,OOS,DD,CAGR"
A,SMALL,SMALLk40d01,SMALL,10.0,M,0,4,False,3.3496619632747353,0.05385737470201324,0.5545717403005365,-0.20248940806945115,0.6774925858796963,0.47161205498936654,0.5646037113716537,0.5561595712477799,0.05847922792283877,-0.20248940806945115,H1,"H1,H2,OOS,DD,CAGR"
A,SMALL,SMALLk40d01,SMALL,10.0,6W,0,0,True,2.718923883081424,0.03994241376837304,0.4211481280932786,-0.23913861670034364,0.5468213462508476,0.3355338102408992,0.46294524493114636,0.4071251042085381,0.04150236908045524,-0.2391386167003431,"H1,H2","H1,H2,OOS,DD,CAGR"
A,SMALL,SMALLk40d01,SMALL,10.0,6W,0,1,False,2.781312708607153,0.03990373362243105,0.4210386841896417,-0.2527275863399877,0.6494265773813478,0.2587460051785139,0.5321223227032811,0.3745842997595813,0.03750715070005639,-0.25272758633998615,"H1,H2","H1,H2,OOS,DD,CAGR"
A,SMALL,SMALLk40d01,SMALL,10.0,6W,0,2,False,2.697907521276661,0.041555032145723425,0.44040442735272606,-0.24092986842392905,0.6378110313746714,0.30439165649621086,0.4835650556631821,0.42638875256690323,0.043380900593592786,-0.24092986842392772,"H1,H2","H1,H2,OOS,DD,CAGR"
A,SMALL,SMALLk40d01,SMALL,10.0,6W,0,3,False,2.615266181879108,0.040431642402875445,0.4303968366203375,-0.2553399105123185,0.6781193914843006,0.26196698720934536,0.46629754808754376,0.4208532650575639,0.04290236462558927,-0.25533991051231864,"H1,H2","H1,H2,OOS,DD,CAGR"
A,SMALL,SMALLk40d01,SMALL,10.0,6W,0,4,False,2.6666331835975945,0.041533949738547626,0.4427978515671461,-0.2551867365462661,0.7033628279141871,0.259666621655768,0.5272892837750155,0.40978332492205005,0.041118380356754525,-0.2551867365462649,"H1,H2","H1,H2,OOS,DD,CAGR"
A,SMALL,SMALLk40d01,SMALL,10.0,6W,1,0,False,2.7037967431548178,0.04631116219068865,0.4860561215689947,-0.23896793657479753,0.7760904924562311,0.28220405446912433,0.5726439024505147,0.4527515775211976,0.04632605884793284,-0.23896793657479787,H2,"H1,H2,OOS,DD,CAGR"
A,SMALL,SMALLk40d01,SMALL,10.0,6W,1,1,False,2.640230543444013,0.035449122674232614,0.38619033138362724,-0.22723556673287504,0.5940798098578827,0.24311404980959783,0.368464144304848,0.3997356106756831,0.04003639443703455,-0.2272355667328746,"H1,H2","H1,H2,OOS,DD,CAGR"
A,SMALL,SMALLk40d01,SMALL,10.0,6W,1,2,False,2.608614851417195,0.033733478032111686,0.36743514867497246,-0.239476124242895,0.6235598894724936,0.19632996933811905,0.4082015075336621,0.35576582567827447,0.035364264238323395,-0.23947612424289577,"H1,H2","H1,H2,OOS,DD,CAGR"
A,SMALL,SMALLk40d01,SMALL,10.0,6W,1,3,False,2.61840985012667,0.036121335328181514,0.3882955109433515,-0.25418093777582973,0.72853490210009,0.16272829721659116,0.5139824017996077,0.3407880439888944,0.03373555893643898,-0.2541809377758315,"H1,H2","H1,H2,OOS,DD,CAGR"
A,SMALL,SMALLk40d01,SMALL,10.0,6W,1,4,False,2.6428938416471603,0.03472014506420029,0.3795841982280689,-0.24232858025497672,0.6746933499623332,0.17870904587248784,0.5421277168117067,0.3132648479090024,0.029904060067037053,-0.24232858025497728,"H1,H2","H1,H2,OOS,DD,CAGR"
A,SMALL,SMALLk40d01,SMALL,10.0,6W,2,0,False,2.72275771703485,0.04325127764790726,0.4639190701281165,-0.22528027984377996,0.6620801349294663,0.33149935059778135,0.46525677837249546,0.471005102953692,0.04818340707995716,-0.2252802798437813,"H1,H2","H1,H2,OOS,DD,CAGR"
A,SMALL,SMALLk40d01,SMALL,10.0,6W,2,1,False,2.67064519456421,0.05179926903323251,0.537494295555256,-0.2158656736803647,0.7154783988679237,0.42468520437445667,0.569494960941774,0.532450707455156,0.05626519735791491,-0.21586567368036458,H1,"H1,H2,OOS,DD,CAGR"
A,SMALL,SMALLk40d01,SMALL,10.0,6W,2,2,False,2.7638080039475743,0.05909912261853223,0.6124373510931295,-0.2082787735629934,0.6668857664524549,0.5846659236831058,0.5556161405648108,0.6470618755632931,0.0687097048467602,-0.2082787735629933,H1,"H1,H2,OOS,DD,CAGR"
A,SMALL,SMALLk40d01,SMALL,10.0,6W,2,3,False,2.8053289343858148,0.049812329639487674,0.5240262215214966,-0.1833473376880006,0.4460271843678869,0.5920158188605225,0.3304934906072173,0.6193494518585748,0.06592338837529943,-0.1833473376880006,H1,"H1,H2,OOS,CAGR"
A,SMALL,SMALLk40d01,SMALL,10.0,6W,2,4,False,2.8092524280248723,0.04731859155040863,0.5040162349839363,-0.16976249297739898,0.4254739586894367,0.5718440266058957,0.34908478086719935,0.5817212500783162,0.0608875060349483,-0.1697624929773971,H1,"H1,H2,OOS,CAGR"
A,SMALL,SMALLk40d01,SMALL,10.0,6W,3,0,False,2.750900777758506,0.04786273932952856,0.5080221989221404,-0.19292172236604765,0.30827527624579126,0.6642730587463765,0.24382564892783193,0.634933404673216,0.0674987309167121,-0.16403358725278694,H1,"H1,H2,OOS,CAGR"
A,SMALL,SMALLk40d01,SMALL,10.0,6W,3,1,False,2.7515122902891664,0.04936898868525175,0.5274870339707667,-0.195394539895691,0.39817963294447645,0.6332141614207188,0.41434386408104923,0.5866787279919965,0.060749484608810356,-0.19539453989569056,H1,"H1,H2,OOS,CAGR"
A,SMALL,SMALLk40d01,SMALL,10.0,6W,3,2,False,2.7351843033831424,0.05206204870784337,0.5538977725436378,-0.17508922274598793,0.4414995909992837,0.6477979146588796,0.5095750671737298,0.5817095545208525,0.059922073400889175,-0.1750892227459886,H1,"H1,H2,OOS,CAGR"
A,SMALL,SMALLk40d01,SMALL,10.0,6W,3,3,False,2.733323058685431,0.06349358352437684,0.6579519345989834,-0.17390022462253096,0.5307966342971502,0.7649682258196495,0.5957826270456692,0.6954965304356526,0.0737983616545046,-0.1739002246225302,H1,"H1,H2,OOS,CAGR"
A,SMALL,SMALLk40d01,SMALL,10.0,6W,3,4,False,2.6760794760751287,0.06527334173092192,0.6670643601926639,-0.19147125904836226,0.5816086229386831,0.74286612435055,0.6611430442248206,0.6778490201566204,0.07223951554839281,-0.1914712590483637,H1,"H1,H2,OOS,CAGR"
A,SMALL,SMALLk40d01,SMALL,10.0,6W,4,0,False,2.6559658173175738,0.07010501088610654,0.7159742873417143,-0.20048116660438242,0.5881379685477571,0.8250559000219866,0.6306748488973155,0.7643553346678201,0.08176310064276437,-0.20048116660438253,H1,"H1,H2,OOS,CAGR"
A,SMALL,SMALLk40d01,SMALL,10.0,6W,4,1,False,2.704593139533636,0.0641069921941908,0.6646435401632023,-0.2230232332999582,0.5951864881333706,0.7276547919800412,0.5923912805471424,0.7060678545345124,0.0740961349020619,-0.223023233299959,H1,"H1,H2,OOS,DD,CAGR"
A,SMALL,SMALLk40d01,SMALL,10.0,6W,4,2,False,2.7341574492476317,0.05622023866407555,0.5883994314627485,-0.20884079519898746,0.6079467975172875,0.5822495050103593,0.5471983546325142,0.6149560703562187,0.06424412744947983,-0.2088407951989879,H1,"H1,H2,OOS,DD,CAGR"
A,SMALL,SMALLk40d01,SMALL,10.0,6W,4,3,False,2.707818022271813,0.06402615242226029,0.6530924643866319,-0.2099748263652088,0.7896801543858988,0.5601500410911766,0.7034655929692711,0.6371460561774909,0.06761081415547365,-0.2099748263652086,-,"H1,H2,OOS,DD,CAGR"
A,SMALL,SMALLk40d01,SMALL,10.0,6W,4,4,False,2.718803410982453,0.05828627671201425,0.6031407648571474,-0.19777835645997965,0.7996627855707723,0.4588361493581333,0.7732785659708855,0.5282407809607121,0.05413504188895435,-0.19777835645998,-,"H1,H2,OOS,CAGR"
A,SMALL,SMALLk40d01,SMALL,10.0,6W,5,0,False,2.6989475702561903,0.05331709623848435,0.5469936876876755,-0.25805131525520364,0.6758965240867807,0.46183617536358335,0.6551237024563321,0.5040356466943243,0.052738032400102774,-0.25805131525520375,H1,"H1,H2,OOS,DD,CAGR"
A,SMALL,SMALLk40d01,SMALL,10.0,6W,5,1,False,2.7094651849037312,0.05456513743732683,0.548815536770669,-0.27088197417963045,0.6446742723714067,0.4916664177049526,0.6203723684406593,0.5236997408328049,0.05632489498090143,-0.27088197417963067,H1,"H1,H2,OOS,DD,CAGR"
A,SMALL,SMALLk40d01,SMALL,10.0,6W,5,2,False,2.7528078565797016,0.049687751479511766,0.51092424791898,-0.2523141679924289,0.6075534157186115,0.4517056806692689,0.5535977623165191,0.4984975835213462,0.05256854437066183,-0.2523141679924289,H1,"H1,H2,OOS,DD,CAGR"
A,SMALL,SMALLk40d01,SMALL,10.0,6W,5,3,False,2.7314353156035556,0.04518430206344837,0.4700200050568488,-0.2362140656819135,0.6302257643704521,0.3580704023482042,0.5191895453992507,0.4518825645776454,0.04653399029868899,-0.23621406568191217,"H1,H2","H1,H2,OOS,DD,CAGR"
A,SMALL,SMALLk40d01,SMALL,10.0,6W,5,4,False,2.7461376088825937,0.047171223690667174,0.48715414216293873,-0.2390434891463512,0.6781060115089129,0.3520247304263239,0.6047048412526524,0.437271945988511,0.04490680964119398,-0.2390434891463512,"H1,H2","H1,H2,OOS,DD,CAGR"
A,SMALL,SMALLk40d01,SMALL,10.0,Q,0,0,True,1.6843298395284256,0.036971237895916165,0.37415618693102803,-0.3020769894319393,0.5302214926765919,0.2789585899209673,0.41763188652937816,0.36335462340237207,0.03907342797973823,-0.3020769894319395,"H1,H2","H1,H2,OOS,DD,CAGR"
A,SMALL,SMALLk40d01,SMALL,10.0,Q,0,1,False,1.6483768878497695,0.03458845135389299,0.35891373477098176,-0.30174928814990587,0.4841277620666267,0.284832872949577,0.38810326029472214,0.3541041431698283,0.037280215102959424,-0.301749288149906,"H1,H2","H1,H2,OOS,DD,CAGR"
A,SMALL,SMALLk40d01,SMALL,10.0,Q,0,2,False,1.6772680225848622,0.03296491242316413,0.34715953988750514,-0.3158871976367956,0.5156910851605057,0.2492421262456242,0.3648913665962466,0.34904040212852694,0.03664879794741149,-0.3158871976367956,"H1,H2","H1,H2,OOS,DD,CAGR"
A,SMALL,SMALLk40d01,SMALL,10.0,Q,0,3,False,1.6077283450894648,0.04780452263601731,0.47368077122761604,-0.3163150482296283,0.6887376074540804,0.34528222686446475,0.5866783592799127,0.43673692026149596,0.04800343308513888,-0.3163150482296283,"H1,H2","H1,H2,OOS,DD,CAGR"
A,SMALL,SMALLk40d01,SMALL,10.0,Q,0,4,False,1.638136773777905,0.037751297355947955,0.3882201630279784,-0.3419225925294158,0.5298196250268045,0.3022618867333911,0.4119339730782512,0.3855675125926985,0.041001271527804306,-0.34192259252941526,"H1,H2","H1,H2,OOS,DD,CAGR"
A,SMALL,SMALLk40d02,SMALL,10.0,D,0,0,True,12.662259735823147,0.016412954372981403,0.21390756580533274,-0.22727874756342337,0.30779875693075814,0.14120645080654723,0.37829838594829623,0.13439908195139766,0.008685565482338342,-0.22727874756342237,"H1,H2","H1,H2,OOS,DD,CAGR"
A,SMALL,SMALLk40d02,SMALL,10.0,2D,0,0,True,9.329139612771124,0.017695939733130883,0.22604751887941107,-0.2188598954413522,0.321426771767315,0.15316743015217466,0.37235526054598056,0.1559819255746724,0.011042522955685419,-0.2188598954413501,"H1,H2","H1,H2,OOS,DD,CAGR"
A,SMALL,SMALLk40d02,SMALL,10.0,2D,1,0,False,9.273548656628193,0.019729604987009708,0.24647341355561958,-0.21391759608849326,0.43855728558369705,0.09473570881764382,0.5634902415595705,0.09117076546309716,0.004043469339908512,-0.21391759608849192,"H1,H2","H1,H2,OOS,DD,CAGR"
A,SMALL,SMALLk40d02,SMALL,10.0,W,0,0,True,6.271356523298448,0.02140977904914032,0.2623265190998317,-0.18446676172262233,0.3576557857841829,0.18966308363268988,0.4493278389952623,0.1722983798053847,0.012822897160944091,-0.184466761722623,"H1,H2","H1,H2,OOS,CAGR"
A,SMALL,SMALLk40d02,SMALL,10.0,W,0,1,False,6.228931796425369,0.018165380295973144,0.23008634782593354,-0.21569283681722584,0.3671174896739508,0.12285668171555471,0.43782261367154973,0.12867637150255018,0.00808700134762197,-0.21569283681722629,"H1,H2","H1,H2,OOS,DD,CAGR"
A,SMALL,SMALLk40d02,SMALL,10.0,W,0,2,False,6.297939077109332,0.026552927082739375,0.3093386711148912,-0.20968411785486407,0.3982600756417453,0.2407011066558882,0.45001205008661194,0.240775035193951,0.020455211809655482,-0.20968411785486385,"H1,H2","H1,H2,OOS,DD,CAGR"
A,SMALL,SMALLk40d02,SMALL,10.0,W,0,3,False,6.341587662320276,0.022933093154591466,0.27578621194376657,-0.18953500780720345,0.38537335195877853,0.19190095709714353,0.43537353583543076,0.19852557844855234,0.01574059803044059,-0.18953500780720345,"H1,H2","H1,H2,OOS,CAGR"
A,SMALL,SMALLk40d02,SMALL,10.0,W,0,4,False,6.288267447285621,0.025739026411112587,0.3028968024517218,-0.17570768153244787,0.3308901275431329,0.28428508296621463,0.4547472635061659,0.23060304973621087,0.01931389785300186,-0.17570768153244654,"H1,H2","H1,H2,OOS,CAGR"
A,SMALL,SMALLk40d02,SMALL,10.0,2W,0,0,True,4.568064661096817,0.03632251020551713,0.40356431476338955,-0.22374891363399552,0.47367191168220374,0.35330802448839593,0.5783008766370992,0.32117615738384114,0.029499509499733456,-0.22374891363399574,"H1,H2","H1,H2,OOS,DD,CAGR"
A,SMALL,SMALLk40d02,SMALL,10.0,2W,0,1,False,4.608872884658971,0.028378874617201566,0.32829486486533366,-0.232138578454679,0.4562298473970119,0.22829039882210894,0.5833694343815229,0.2021235231815906,0.016109975376120245,-0.232138578454678,"H1,H2","H1,H2,OOS,DD,CAGR"
A,SMALL,SMALLk40d02,SMALL,10.0,2W,0,2,False,4.575185538805542,0.029592368458662532,0.33931042390664673,-0.22297386234771766,0.444414166431415,0.2578825273750639,0.47976488425872127,0.2709945379045183,0.023743603605495878,-0.22297386234771732,"H1,H2","H1,H2,OOS,DD,CAGR"
A,SMALL,SMALLk40d02,SMALL,10.0,2W,0,3,False,4.506435000435885,0.0303317158014762,0.34354268971992535,-0.19912901721937082,0.44903431675745475,0.2629107996886209,0.535175863038989,0.25004355935812794,0.021631444303237712,-0.19912901721937026,"H1,H2","H1,H2,OOS,CAGR"
A,SMALL,SMALLk40d02,SMALL,10.0,2W,0,4,False,4.559983350674886,0.019381325226128565,0.23829141817422206,-0.19046595721198067,0.2735798121424815,0.21234326450664012,0.32346870228852576,0.19704645573879312,0.01574841168472818,-0.19046595721197757,"H1,H2","H1,H2,OOS,CAGR"
A,SMALL,SMALLk40d02,SMALL,10.0,2W,1,0,False,4.618697773588398,0.01094685523901906,0.15778198102550192,-0.22790580941294414,0.3116152654778501,0.03508062375243144,0.37404562711156586,0.050973091983847,-0.0004132392337903301,-0.22790580941294758,"H1,H2","H1,H2,OOS,DD,CAGR"
A,SMALL,SMALLk40d02,SMALL,10.0,2W,1,1,False,4.583010684950766,0.020428167112582996,0.24832391246273208,-0.22387336232210986,0.45851613310988404,0.0850560185127608,0.4732688929328845,0.14043349514034717,0.009467486757060328,-0.22387336232211041,"H1,H2","H1,H2,OOS,DD,CAGR"
A,SMALL,SMALLk40d02,SMALL,10.0,2W,1,2,False,4.6693837013564945,0.03097577468372603,0.34668022256844244,-0.23106283287124207,0.5067917945856334,0.22240181672891315,0.5388611712570965,0.25364855592070906,0.022258521187799474,-0.2310628328712424,"H1,H2","H1,H2,OOS,DD,CAGR"
A,SMALL,SMALLk40d02,SMALL,10.0,2W,1,3,False,4.6616161257897755,0.027481418057794027,0.31537060314153176,-0.22945050275973478,0.4266397225531739,0.23135553756694718,0.46668492401155126,0.2433772560020494,0.021026554994129754,-0.22945050275973367,"H1,H2","H1,H2,OOS,DD,CAGR"
A,SMALL,SMALLk40d02,SMALL,10.0,2W,1,4,False,4.642639669041079,0.03351480660992201,0.37505851921055444,-0.22369052056779615,0.5384394397654282,0.25130699190927225,0.6012690664848725,0.26803411594179166,0.02369117728368164,-0.22369052056779626,"H1,H2","H1,H2,OOS,DD,CAGR"
A,SMALL,SMALLk40d02,SMALL,10.0,M,0,0,True,3.266120802669943,0.03477031054857971,0.38169684743864407,-0.23196646015338052,0.4092943059105474,0.3628176433592044,0.5102484638368809,0.3208453473342817,0.029984608980459626,-0.2319664601533784,"H1,H2","H1,H2,OOS,DD,CAGR"
A,SMALL,SMALLk40d02,SMALL,10.0,M,0,1,False,3.22005343292352,0.03320906109180255,0.36614093113146096,-0.23239251705629593,0.37101152538711185,0.3664667338072009,0.5381732656395528,0.28599232314987033,0.026188472319860212,-0.22810209657844993,"H1,H2","H1,H2,OOS,DD,CAGR"
A,SMALL,SMALLk40d02,SMALL,10.0,M,0,2,False,3.2618745881725677,0.03559264898275338,0.3860116437629097,-0.28092319991431625,0.5498470229678843,0.2643349400418853,0.6400508924861508,0.26966958942249075,0.024562216382127522,-0.2809231999143159,"H1,H2","H1,H2,OOS,DD,CAGR"
A,SMALL,SMALLk40d02,SMALL,10.0,M,0,3,False,3.228753095138082,0.03630640094318616,0.3900459812073436,-0.27732681656591773,0.46912482890405616,0.3334631285283358,0.65959717540855,0.2642555379140404,0.024022032470955468,-0.27732681656591585,"H1,H2","H1,H2,OOS,DD,CAGR"
A,SMALL,SMALLk40d02,SMALL,10.0,M,0,4,False,3.258343316520409,0.028449074695534815,0.3173919505838901,-0.3399691961786252,0.4255705816763698,0.23807687732947713,0.5698422333895412,0.19737928212671202,0.01618989459025033,-0.339969196178625,"H1,H2","H1,H2,OOS,DD,CAGR"
A,SMALL,SMALLk40d02,SMALL,10.0,6W,0,0,True,2.4843929705785235,0.01593171812570171,0.19736161762020418,-0.3944939169706503,0.4744042639374848,-0.005639395391522099,0.5477396021585361,0.035829921760864324,-0.00315179533368537,-0.3944939169706504,"H1,H2,DD","H1,H2,OOS,DD,CAGR"
A,SMALL,SMALLk40d02,SMALL,10.0,6W,0,1,False,2.535202812482196,0.017144617523397576,0.20903495900914254,-0.3741822006252046,0.44727679405954535,0.03326206603366079,0.5381565444889903,0.056998810095888565,-0.00045901175059259725,-0.3741822006252047,"H1,H2,DD","H1,H2,OOS,DD,CAGR"
A,SMALL,SMALLk40d02,SMALL,10.0,6W,0,2,False,2.5179636312177434,0.014730389431093505,0.18742941212570663,-0.3690729624217429,0.4352013541293674,0.005136247232226238,0.4799381297570618,0.05271962998773453,-0.00100267886607186,-0.36907296242174303,"H1,H2,DD","H1,H2,OOS,DD,CAGR"
A,SMALL,SMALLk40d02,SMALL,10.0,6W,0,3,False,2.4419833649290177,0.020284135288185068,0.2376088287232327,-0.3520910768490164,0.5214318061291624,0.02302321210689681,0.5834952995119227,0.07802799928383665,0.0021274550174446016,-0.3520910768490165,"H1,H2","H1,H2,OOS,DD,CAGR"
A,SMALL,SMALLk40d02,SMALL,10.0,6W,0,4,False,2.4482297776434927,0.02077575909144347,0.2464374508374081,-0.29868527008458745,0.4556233361460463,0.08166056588958917,0.4059197506641715,0.17265132805129432,0.013357680473979228,-0.298685270084588,"H1,H2","H1,H2,OOS,DD,CAGR"
A,SMALL,SMALLk40d02,SMALL,10.0,6W,1,0,False,2.442241964901686,0.02100716884236742,0.2484045429693686,-0.30849972494021605,0.42329144015617115,0.11796614412810703,0.5236145315408366,0.12398826513015511,0.0076758593127514985,-0.30849972494021916,"H1,H2","H1,H2,OOS,DD,CAGR"
A,SMALL,SMALLk40d02,SMALL,10.0,6W,1,1,False,2.4980989815625088,0.018647467204436108,0.22383628156670288,-0.3419090315502856,0.491174024340166,0.031028391994686533,0.5827789144923693,0.06481426032371496,0.0005215137910905554,-0.3419090315502864,"H1,H2","H1,H2,OOS,DD,CAGR"
A,SMALL,SMALLk40d02,SMALL,10.0,6W,1,2,False,2.516449934418772,0.016979368832062303,0.20679746580771205,-0.4199597266437529,0.5212196470044808,-0.020363068949217918,0.6185168611264574,0.023383716446806223,-0.004743817867693734,-0.4199597266437527,"H1,H2,DD","H1,H2,OOS,DD,CAGR"
A,SMALL,SMALLk40d02,SMALL,10.0,6W,1,3,False,2.5080971896276925,0.021730156283709334,0.25574984462890654,-0.3070744505188425,0.48216717051038105,0.08431392888849674,0.5614590234600545,0.11499835515770053,0.006619828093995972,-0.3070744505188385,"H1,H2","H1,H2,OOS,DD,CAGR"
A,SMALL,SMALLk40d02,SMALL,10.0,6W,1,4,False,2.5385443875492424,0.027696847502175936,0.31194546630435477,-0.3051369712208605,0.5649305893007734,0.11519553763281354,0.6860041171464272,0.13438188364977066,0.00884983598810929,-0.30513697122086014,"H1,H2","H1,H2,OOS,DD,CAGR"
A,SMALL,SMALLk40d02,SMALL,10.0,6W,2,0,False,2.5266846770372173,0.02846200038187452,0.3233131890660268,-0.2428877742443064,0.5004773399709761,0.18810851191636327,0.6051328353450921,0.19163742366927483,0.015320625232093654,-0.24288777424430663,"H1,H2","H1,H2,OOS,DD,CAGR"
A,SMALL,SMALLk40d02,SMALL,10.0,6W,2,1,False,2.5886143388479654,0.02702524299423703,0.30803836816232133,-0.30257799333679924,0.5606856193377607,0.11279162182572793,0.7195549510468359,0.11157791611086423,0.006231951973508343,-0.3025779933367989,"H1,H2","H1,H2,OOS,DD,CAGR"
A,SMALL,SMALLk40d02,SMALL,10.0,6W,2,2,False,2.6403296858220915,0.025327298202624693,0.29061773262890306,-0.30370668886960606,0.5827751901426494,0.06744891791877358,0.753067162030048,0.07467592770023944,0.0019864367957918017,-0.3037066888696075,"H1,H2","H1,H2,OOS,DD,CAGR"
A,SMALL,SMALLk40d02,SMALL,10.0,6W,2,3,False,2.5975166949327266,0.023963638900001527,0.27838161090572006,-0.24718756496653138,0.40176684815556335,0.18852609184515506,0.555139801512733,0.1495300793084734,0.010596708765926222,-0.24718756496653127,"H1,H2","H1,H2,OOS,DD,CAGR"
A,SMALL,SMALLk40d02,SMALL,10.0,6W,2,4,False,2.6340981700733286,0.016835066652993058,0.21141900102230873,-0.2597703754353544,0.29349304257424524,0.15165479413452,0.36594377616926177,0.13882089713948273,0.009361309267978513,-0.25977037543535475,"H1,H2","H1,H2,OOS,DD,CAGR"
A,SMALL,SMALLk40d02,SMALL,10.0,6W,3,0,False,2.6062384559823584,0.018768479960389772,0.2303601722185338,-0.23396363441700174,0.2578801790738788,0.21100099411779996,0.3366161246312926,0.17822501631601412,0.013762204304113457,-0.23396363441700097,"H1,H2","H1,H2,OOS,DD,CAGR"
A,SMALL,SMALLk40d02,SMALL,10.0,6W,3,1,False,2.5974271348865585,0.01906149028993509,0.2342032425529877,-0.20940360710518235,0.2846021816065834,0.19712866888339955,0.3713915005282409,0.16720397819947927,0.012477620299332193,-0.20940360710518158,"H1,H2","H1,H2,OOS,DD,CAGR"
A,SMALL,SMALLk40d02,SMALL,10.0,6W,3,2,False,2.647962921886201,0.02494020969901589,0.2885618232150888,-0.2455562303436961,0.4963282834803563,0.12557416026367846,0.5718452479574052,0.14791242569489282,0.01032957832363568,-0.2455562303436961,"H1,H2","H1,H2,OOS,DD,CAGR"
A,SMALL,SMALLk40d02,SMALL,10.0,6W,3,3,False,2.7160400101650253,0.027390779271510457,0.30958076391578326,-0.26289902579720104,0.4553254874895243,0.19775079904438403,0.577934021374694,0.17611937180959752,0.013575773037693528,-0.26289902579719904,"H1,H2","H1,H2,OOS,DD,CAGR"
A,SMALL,SMALLk40d02,SMALL,10.0,6W,3,4,False,2.6593430350589404,0.032109817796330375,0.35744924387562765,-0.23419869061957332,0.44508870168637943,0.2927590530266869,0.5031802318824159,0.2864864200037643,0.025918734348763683,-0.234198690619574,"H1,H2","H1,H2,OOS,DD,CAGR"
A,SMALL,SMALLk40d02,SMALL,10.0,6W,4,0,False,2.576167779857353,0.038463820611399635,0.41619148682498164,-0.22462967689259838,0.4790152598611522,0.3707101949596782,0.5740790316562692,0.33898236664230513,0.03191403909607837,-0.22462967689259994,"H1,H2","H1,H2,OOS,DD,CAGR"
A,SMALL,SMALLk40d02,SMALL,10.0,6W,4,1,False,2.6022930869342034,0.03195668785937733,0.35583570675447074,-0.22868458751974485,0.4710123329584588,0.26341068057008465,0.4998028032085156,0.28282335525046226,0.025339228555177895,-0.2286845875197463,"H1,H2","H1,H2,OOS,DD,CAGR"
A,SMALL,SMALLk40d02,SMALL,10.0,6W,4,2,False,2.607639801609291,0.03603326556814701,0.39316344721433283,-0.25460521077228826,0.500740639450782,0.30979369509534443,0.4055952770826718,0.38883495686141145,0.03748684684702264,-0.25460521077228815,"H1,H2","H1,H2,OOS,DD,CAGR"
A,SMALL,SMALLk40d02,SMALL,10.0,6W,4,3,False,2.599473948929294,0.037572663674304785,0.39964362105522866,-0.24970374199150813,0.5359235827045905,0.29262697243147445,0.5216181908178777,0.33929333406564666,0.032567659385731584,-0.24970374199150747,"H1,H2","H1,H2,OOS,DD,CAGR"
A,SMALL,SMALLk40d02,SMALL,10.0,6W,4,4,False,2.545545600738223,0.02539494343846016,0.28622559080451765,-0.3178464455303709,0.5161760545942029,0.10817358129589207,0.48620653270036,0.1877602706063871,0.015142838011016346,-0.31784644553037167,"H1,H2","H1,H2,OOS,DD,CAGR"
A,SMALL,SMALLk40d02,SMALL,10.0,6W,5,0,False,2.5666671834172132,0.015251357651416608,0.19308422676732315,-0.3290564757051475,0.47738964994214717,-0.03767812727848078,0.3720084044373943,0.10179038866973543,0.005072877377453322,-0.3290564757051483,"H1,H2","H1,H2,OOS,DD,CAGR"
A,SMALL,SMALLk40d02,SMALL,10.0,6W,5,1,False,2.56633533767985,0.008758234622796124,0.13429171707287635,-0.36119224729718935,0.4770276099629301,-0.13185372395989667,0.4112664692791348,-0.0029191891407037806,-0.0074434311475146675,-0.36119224729718946,"H1,H2","H1,H2,OOS,DD,CAGR"
A,SMALL,SMALLk40d02,SMALL,10.0,6W,5,2,False,2.599088095209397,0.011867457904103818,0.16173463127587076,-0.3661468818418572,0.4326687611319446,-0.048307688543157076,0.3904760747448713,0.049555592117153574,-0.0012731113728788879,-0.36614688184185806,"H1,H2,DD","H1,H2,OOS,DD,CAGR"
A,SMALL,SMALLk40d02,SMALL,10.0,6W,5,3,False,2.595285234472916,0.02019242866259474,0.23510664734280765,-0.36828081297670145,0.4648015627218649,0.06351727326434811,0.45345114225506833,0.13235062573197864,0.008706793273201674,-0.36828081297669857,"H1,H2,DD","H1,H2,OOS,DD,CAGR"
A,SMALL,SMALLk40d02,SMALL,10.0,6W,5,4,False,2.6129458981530194,0.015811681176060244,0.19558773603617324,-0.39189924767190865,0.4802772039596255,-0.009980704521029468,0.5113542581510434,0.052209755812770174,-0.001250681668164888,-0.39189924767190976,"H1,H2,DD","H1,H2,OOS,DD,CAGR"
A,SMALL,SMALLk40d02,SMALL,10.0,Q,0,0,True,1.6044698221331617,-0.00683647953103772,0.002592630542208398,-0.45347732929204443,0.011972633831507025,-0.004098616099121686,0.048701396898993256,-0.018219351754987664,-0.01105804192006088,-0.4534773292920451,"H1,H2,DD","H1,H2,OOS,DD,CAGR"
A,SMALL,SMALLk40d02,SMALL,10.0,Q,0,1,False,1.6079261451478497,-0.007217413597057631,-0.0025587230893116104,-0.466549651232151,0.009909451040422582,-0.011583927235489644,0.11501446906576188,-0.05600651706006582,-0.015552654536604704,-0.46365132812433907,"H1,H2,DD","H1,H2,OOS,DD,CAGR"
A,SMALL,SMALLk40d02,SMALL,10.0,Q,0,2,False,1.5877339488835172,0.007985600015891992,0.1267579025105521,-0.4268750595640918,0.2919039775702145,0.011785377740319585,0.17806863745583035,0.1066293184398937,0.005364188685018201,-0.42687505956409366,"H1,H2,DD","H1,H2,OOS,DD,CAGR"
A,SMALL,SMALLk40d02,SMALL,10.0,Q,0,3,False,1.6031564295883913,0.015025128289192446,0.1870356055720141,-0.4081627421424655,0.3315850645531184,0.08290565412161958,0.28087440681652565,0.1476668328438154,0.010724571213678757,-0.4081627421424663,"H1,H2,DD","H1,H2,OOS,DD,CAGR"
A,SMALL,SMALLk40d02,SMALL,10.0,Q,0,4,False,1.5691915459694452,0.012956155598109254,0.17000325267624208,-0.41318985946318165,0.3662057073328651,0.023419498382069946,0.3165423304262289,0.10443612786587987,0.005215861194183269,-0.4131898594631812,"H1,H2,DD","H1,H2,OOS,DD,CAGR"
A,SMALL,SMALLk40d03,SMALL,10.0,D,0,0,True,13.677584140103875,-0.004616328245966028,0.008561220778865793,-0.3563481314060496,0.11119389508337252,-0.07504052539494242,0.15793744913675106,-0.06759428051508003,-0.01377157152652908,-0.3563481314060505,"H1,H2","H1,H2,OOS,DD,CAGR"
A,SMALL,SMALLk40d03,SMALL,10.0,2D,0,0,True,9.967860769960438,7.407860991071047e-05,0.05339914887338308,-0.3293698357304047,0.17690173441277118,-0.04703622339462345,0.21089045914236723,-0.027098253593009422,-0.009289007474221456,-0.329369835730405,"H1,H2","H1,H2,OOS,DD,CAGR"
A,SMALL,SMALLk40d03,SMALL,10.0,2D,1,0,False,9.969730488636587,0.011518151650761421,0.16119795049731642,-0.3464683725848735,0.3676614455824827,-0.007043471363027414,0.40613749402133287,0.0365375706973039,-0.002226103784592315,-0.3464683725848735,"H1,H2","H1,H2,OOS,DD,CAGR"
A,SMALL,SMALLk40d03,SMALL,10.0,W,0,0,True,6.554218434911605,0.00506685708007959,0.10071037436528282,-0.30417048926743784,0.3429217227400454,-0.09539150969136635,0.3690128079566175,-0.03573423719760905,-0.010365598360566941,-0.3041704892674376,"H1,H2","H1,H2,OOS,DD,CAGR"
A,SMALL,SMALLk40d03,SMALL,10.0,W,0,1,False,6.735359615850739,0.007480585047028976,0.12333948235741497,-0.31936108562178533,0.3302650325145835,-0.044685767844000066,0.34222528305917427,0.011768411468562421,-0.0050350635939246935,-0.3193610856217892,"H1,H2","H1,H2,OOS,DD,CAGR"
A,SMALL,SMALLk40d03,SMALL,10.0,W,0,2,False,6.706539315644672,0.00628627253119407,0.11213375258367873,-0.34288319468382533,0.2622554832755512,-0.012551283035910627,0.31547602146809794,0.006051284130570732,-0.005658684757419485,-0.34288319468382744,"H1,H2","H1,H2,OOS,DD,CAGR"
A,SMALL,SMALLk40d03,SMALL,10.0,W,0,3,False,6.620452864595386,0.00669734472925354,0.11601428655748576,-0.3357508483950793,0.2734819829189154,-0.013728283433727959,0.2827979295811665,0.029994618657888657,-0.0029384556124670835,-0.3357508483950782,"H1,H2","H1,H2,OOS,DD,CAGR"
A,SMALL,SMALLk40d03,SMALL,10.0,W,0,4,False,6.640880372625065,0.0021017362061623857,0.0728399543038045,-0.33069136537617905,0.23674578744825509,-0.06305436819080111,0.2348037671401976,-0.011572611256918598,-0.007561086245186366,-0.33069136537617627,"H1,H2","H1,H2,OOS,DD,CAGR"
A,SMALL,SMALLk40d03,SMALL,10.0,2W,0,0,True,4.863289855785025,-0.002339010020110055,0.03232427914951717,-0.3293054291642389,0.29159035581944576,-0.17892378630041625,0.3230116477761811,-0.11686378049645695,-0.01983459989898284,-0.329305429164239,"H1,H2","H1,H2,OOS,DD,CAGR"
A,SMALL,SMALLk40d03,SMALL,10.0,2W,0,1,False,4.988353189612087,-0.0012503106164933886,0.04300532568511444,-0.3453923374740583,0.3231494291416639,-0.18198666047027692,0.3263860946270206,-0.10152667430834623,-0.018364895362895206,-0.3453923374740574,"H1,H2","H1,H2,OOS,DD,CAGR"
A,SMALL,SMALLk40d03,SMALL,10.0,2W,0,2,False,5.05355642265027,0.0014287155116476935,0.0675672457855977,-0.3316845684139499,0.21820097836852473,-0.05288513553993224,0.21440011002718698,-0.00742377111335969,-0.007549207942261549,-0.3316845684139492,"H1,H2","H1,H2,OOS,DD,CAGR"
A,SMALL,SMALLk40d03,SMALL,10.0,2W,0,3,False,4.8708832229218615,0.003870676263894701,0.08975648288383824,-0.31491348934657803,0.30134366130061674,-0.08334198685200449,0.28332634672745927,-0.0102955395706512,-0.007675665764781181,-0.3149134893465808,"H1,H2","H1,H2,OOS,DD,CAGR"
A,SMALL,SMALLk40d03,SMALL,10.0,2W,0,4,False,4.8492793979286315,0.004436302475530507,0.09484446523605618,-0.3171929825081353,0.2562155522522313,-0.0394825040255616,0.22414007277593173,0.027028192021353616,-0.0032619524295703917,-0.31719298250813455,"H1,H2","H1,H2,OOS,DD,CAGR"
A,SMALL,SMALLk40d03,SMALL,10.0,2W,1,0,False,4.8210186472473975,0.001634058670434202,0.06819703641233932,-0.3078616996309369,0.31701044702367276,-0.1373439802514082,0.28373725174260056,-0.04374563225051958,-0.011056203688918687,-0.3078616996309371,"H1,H2","H1,H2,OOS,DD,CAGR"
A,SMALL,SMALLk40d03,SMALL,10.0,2W,1,1,False,4.787647611509678,0.0028294006581790487,0.07942827820876312,-0.31474981724063844,0.2947085112430493,-0.09969098975062292,0.30554243397293035,-0.03820267261139675,-0.010372261810395633,-0.314749817240639,"H1,H2","H1,H2,OOS,DD,CAGR"
A,SMALL,SMALLk40d03,SMALL,10.0,2W,1,2,False,4.801471517268968,0.003682059616180622,0.08753074536599256,-0.34120174509351364,0.34219774119155716,-0.12659706993228034,0.37701337824039005,-0.062268634524367705,-0.013051900301092378,-0.34120174509351353,"H1,H2","H1,H2,OOS,DD,CAGR"
A,SMALL,SMALLk40d03,SMALL,10.0,2W,1,3,False,4.844470054919117,0.0021436768599760736,0.07308789302981149,-0.37112248444146123,0.35939381428574485,-0.15978583235153154,0.4033569244533725,-0.09328558556609477,-0.016764666334514455,-0.37112248444146023,"H1,H2,DD","H1,H2,OOS,DD,CAGR"
A,SMALL,SMALLk40d03,SMALL,10.0,2W,1,4,False,4.828782863288574,-0.0030656647394300407,0.02500062970426105,-0.35947031668368934,0.2705868838914444,-0.17697861643783055,0.2785900091471264,-0.10672130016529596,-0.018428608030618077,-0.359470316683687,"H1,H2","H1,H2,OOS,DD,CAGR"
A,SMALL,SMALLk40d03,SMALL,10.0,M,0,0,True,3.3215613605521783,0.012020039304102781,0.164054370789503,-0.2895656762289096,0.5175264522585691,-0.12441843660184287,0.5329095112639846,-0.023219829283143787,-0.009445036951504893,-0.2895656762289087,"H1,H2","H1,H2,OOS,DD,CAGR"
A,SMALL,SMALLk40d03,SMALL,10.0,M,0,1,False,3.3370421392309892,0.013223390891887954,0.17513628612254034,-0.309042488669644,0.5922965715373626,-0.1590171989752294,0.6272294347882861,-0.05070541485101091,-0.012637227442349408,-0.30904248866964346,"H1,H2","H1,H2,OOS,DD,CAGR"
A,SMALL,SMALLk40d03,SMALL,10.0,M,0,2,False,3.3959795150978223,0.00994615504204499,0.14542506297102484,-0.30700240782166766,0.4740629641226348,-0.11581091556454426,0.5034372356076148,-0.03562674995456372,-0.010817371988006919,-0.3070024078216671,"H1,H2","H1,H2,OOS,DD,CAGR"
A,SMALL,SMALLk40d03,SMALL,10.0,M,0,3,False,3.33544362677479,0.0017143762936595586,0.07061178781527418,-0.3326599211567782,0.40021354578844465,-0.1948708235648952,0.4392485545990242,-0.11761058014513902,-0.020444699584973525,-0.3326599211567781,"H1,H2","H1,H2,OOS,DD,CAGR"
A,SMALL,SMALLk40d03,SMALL,10.0,M,0,4,False,3.361420301215234,0.0032602664006784465,0.08507647982429292,-0.32600574272070804,0.39581263661077964,-0.16235088979988854,0.4027036653309068,-0.07668559331309317,-0.016111969085707223,-0.32600574272071037,"H1,H2","H1,H2,OOS,DD,CAGR"
A,SMALL,SMALLk40d03,SMALL,10.0,6W,0,0,True,2.709205076925717,0.0030758075254124773,0.083341357894774,-0.29876937694383854,0.3033641736936823,-0.09040007399323736,0.2829775185581931,-0.016332173721104862,-0.009039087084059871,-0.2987693769438393,"H1,H2","H1,H2,OOS,DD,CAGR"
A,SMALL,SMALLk40d03,SMALL,10.0,6W,0,1,False,2.7338623950335177,-0.0031622297081566053,0.027768952349980062,-0.3390842281466786,0.29552286937803757,-0.18568978586794158,0.2716923408818548,-0.0957445183815449,-0.01844850240240392,-0.33908422814667805,"H1,H2","H1,H2,OOS,DD,CAGR"
A,SMALL,SMALLk40d03,SMALL,10.0,6W,0,2,False,2.7794458463330787,-0.014042754443868377,-0.07136024184747784,-0.4105380423725844,0.25563639392442494,-0.3305960906501749,0.25291344900878193,-0.2358398717453757,-0.03455025353378127,-0.4105380423725832,"H1,H2,DD","H1,H2,OOS,DD,CAGR"
A,SMALL,SMALLk40d03,SMALL,10.0,6W,0,3,False,2.6279886442431257,0.002170040931144479,0.07510863007212545,-0.3887532905701706,0.4754206248349513,-0.24354037921168958,0.46543215699797164,-0.11876225060068413,-0.021049227392883507,-0.38875329057017105,"H1,H2,DD","H1,H2,OOS,DD,CAGR"
A,SMALL,SMALLk40d03,SMALL,10.0,6W,0,4,False,2.649132954700156,-0.003943971437107341,0.017795697831274153,-0.4141394485917046,0.5476745960362803,-0.41170829383456786,0.5375509897945993,-0.24501462166740307,-0.034499967903556805,-0.41413944859170493,"H1,H2,DD","H1,H2,OOS,DD,CAGR"
A,SMALL,SMALLk40d03,SMALL,10.0,6W,1,0,False,2.654847793433345,-0.0021710336952346365,0.03401491205118989,-0.39255920494396856,0.5752744549536177,-0.4038408660748494,0.5595943818802676,-0.22981958060102342,-0.03278069474233569,-0.39255920494396457,"H1,H2,DD","H1,H2,OOS,DD,CAGR"
A,SMALL,SMALLk40d03,SMALL,10.0,6W,1,1,False,2.6873023540045886,0.0017620312192991872,0.07067176341341337,-0.34971065904971965,0.5044326502349886,-0.28686094674331103,0.40951240709354625,-0.10489626933568924,-0.01860888997845367,-0.3497106590497231,"H1,H2","H1,H2,OOS,DD,CAGR"
A,SMALL,SMALLk40d03,SMALL,10.0,6W,1,2,False,2.728915163963849,-0.003771641216584576,0.020904106466381932,-0.39540669280547536,0.37822499761027817,-0.26760627468561066,0.31460501108563593,-0.12939514283773024,-0.021855793596518236,-0.3954066928054746,"H1,H2,DD","H1,H2,OOS,DD,CAGR"
A,SMALL,SMALLk40d03,SMALL,10.0,6W,1,3,False,2.690675419309763,-0.0028128337746153864,0.02846848604444373,-0.3912090598782544,0.4032411315798597,-0.2714614058126798,0.3949459806487324,-0.15678497293153557,-0.024663468585417014,-0.3912090598782565,"H1,H2,DD","H1,H2,OOS,DD,CAGR"
A,SMALL,SMALLk40d03,SMALL,10.0,6W,1,4,False,2.7164300495149516,-0.0032201702271269506,0.026603566729661018,-0.373041715271309,0.3324699935526656,-0.2186249550712773,0.26919229075125395,-0.09744906147793499,-0.018386828692942503,-0.37304171527130703,"H1,H2,DD","H1,H2,OOS,DD,CAGR"
A,SMALL,SMALLk40d03,SMALL,10.0,6W,2,0,False,2.7172387185776636,0.0004922576775083787,0.059420014586685214,-0.3179988441465753,0.28095146645337044,-0.11666846374996953,0.19206737416852904,-0.006132743768458354,-0.007652454242796369,-0.3179988441465763,"H1,H2","H1,H2,OOS,DD,CAGR"
A,SMALL,SMALLk40d03,SMALL,10.0,6W,2,1,False,2.7908982992217406,-0.00027205124205609277,0.05384042030918841,-0.30629120168166946,0.2491086323685365,-0.09476847921875835,0.16289119620399814,0.0015524015309136224,-0.007195094337754893,-0.3062912016816651,"H1,H2","H1,H2,OOS,DD,CAGR"
A,SMALL,SMALLk40d03,SMALL,10.0,6W,2,2,False,2.842554679890868,0.006673315587495843,0.1155002966854846,-0.28274596880971214,0.17861189288736856,0.06669320856001801,0.16202460889569215,0.09317255379310145,0.004032938117037643,-0.28274596880971237,"H1,H2","H1,H2,OOS,DD,CAGR"
A,SMALL,SMALLk40d03,SMALL,10.0,6W,2,3,False,2.784645535408772,-0.0009668117942146504,0.04586367343440125,-0.25108200796696634,0.07931772243841614,0.019639808299980795,0.05023382800651598,0.04398140473796105,-0.0017081475618322406,-0.25108200796696645,"H1,H2","H1,H2,OOS,DD,CAGR"
A,SMALL,SMALLk40d03,SMALL,10.0,6W,2,4,False,2.7955137050340872,-0.006803604213472592,-0.010247096193847418,-0.27806663684808064,0.045923136619650674,-0.05576995998735215,-0.018759030500077285,-0.005981315315695841,-0.007187573141678616,-0.27806663684808,"H1,H2","H1,H2,OOS,DD,CAGR"
A,SMALL,SMALLk40d03,SMALL,10.0,6W,3,0,False,2.7660968313348873,-0.00397101622947893,0.01607141269596166,-0.27976455956457424,0.08168652241667161,-0.036894904876416654,0.04285106566654737,0.0024905465867832706,-0.006168650839868506,-0.2797645595645748,"H1,H2","H1,H2,OOS,DD,CAGR"
A,SMALL,SMALLk40d03,SMALL,10.0,6W,3,1,False,2.7824571037186896,0.0031928469493984757,0.08337115931700892,-0.26699876879529993,0.16504168277601067,0.01691069579250106,0.14553915442589946,0.05165860521752147,-0.0006009253542175186,-0.26699876879530215,"H1,H2","H1,H2,OOS,DD,CAGR"
A,SMALL,SMALLk40d03,SMALL,10.0,6W,3,2,False,2.7210182861566614,0.008979799444097214,0.13709889692686386,-0.2614829791945449,0.2962958974511581,0.0028410573030185765,0.27059305332223466,0.06843511272799346,0.0013284612453319244,-0.2614829791945473,"H1,H2","H1,H2,OOS,DD,CAGR"
A,SMALL,SMALLk40d03,SMALL,10.0,6W,3,3,False,2.773892215474267,0.0006780904127898779,0.05973424667434044,-0.2648970235419795,0.13894734329435807,-0.006377587076114066,0.1157259226158026,0.030998888254538406,-0.0028992076294100944,-0.2648970235419761,"H1,H2","H1,H2,OOS,DD,CAGR"
A,SMALL,SMALLk40d03,SMALL,10.0,6W,3,4,False,2.688508753434829,0.01085644326193691,0.1547917173990469,-0.23951720827219458,0.2687424292021942,0.05780820456073435,0.27267497696100096,0.09267500931456153,0.004117014219662707,-0.23951720827219358,"H1,H2","H1,H2,OOS,DD,CAGR"
A,SMALL,SMALLk40d03,SMALL,10.0,6W,4,0,False,2.6706651636589824,0.015191266833487704,0.19352639288868945,-0.23584060621552594,0.30160793294742744,0.10457995598128171,0.32741004965517956,0.12427632568224448,0.007704936274452345,-0.2358406062155266,"H1,H2","H1,H2,OOS,DD,CAGR"
A,SMALL,SMALLk40d03,SMALL,10.0,6W,4,1,False,2.6868734841930193,0.007963427195319284,0.12725247676335147,-0.2493178494521685,0.2650103687186211,0.013403056313655575,0.27739789830949685,0.048784394174862855,-0.0010430929964008184,-0.24931784945216906,"H1,H2","H1,H2,OOS,DD,CAGR"
A,SMALL,SMALLk40d03,SMALL,10.0,6W,4,2,False,2.7247837010808325,0.00869815756118908,0.1335276428714579,-0.2393499859600896,0.28112297594047586,0.013140350073415113,0.27840579211618277,0.058308473194556606,-6.41903613849415e-05,-0.2393499859600916,"H1,H2","H1,H2,OOS,DD,CAGR"
A,SMALL,SMALLk40d03,SMALL,10.0,6W,4,3,False,2.6980377585205,0.005709421389736402,0.10681866794123997,-0.2674989597013713,0.2714044661491078,-0.027599970405120383,0.28424810614570445,0.015373939286976852,-0.005030388077612247,-0.2674989597013684,"H1,H2","H1,H2,OOS,DD,CAGR"
A,SMALL,SMALLk40d03,SMALL,10.0,6W,4,4,False,2.696175745050771,0.006711106600572725,0.11586835341453237,-0.26843451860835754,0.3204312824671228,-0.05137016354537261,0.3476620932477507,-0.0029568747997880114,-0.007217448897748224,-0.26843451860835876,"H1,H2","H1,H2,OOS,DD,CAGR"
A,SMALL,SMALLk40d03,SMALL,10.0,6W,5,0,False,2.675669618095025,0.003254427624337586,0.08475618362604899,-0.2933554054349281,0.32648861557789144,-0.10834546461101012,0.3101891745094609,-0.028556776982067468,-0.01031921783766876,-0.29335540543492944,"H1,H2","H1,H2,OOS,DD,CAGR"
A,SMALL,SMALLk40d03,SMALL,10.0,6W,5,1,False,2.6678380669966053,0.005410068798774148,0.10411748603003675,-0.2965582765570237,0.29674822080671676,-0.052597048032070576,0.3418737505531396,-0.018479710993291897,-0.008874740271072712,-0.29655827655702216,"H1,H2","H1,H2,OOS,DD,CAGR"
A,SMALL,SMALLk40d03,SMALL,10.0,6W,5,2,False,2.6246795923331936,0.004740352385819824,0.09802205608554607,-0.29389146193611815,0.3304206153142051,-0.09112596032573611,0.34026771182869603,-0.02482506828658703,-0.009689750397580355,-0.2938914619361186,"H1,H2","H1,H2,OOS,DD,CAGR"
A,SMALL,SMALLk40d03,SMALL,10.0,6W,5,3,False,2.6924054626721166,0.00547370947476522,0.10472833589659342,-0.30070219603199033,0.34476784613867273,-0.08799646977985084,0.3021267951977806,0.005280670067728692,-0.006345796037466878,-0.30070219603198967,"H1,H2","H1,H2,OOS,DD,CAGR"
A,SMALL,SMALLk40d03,SMALL,10.0,6W,5,4,False,2.7121871770804096,0.006388469136535235,0.11295847250042189,-0.30103141974114267,0.32016095200865474,-0.05212077272396273,0.2612394849052951,0.03780142513678617,-0.0024958178043256174,-0.30103141974114367,"H1,H2","H1,H2,OOS,DD,CAGR"
A,SMALL,SMALLk40d03,SMALL,10.0,Q,0,0,True,1.6225949451637929,0.004978746335759787,0.10112021525376523,-0.33254729853268383,0.38575556625311996,-0.12148332469071978,0.2989105079564114,0.004348899450306086,-0.007397235373627131,-0.33254729853268394,"H1,H2","H1,H2,OOS,DD,CAGR"
A,SMALL,SMALLk40d03,SMALL,10.0,Q,0,1,False,1.6782849353375846,0.004134782884799293,0.0935568074533584,-0.3387341581804574,0.3217690298110439,-0.08467308666911649,0.28094818743419503,0.0010477058244792211,-0.007510593249220099,-0.3387341581804574,"H1,H2","H1,H2,OOS,DD,CAGR"
A,SMALL,SMALLk40d03,SMALL,10.0,Q,0,2,False,1.68551152793866,0.005540606895953593,0.10543752187558807,-0.2719751846721504,0.2844186176868251,-0.03756583422830905,0.19280626973516424,0.0617761824001746,0.00023522683230936536,-0.2719751846721489,"H1,H2","H1,H2,OOS,DD,CAGR"
A,SMALL,SMALLk40d03,SMALL,10.0,Q,0,3,False,1.683822571240823,0.013254131550798798,0.17451725826465173,-0.28866553361305725,0.38317251425465687,0.012535456248603099,0.35170725486167687,0.09015750195495656,0.0036227571993885377,-0.28866553361305736,"H1,H2","H1,H2,OOS,DD,CAGR"
A,SMALL,SMALLk40d03,SMALL,10.0,Q,0,4,False,1.647289850795384,0.016184314172361214,0.20034132125546267,-0.27692393059136533,0.31641416509800535,0.10941820952831542,0.24402106222026704,0.179625868109216,0.014364375424384734,-0.2769239305913649,"H1,H2","H1,H2,OOS,DD,CAGR"
A,SMALL,SMALLk40d04,SMALL,10.0,D,0,0,True,12.786250113949663,0.026280684895659157,0.30774077053362425,-0.20924726548971762,0.4841620192260119,0.16105796821523108,0.56158276438167,0.17349719788649312,0.012863483420077593,-0.20924726548971584,"H1,H2","H1,H2,OOS,DD,CAGR"
A,SMALL,SMALLk40d04,SMALL,10.0,2D,0,0,True,9.488031084423222,0.023716559678595095,0.2831572708349313,-0.2118492906776127,0.48097536208196345,0.11681647877204622,0.5720626593552439,0.12865208504744025,0.008044882809556952,-0.2118492906776106,"H1,H2","H1,H2,OOS,DD,CAGR"
A,SMALL,SMALLk40d04,SMALL,10.0,2D,1,0,False,9.349650644224303,0.03628408406505601,0.4023901293166016,-0.19404352973099093,0.6124824562174981,0.22934342538904967,0.7344669864948222,0.229846185318515,0.01907190061440578,-0.1940435297309916,"H1,H2","H1,H2,OOS,CAGR"
A,SMALL,SMALLk40d04,SMALL,10.0,W,0,0,True,6.438645093246706,0.036975614552658964,0.406951220764731,-0.1915649673666927,0.5662138583909456,0.2765635529911505,0.6631773896504471,0.2731141042693382,0.023889467433987344,-0.19156496736669282,"H1,H2","H1,H2,OOS,CAGR"
A,SMALL,SMALLk40d04,SMALL,10.0,W,0,1,False,6.488723556225471,0.03510003773085013,0.3901922695076227,-0.19330398521802572,0.4804081615231963,0.3158730183569862,0.624246233044502,0.26591728118840025,0.02295674990521146,-0.19330398521802572,"H1,H2","H1,H2,OOS,CAGR"
A,SMALL,SMALLk40d04,SMALL,10.0,W,0,2,False,6.365350861215922,0.030857179889446584,0.34773019176647185,-0.19150312110960843,0.5149979761013252,0.20612259227480206,0.6526708382910537,0.18435729220881925,0.014140539961484233,-0.19150312110960777,"H1,H2","H1,H2,OOS,CAGR"
A,SMALL,SMALLk40d04,SMALL,10.0,W,0,3,False,6.544920720345072,0.03412671362146602,0.37887071267268296,-0.23048770912055627,0.5419969735363215,0.2424420048763551,0.6466635605085265,0.2369641715806277,0.019918776225208656,-0.23048770912055605,"H1,H2","H1,H2,OOS,DD,CAGR"
A,SMALL,SMALLk40d04,SMALL,10.0,W,0,4,False,6.3467757044394535,0.036878901528131,0.40617059500142333,-0.18859489920165085,0.594098569491017,0.25034436058484844,0.7269881929703428,0.23800928775175317,0.020015337790908694,-0.1885948992016505,"H1,H2","H1,H2,OOS,CAGR"
A,SMALL,SMALLk40d04,SMALL,10.0,2W,0,0,True,4.692047983341535,0.04034137373852942,0.43089502926424206,-0.21245395106588305,0.5946321012324964,0.2946634777796845,0.7147068357717681,0.2800920296469259,0.02502247050255857,-0.21245395106588227,"H1,H2","H1,H2,OOS,DD,CAGR"
A,SMALL,SMALLk40d04,SMALL,10.0,2W,0,1,False,4.725391218554343,0.04505986499732151,0.4763168276458672,-0.2271729600499628,0.5752186826224253,0.3942496275510331,0.7038883586326181,0.3548269758361743,0.033245515561478145,-0.22717296004996046,"H1,H2","H1,H2,OOS,DD,CAGR"
A,SMALL,SMALLk40d04,SMALL,10.0,2W,0,2,False,4.794850640218448,0.032487028661816186,0.3604948898743766,-0.20725393413632232,0.5478440455788556,0.20384875644427175,0.6497509690361819,0.20782977250756512,0.016860424832273013,-0.20725393413632098,"H1,H2","H1,H2,OOS,DD,CAGR"
A,SMALL,SMALLk40d04,SMALL,10.0,2W,0,3,False,4.735191108541745,0.02822254027723914,0.3201751763347102,-0.19698306951577493,0.5056765392642171,0.16748672185614677,0.5988420817662392,0.17471539226639218,0.013230719563698923,-0.19698306951577382,"H1,H2","H1,H2,OOS,CAGR"
A,SMALL,SMALLk40d04,SMALL,10.0,2W,0,4,False,4.67051895814218,0.02993072181435008,0.3367868912088596,-0.2057957143126904,0.382140239380044,0.300286140012265,0.41963945188908475,0.29346514651638245,0.02633665939698604,-0.19696492259246878,"H1,H2","H1,H2,OOS,DD,CAGR"
A,SMALL,SMALLk40d04,SMALL,10.0,2W,1,0,False,4.7420010710462215,0.0313885234972906,0.35313222149689394,-0.21241842940631206,0.4259533330758933,0.29439639424283354,0.4678398584966113,0.2934060678527763,0.026159847342638765,-0.21241842940631284,"H1,H2","H1,H2,OOS,DD,CAGR"
A,SMALL,SMALLk40d04,SMALL,10.0,2W,1,1,False,4.739138789005112,0.03286304624384817,0.3671448304637967,-0.17940730467574106,0.43818662470886793,0.3088929337805539,0.4960663345803971,0.29847594486718976,0.026605112471228987,-0.17130227841522394,"H1,H2","H1,H2,OOS,CAGR"
A,SMALL,SMALLk40d04,SMALL,10.0,2W,1,2,False,4.706102108808738,0.03661445189642554,0.3995019005490431,-0.17776843023386846,0.5027802774949235,0.31337601520641745,0.5790705688126907,0.3045312715549453,0.02755633346419284,-0.17776843023386923,"H1,H2","H1,H2,OOS,CAGR"
A,SMALL,SMALLk40d04,SMALL,10.0,2W,1,3,False,4.738937008980196,0.03998730644645976,0.4301444339057621,-0.2031350172687879,0.5372237973813974,0.34161851182945707,0.6440130272560868,0.31729824314022714,0.02905960795088891,-0.20313501726878713,"H1,H2","H1,H2,OOS,DD,CAGR"
A,SMALL,SMALLk40d04,SMALL,10.0,2W,1,4,False,4.682540048752158,0.041200953401972606,0.44244901647391643,-0.21732116928373857,0.6012962567127934,0.311274256428554,0.7467858490535778,0.28253664830922914,0.025147937332974157,-0.21732116928373935,"H1,H2","H1,H2,OOS,DD,CAGR"
A,SMALL,SMALLk40d04,SMALL,10.0,M,0,0,True,3.3262089583922427,0.044292475507314855,0.4661598634497869,-0.21690369836553136,0.6342631369077386,0.3259274393336992,0.7143633583422372,0.3333490257632807,0.031037392433391986,-0.21690369836553058,"H1,H2","H1,H2,OOS,DD,CAGR"
A,SMALL,SMALLk40d04,SMALL,10.0,M,0,1,False,3.35121943656093,0.03995897680521998,0.42723192043860153,-0.24795084817994995,0.6352005461266395,0.24999460317912642,0.6698891032383855,0.29492721323736654,0.02654172743522465,-0.2479508481799505,"H1,H2","H1,H2,OOS,DD,CAGR"
A,SMALL,SMALLk40d04,SMALL,10.0,M,0,2,False,3.357625168519022,0.04143346412707749,0.44125900694683073,-0.2265702492188978,0.586129269921611,0.31881737634983387,0.632245304861398,0.33835225212601816,0.0314414754260568,-0.22657024921889735,"H1,H2","H1,H2,OOS,DD,CAGR"
A,SMALL,SMALLk40d04,SMALL,10.0,M,0,3,False,3.3269273926380394,0.04010207997850013,0.42996670230651096,-0.22372053891994148,0.5949936323340513,0.29174557176023086,0.626501866095213,0.3244365250346064,0.029832315351939753,-0.22372053891994192,"H1,H2","H1,H2,OOS,DD,CAGR"
A,SMALL,SMALLk40d04,SMALL,10.0,M,0,4,False,3.3124980033119833,0.03429839068346352,0.37300649488785276,-0.28316652118282337,0.6433445011481744,0.14145470948984515,0.7087533924798103,0.1885435840073,0.014763957710537623,-0.2831665211828259,"H1,H2","H1,H2,OOS,DD,CAGR"
A,SMALL,SMALLk40d04,SMALL,10.0,6W,0,0,True,2.680769301586945,0.039559828162959665,0.4091671687888564,-0.25455212575755126,0.49128086922302555,0.33993715754093223,0.524193770062355,0.3465744540092247,0.03355581610383629,-0.25455212575755104,"H1,H2","H1,H2,OOS,DD,CAGR"
A,SMALL,SMALLk40d04,SMALL,10.0,6W,0,1,False,2.7521542867174986,0.04065596962444662,0.4178978105168968,-0.26063130533815415,0.5524651154422515,0.30380862428214767,0.6238206295159342,0.3061333529947466,0.02892016802877584,-0.2606313053381545,"H1,H2","H1,H2,OOS,DD,CAGR"
A,SMALL,SMALLk40d04,SMALL,10.0,6W,0,2,False,2.6716931474012062,0.03406127038975515,0.36313408395656877,-0.2708096736530282,0.4776260805876627,0.270435426922236,0.5729027678537012,0.2541939972688791,0.0228135872085502,-0.27080967365302866,"H1,H2","H1,H2,OOS,DD,CAGR"
A,SMALL,SMALLk40d04,SMALL,10.0,6W,0,3,False,2.6122982216857373,0.034348372312309916,0.36479808572055183,-0.25536258355036046,0.6030251637061038,0.17171895053111144,0.6643624684177587,0.21057455486779666,0.017790318982573883,-0.25536258355035957,"H1,H2","H1,H2,OOS,DD,CAGR"
A,SMALL,SMALLk40d04,SMALL,10.0,6W,0,4,False,2.6550200642739843,0.034470131590062625,0.370382335666738,-0.236323225027134,0.5251192136023386,0.24224848062881157,0.6116704509105475,0.24535154305722465,0.021582538416395458,-0.23632322502713388,"H1,H2","H1,H2,OOS,DD,CAGR"
A,SMALL,SMALLk40d04,SMALL,10.0,6W,1,0,False,2.671460918182379,0.03868284322021842,0.4093520821182324,-0.25110469727411133,0.6885205212176824,0.17968736211809835,0.7901978560088523,0.21389951314333588,0.017955639028683912,-0.25110469727411167,"H1,H2","H1,H2,OOS,DD,CAGR"
A,SMALL,SMALLk40d04,SMALL,10.0,6W,1,1,False,2.622430632818737,0.03365670617665795,0.3591894916873731,-0.3001590321574261,0.6957479597863229,0.09133595600934892,0.7859187142492958,0.144492391806159,0.010066224956001069,-0.3001590321574271,"H1,H2","H1,H2,OOS,DD,CAGR"
A,SMALL,SMALLk40d04,SMALL,10.0,6W,1,2,False,2.577126741820162,0.028592299618014128,0.3135501601879555,-0.34410018200695736,0.6774708064210269,0.020168846681251563,0.7601066329299562,0.08743314393700448,0.003398851787091539,-0.34410018200695847,"H1,H2","H1,H2,OOS,DD,CAGR"
A,SMALL,SMALLk40d04,SMALL,10.0,6W,1,3,False,2.608940588926797,0.03369064201003957,0.36525693931019243,-0.2689783724167222,0.7247340874664395,0.06600615277714934,0.8762896247561068,0.09794055459393541,0.004695764106214861,-0.2689783724167203,"H1,H2","H1,H2,OOS,DD,CAGR"
A,SMALL,SMALLk40d04,SMALL,10.0,6W,1,4,False,2.625444904659754,0.030077090515250537,0.3319672400983594,-0.3125582211375796,0.728287722057825,0.005064471359387086,0.869015056174032,0.051871328582296546,-0.0005022984754512461,-0.3125582211375798,"H1,H2","H1,H2,OOS,DD,CAGR"
A,SMALL,SMALLk40d04,SMALL,10.0,6W,2,0,False,2.6518821136335866,0.036792141446375215,0.39535989805696853,-0.2643596439263691,0.7344138924996154,0.11241952752322258,0.820972441500409,0.1743508525476797,0.013316801670871126,-0.26435964392636957,"H1,H2","H1,H2,OOS,DD,CAGR"
A,SMALL,SMALLk40d04,SMALL,10.0,6W,2,1,False,2.716702270803286,0.0341567647408898,0.36943624063571673,-0.34111053519761536,0.7599172501712019,0.05309229014469656,0.92465252973751,0.0827763275350831,0.0029769702053412672,-0.3411105351976157,H2,"H1,H2,OOS,DD,CAGR"
A,SMALL,SMALLk40d04,SMALL,10.0,6W,2,2,False,2.7548983937183773,0.035664747165812694,0.38755226224297035,-0.2966420656908324,0.651836227681298,0.17155463804616636,0.8342105446737523,0.1580008461485495,0.011441086433861658,-0.2966420656908323,"H1,H2","H1,H2,OOS,DD,CAGR"
A,SMALL,SMALLk40d04,SMALL,10.0,6W,2,3,False,2.7513671691649573,0.03484776078746932,0.37966655084077733,-0.2810648661435091,0.6212670022204149,0.18283283327902985,0.7987255190762989,0.16306452852111955,0.012007811833552262,-0.28106486614350834,"H1,H2","H1,H2,OOS,DD,CAGR"
A,SMALL,SMALLk40d04,SMALL,10.0,6W,2,4,False,2.7256908810378673,0.034284375637026576,0.3715978097612707,-0.2700139104042357,0.47087352964463935,0.2914099336068105,0.6237240713464278,0.23669067148220335,0.020307303824993905,-0.2700139104042367,"H1,H2","H1,H2,OOS,DD,CAGR"
A,SMALL,SMALLk40d04,SMALL,10.0,6W,3,0,False,2.7466413286947566,0.04096314766176867,0.43127857680786297,-0.24099656030302274,0.46979683123948596,0.4013704224019136,0.5535997129042979,0.36545545689265363,0.03496667725388658,-0.2409965603030222,"H1,H2","H1,H2,OOS,DD,CAGR"
A,SMALL,SMALLk40d04,SMALL,10.0,6W,3,1,False,2.717180158229446,0.03830979472661644,0.4095879660200708,-0.21492018086344056,0.46968817265511,0.3593257712803638,0.6167733957804855,0.29451768555622587,0.026548977916930783,-0.21492018086344078,"H1,H2","H1,H2,OOS,DD,CAGR"
A,SMALL,SMALLk40d04,SMALL,10.0,6W,3,2,False,2.6947632555901513,0.05052746041509226,0.520077605786602,-0.2039786013182453,0.6255161476129345,0.4305907080997046,0.7652906577365599,0.3856858694644836,0.03697985954383953,-0.20397860131824308,H1,"H1,H2,OOS,DD,CAGR"
A,SMALL,SMALLk40d04,SMALL,10.0,6W,3,3,False,2.723040962362236,0.04798740307575522,0.4913520030827561,-0.19816048648770723,0.6050384126159072,0.39484779858788516,0.7604555810020664,0.34328484024085515,0.03253735415359782,-0.198160486487707,"H1,H2","H1,H2,OOS,CAGR"
A,SMALL,SMALLk40d04,SMALL,10.0,6W,3,4,False,2.6869894313226195,0.044975917124068454,0.472634145132069,-0.21859849643417184,0.6036602478157929,0.3590578650064433,0.7543277825308778,0.31624818676104344,0.02884860604801176,-0.21859849643417184,"H1,H2","H1,H2,OOS,DD,CAGR"
A,SMALL,SMALLk40d04,SMALL,10.0,6W,4,0,False,2.645765988126332,0.04905888602930997,0.5043730056614154,-0.2246621621843481,0.6144084647243954,0.4081549032000987,0.6953681233476561,0.3967787608835575,0.0381654783116665,-0.2246621621843491,H1,"H1,H2,OOS,DD,CAGR"
A,SMALL,SMALLk40d04,SMALL,10.0,6W,4,1,False,2.6220651403970794,0.049864171097667054,0.5157230966435129,-0.20384568797366776,0.6017850521496049,0.438066846260012,0.6193641598478193,0.4562587635628494,0.044300465447650206,-0.2038456879736713,H1,"H1,H2,OOS,DD,CAGR"
A,SMALL,SMALLk40d04,SMALL,10.0,6W,4,2,False,2.691578962176688,0.043393634791053515,0.4603986960087795,-0.20701603066788254,0.6434315715354033,0.29213706577967785,0.6469713756451745,0.3518506188399748,0.03225475931364641,-0.207016030667883,"H1,H2","H1,H2,OOS,DD,CAGR"
A,SMALL,SMALLk40d04,SMALL,10.0,6W,4,3,False,2.7073158717940755,0.047687479235065,0.5004984459041947,-0.18609353267976614,0.7540403970328543,0.27392625933495096,0.7463105220367845,0.3602237663787618,0.033306046644605125,-0.18609353267976647,H2,"H1,H2,OOS,CAGR"
A,SMALL,SMALLk40d04,SMALL,10.0,6W,4,4,False,2.700745268386175,0.042286535708649264,0.44607614780260657,-0.2241518295242172,0.6898580443410479,0.22852687745858188,0.6317636725799419,0.3417797415544645,0.03174751058072922,-0.22415182952421864,"H1,H2","H1,H2,OOS,DD,CAGR"
A,SMALL,SMALLk40d04,SMALL,10.0,6W,5,0,False,2.6978681520828114,0.0427598357832093,0.4480960013656667,-0.19877312929260715,0.5681574345953847,0.34113564326655665,0.5578783760767471,0.38515121456467044,0.03661883919963227,-0.19877312929260604,"H1,H2","H1,H2,OOS,CAGR"
A,SMALL,SMALLk40d04,SMALL,10.0,6W,5,1,False,2.691986029516922,0.041174075390763454,0.4304710880102443,-0.19905141321351238,0.5333211829022922,0.34081744988676516,0.49275240746280347,0.39510613668463646,0.038120058092675047,-0.19905141321351383,"H1,H2","H1,H2,OOS,CAGR"
A,SMALL,SMALLk40d04,SMALL,10.0,6W,5,2,False,2.760320507879845,0.043081540645546035,0.4441293239075323,-0.21282769035332383,0.49304724722739807,0.40234034896329746,0.5138126255774986,0.40532864343037467,0.039809493577501076,-0.2128276903533246,"H1,H2","H1,H2,OOS,DD,CAGR"
A,SMALL,SMALLk40d04,SMALL,10.0,6W,5,3,False,2.6961393415049053,0.03613178855264931,0.38262929018119357,-0.23695800931818656,0.44562327086203446,0.3289834875012746,0.45104661619427133,0.34494536401549036,0.03287401755478481,-0.23695800931818445,"H1,H2","H1,H2,OOS,DD,CAGR"
A,SMALL,SMALLk40d04,SMALL,10.0,6W,5,4,False,2.7134723355252905,0.039546299475265556,0.4104520675882071,-0.2382395807061649,0.5590578068558059,0.28319355074593716,0.6001371924519087,0.30642162081496144,0.028714114207449626,-0.23823958070616524,"H1,H2","H1,H2,OOS,DD,CAGR"
A,SMALL,SMALLk40d04,SMALL,10.0,Q,0,0,True,1.6343503371113686,0.027190310783807625,0.28344361481605806,-0.37945192374889447,0.45488681535164427,0.14655218300020828,0.4521537006501181,0.1945194166478657,0.016719178700657533,-0.3794519237488937,"H1,H2,DD","H1,H2,OOS,DD,CAGR"
A,SMALL,SMALLk40d04,SMALL,10.0,Q,0,1,False,1.6338275442249828,0.023780651030686384,0.260680127819926,-0.36907934529381015,0.43115716537170057,0.12336435203735607,0.4141626756445401,0.18033352058764202,0.01466605709773705,-0.36907934529380926,"H1,H2,DD","H1,H2,OOS,DD,CAGR"
A,SMALL,SMALLk40d04,SMALL,10.0,Q,0,2,False,1.60344324887074,0.023269091625663485,0.2587229301294422,-0.36991135680261555,0.4819389580226541,0.07713032332481595,0.4642131317859696,0.14955426814338754,0.010781567878219711,-0.36991135680261666,"H1,H2,DD","H1,H2,OOS,DD,CAGR"
A,SMALL,SMALLk40d04,SMALL,10.0,Q,0,3,False,1.650387624891068,0.027537624957538975,0.2937250630130715,-0.35973693746157054,0.539866205904601,0.09725932380736317,0.5656337469690083,0.15193651262878144,0.011116018853627452,-0.35973693746157076,"H1,H2","H1,H2,OOS,DD,CAGR"
A,SMALL,SMALLk40d04,SMALL,10.0,Q,0,4,False,1.6159663501796937,0.03079264142288407,0.32350417180861474,-0.34241090584215716,0.5746705221239247,0.1183598546510286,0.5839805118089169,0.1841933674599897,0.014952422979883195,-0.3424109058421566,"H1,H2","H1,H2,OOS,DD,CAGR"
A,SMALL,SMALLk40d05,SMALL,10.0,D,0,0,True,12.689790013027315,-0.00435908584507505,0.0008106796533915474,-0.2997770082765858,0.2806365056436235,-0.2351593442163711,0.22004203323269755,-0.1167041161656329,-0.01632842020190961,-0.2997770082765847,"H1,H2","H1,H2,OOS,DD,CAGR"
A,SMALL,SMALLk40d05,SMALL,10.0,2D,0,0,True,9.2955071182792,0.0008669775435927729,0.056605164157387734,-0.2909809501616403,0.3758365701588626,-0.21148911385353522,0.29892784892540575,-0.0731561444167214,-0.01217841941597475,-0.2909809501616417,"H1,H2","H1,H2,OOS,DD,CAGR"
A,SMALL,SMALLk40d05,SMALL,10.0,2D,1,0,False,9.26768987093373,0.008833410908754002,0.14063898554549434,-0.2627745167112425,0.416516514012861,-0.0922558164607105,0.40767137128685027,-0.0021833007187885512,-0.005076597539316219,-0.2627745167112405,"H1,H2","H1,H2,OOS,DD,CAGR"
A,SMALL,SMALLk40d05,SMALL,10.0,W,0,0,True,6.240001147356883,0.0060665484073623155,0.11130707132655089,-0.2675296957141341,0.40870451376402817,-0.138397334127689,0.3212942005158536,-0.00042686696480976407,-0.004976547561299394,-0.2675296957141363,"H1,H2","H1,H2,OOS,DD,CAGR"
A,SMALL,SMALLk40d05,SMALL,10.0,W,0,1,False,6.303850361802365,0.005686196382322928,0.1072746005086993,-0.27595071570708685,0.38105924765744986,-0.12449895599715227,0.37954322626338177,-0.039652030694425466,-0.00882274411422923,-0.27595071570708696,"H1,H2","H1,H2,OOS,DD,CAGR"
A,SMALL,SMALLk40d05,SMALL,10.0,W,0,2,False,6.208663154735146,0.005187628345495687,0.10202496827934336,-0.28529067386055085,0.4114528331548553,-0.1581174079847932,0.39066503445940354,-0.05272827168993354,-0.01017398224109034,-0.28529067386054874,"H1,H2","H1,H2,OOS,DD,CAGR"
A,SMALL,SMALLk40d05,SMALL,10.0,W,0,3,False,6.191784397799334,0.012959546291882784,0.18318250611248696,-0.27962337410015026,0.4215045956821069,-0.016791290463580338,0.3310486779622679,0.10478902317023979,0.005487999654582021,-0.27962337410014904,"H1,H2","H1,H2,OOS,DD,CAGR"
A,SMALL,SMALLk40d05,SMALL,10.0,W,0,4,False,6.128189773098614,0.0043967677430944985,0.09373768442247202,-0.2936441250382671,0.442721170005183,-0.20009129857768146,0.4070611414374431,-0.07303453211708277,-0.012129181712323245,-0.2936441250382691,"H1,H2","H1,H2,OOS,DD,CAGR"
A,SMALL,SMALLk40d05,SMALL,10.0,2W,0,0,True,4.540977273307092,0.0017818747445521588,0.06654993821042032,-0.28608719397758253,0.29920282728295133,-0.13031928646909605,0.2791986462984234,-0.047789611015705585,-0.009816054467718938,-0.28608719397758187,"H1,H2","H1,H2,OOS,DD,CAGR"
A,SMALL,SMALLk40d05,SMALL,10.0,2W,0,1,False,4.50028021242724,0.0061770506678635595,0.11224520897101428,-0.27183571859592526,0.2837216428206901,-0.034119704094298604,0.2860167859719367,0.017547270710171016,-0.0032393948738862477,-0.27183571859592537,"H1,H2","H1,H2,OOS,DD,CAGR"
A,SMALL,SMALLk40d05,SMALL,10.0,2W,0,2,False,4.652079514111032,0.0018971844220874168,0.06766322884037511,-0.28516179599423674,0.31643658136303665,-0.14029308293285042,0.3427880003970032,-0.0790596775465674,-0.012926513460742473,-0.2851617959942405,"H1,H2","H1,H2,OOS,DD,CAGR"
A,SMALL,SMALLk40d05,SMALL,10.0,2W,0,3,False,4.612371247304826,0.012528856519880671,0.17775231852541837,-0.2795604032083212,0.4609002500167262,-0.05855939940259043,0.4596747008357374,0.02887156423486681,-0.0021989390671224296,-0.27956040320832076,"H1,H2","H1,H2,OOS,DD,CAGR"
A,SMALL,SMALLk40d05,SMALL,10.0,2W,0,4,False,4.604928272144612,0.0011445716772915393,0.06026802906467592,-0.31361562284867883,0.3232679919848764,-0.1546315679667441,0.29717800021292007,-0.06229359253824037,-0.011604338819469984,-0.3136156228486764,"H1,H2","H1,H2,OOS,DD,CAGR"
A,SMALL,SMALLk40d05,SMALL,10.0,2W,1,0,False,4.636898055128319,0.0011780393153222324,0.05995378795861205,-0.2973416954067727,0.35102542316906366,-0.18600836032455423,0.2828511304799452,-0.0588745659623429,-0.010828401611138294,-0.29734169540677613,"H1,H2","H1,H2,OOS,DD,CAGR"
A,SMALL,SMALLk40d05,SMALL,10.0,2W,1,1,False,4.695026914509001,0.004620505099387939,0.09607867067191644,-0.3039150433611817,0.4223384942860017,-0.17476520689030617,0.4149241828603272,-0.07116387314289997,-0.0121580069632381,-0.3039150433611816,"H1,H2","H1,H2,OOS,DD,CAGR"
A,SMALL,SMALLk40d05,SMALL,10.0,2W,1,2,False,4.559560842666684,-0.005625450976730839,-0.011155430056808694,-0.3524624582108523,0.3197639920929834,-0.2856489483626618,0.2950226820584425,-0.17331334550430588,-0.022312441226486124,-0.3524624582108512,"H1,H2","H1,H2,OOS,DD,CAGR"
A,SMALL,SMALLk40d05,SMALL,10.0,2W,1,3,False,4.597692442629609,0.0012724261000711667,0.06105340230004467,-0.27776247126310805,0.33697640814912677,-0.17023509624055094,0.27991663481937873,-0.05433549546365946,-0.010475003117862314,-0.2777624712631084,"H1,H2","H1,H2,OOS,DD,CAGR"
A,SMALL,SMALLk40d05,SMALL,10.0,2W,1,4,False,4.509090822719665,-4.5480732385971834e-05,0.047303615786740555,-0.339224303527756,0.4195275971434821,-0.2655684544176865,0.45071815764291084,-0.16804829316620473,-0.021671644608462937,-0.33922430352776,"H1,H2","H1,H2,OOS,DD,CAGR"
A,SMALL,SMALLk40d05,SMALL,10.0,M,0,0,True,3.2303982015560946,0.027805112010268695,0.33138198025365706,-0.2616172254753658,0.5489959342804419,0.1491532034004957,0.5280610288943541,0.23107073924847618,0.018655711069204273,-0.26161722547536803,"H1,H2","H1,H2,OOS,DD,CAGR"
A,SMALL,SMALLk40d05,SMALL,10.0,M,0,1,False,3.154418998311085,0.021336169034371633,0.2676118738579084,-0.274895223227163,0.46438747443576506,0.10436050541530568,0.4368106566266307,0.18115152606036447,0.013368137980374062,-0.2748952232271631,"H1,H2","H1,H2,OOS,DD,CAGR"
A,SMALL,SMALLk40d05,SMALL,10.0,M,0,2,False,3.1468525103309086,0.014095407325234621,0.1931309690244111,-0.2732204080631715,0.493201229702249,-0.0592689252137498,0.4608495085001529,0.052453996765746545,0.00013830853458740577,-0.2732204080631715,"H1,H2","H1,H2,OOS,DD,CAGR"
A,SMALL,SMALLk40d05,SMALL,10.0,M,0,3,False,3.113470194389394,0.02323898460815399,0.2857711396113013,-0.2618248571787227,0.5255612003280093,0.08138909843970069,0.44044584086969596,0.2052398921435792,0.01587335210411811,-0.26182485717872317,"H1,H2","H1,H2,OOS,DD,CAGR"
A,SMALL,SMALLk40d05,SMALL,10.0,M,0,4,False,3.253878462084383,0.0075434037570012435,0.12476615235092905,-0.36809106352068977,0.4638373903210012,-0.13899352158269304,0.36325115577389006,0.006708342078864598,-0.005314466657160732,-0.36809106352068965,"H1,H2,DD","H1,H2,OOS,DD,CAGR"
A,SMALL,SMALLk40d05,SMALL,10.0,6W,0,0,True,2.5821473791581973,0.005485278178088526,0.10476081428450185,-0.3516967805242256,0.2209974598069635,0.013920673965937914,0.21432372430755808,0.04945098933516392,-0.0007474906700815076,-0.3516967805242248,"H1,H2","H1,H2,OOS,DD,CAGR"
A,SMALL,SMALLk40d05,SMALL,10.0,6W,0,1,False,2.6289657640215123,0.0004296171953499517,0.05806198668547966,-0.38700960172096266,0.18386610853496277,-0.03722294938976085,0.2143146808603949,-0.019463978210800557,-0.00892719028932809,-0.38700960172096344,"H1,H2,DD","H1,H2,OOS,DD,CAGR"
A,SMALL,SMALLk40d05,SMALL,10.0,6W,0,2,False,2.6646282808955286,-0.013594132491741462,-0.0758242279955046,-0.41711164101888043,0.20384069685516654,-0.2863191729134099,0.25319678666513523,-0.2357019843700003,-0.03314132386145918,-0.4171116410188793,"H1,H2,DD","H1,H2,OOS,DD,CAGR"
A,SMALL,SMALLk40d05,SMALL,10.0,6W,0,3,False,2.4902673690143886,0.00028743070643377777,0.05488929439412354,-0.3886814247409137,0.4196016292548654,-0.22445654594936854,0.42812183065303,-0.12600812608617185,-0.020263519456590773,-0.3886814247409127,"H1,H2,DD","H1,H2,OOS,DD,CAGR"
A,SMALL,SMALLk40d05,SMALL,10.0,6W,0,4,False,2.535347385656973,-0.010284970795184978,-0.04911911640681625,-0.4329522754688203,0.3740429385716846,-0.3799998766096684,0.3423079010202869,-0.2427561292932419,-0.03245216940736739,-0.43295227546882,"H1,H2,DD","H1,H2,OOS,DD,CAGR"
A,SMALL,SMALLk40d05,SMALL,10.0,6W,1,0,False,2.5399733712208694,-0.0037875260917750175,0.014304300741808504,-0.3993032313027849,0.3816454137559879,-0.2721669888071143,0.3670032036922586,-0.15923558575044056,-0.023396204395563225,-0.3993032313027849,"H1,H2,DD","H1,H2,OOS,DD,CAGR"
A,SMALL,SMALLk40d05,SMALL,10.0,6W,1,1,False,2.576675706886849,0.001503400500009855,0.06559451414057511,-0.35133935129853533,0.34125776700352367,-0.148230307206691,0.31669788641604735,-0.058993254099168696,-0.012253024563966264,-0.3513393512985351,"H1,H2","H1,H2,OOS,DD,CAGR"
A,SMALL,SMALLk40d05,SMALL,10.0,6W,1,2,False,2.615093666832031,-0.006120936041468794,-0.00789007164265614,-0.3910060052105543,0.29034309924441176,-0.23267333400575801,0.25070460267058375,-0.1335441921994392,-0.020900528188006695,-0.3910060052105543,"H1,H2,DD","H1,H2,OOS,DD,CAGR"
A,SMALL,SMALLk40d05,SMALL,10.0,6W,1,3,False,2.67821509813709,0.000235997432228352,0.05306180966589608,-0.3544144339916069,0.371934579285681,-0.19092470989349433,0.3737231564296764,-0.10488812566038078,-0.017205162931419604,-0.35441443399160677,"H1,H2","H1,H2,OOS,DD,CAGR"
A,SMALL,SMALLk40d05,SMALL,10.0,6W,1,4,False,2.6604310784737057,-0.006017346561411396,-0.010562123641452896,-0.34746946993048244,0.33376460388228263,-0.2769950048705928,0.3005161116852583,-0.16593118773539273,-0.023225116035560656,-0.3474694699304832,"H1,H2","H1,H2,OOS,DD,CAGR"
A,SMALL,SMALLk40d05,SMALL,10.0,6W,2,0,False,2.6035250801106633,0.005489488899125927,0.10504688208733716,-0.2917456417854666,0.41012770129380743,-0.13870143939358384,0.3705172015089311,-0.030185815789713775,-0.00847644403619563,-0.29174564178546725,"H1,H2","H1,H2,OOS,DD,CAGR"
A,SMALL,SMALLk40d05,SMALL,10.0,6W,2,1,False,2.624166425223148,0.00014953845652132536,0.05010252272291337,-0.28062468962682163,0.3022349626266883,-0.15113593510091014,0.25184879353051637,-0.052531048978475,-0.010723076086600725,-0.2806246896268182,"H1,H2","H1,H2,OOS,DD,CAGR"
A,SMALL,SMALLk40d05,SMALL,10.0,6W,2,2,False,2.632296289619484,0.007740980017967969,0.12836758081579083,-0.26070366332306283,0.32023720481993423,-0.02869649497412595,0.3305137177935092,0.021879221011932286,-0.0029252951747058553,-0.26070366332306305,"H1,H2","H1,H2,OOS,DD,CAGR"
A,SMALL,SMALLk40d05,SMALL,10.0,6W,2,3,False,2.6263260753161206,0.0166013402366052,0.21839316670395603,-0.24948428593221317,0.39040047501211284,0.07933714604962315,0.29560735605273175,0.17954216946123783,0.013265407288553188,-0.2494842859322136,"H1,H2","H1,H2,OOS,DD,CAGR"
A,SMALL,SMALLk40d05,SMALL,10.0,6W,2,4,False,2.638160357509046,0.01046795340213813,0.15639094224532213,-0.23835850652687918,0.2831347088988955,0.05469422606917046,0.17762643500009656,0.14632760173177375,0.009783247164594444,-0.23835850652687907,"H1,H2","H1,H2,OOS,DD,CAGR"
A,SMALL,SMALLk40d05,SMALL,10.0,6W,3,0,False,2.6062771623546683,0.009365690670134263,0.14487717392631694,-0.2475213228763259,0.311523800796577,0.007109607090245353,0.19299481866078352,0.1202434931345894,0.007086862392907456,-0.24752132287632433,"H1,H2","H1,H2,OOS,DD,CAGR"
A,SMALL,SMALLk40d05,SMALL,10.0,6W,3,1,False,2.6235201737402423,0.017441017709671325,0.2271010578612909,-0.22654059719760156,0.45606741101980064,0.03986456189083655,0.40293064352832486,0.13756055286391,0.008896719616011461,-0.22654059719760156,"H1,H2","H1,H2,OOS,DD,CAGR"
A,SMALL,SMALLk40d05,SMALL,10.0,6W,3,2,False,2.598902541142602,0.017413976100596695,0.22766336085246702,-0.24270530976884686,0.42017367728956745,0.06996732807832765,0.35323767949995155,0.163826680814385,0.011581044929178441,-0.2427053097688463,"H1,H2","H1,H2,OOS,DD,CAGR"
A,SMALL,SMALLk40d05,SMALL,10.0,6W,3,3,False,2.594574458166261,0.02537397734809632,0.30842594480191765,-0.23760691912477427,0.5046199594705084,0.1481614779709705,0.4256598211995851,0.24945201008886597,0.02049524890817067,-0.23760691912477394,"H1,H2","H1,H2,OOS,DD,CAGR"
A,SMALL,SMALLk40d05,SMALL,10.0,6W,3,4,False,2.513908150988385,0.02245664872255171,0.27923144659985477,-0.26103344044014176,0.5787810023062393,0.034959263096778916,0.5729959744132609,0.12956733793751138,0.008049564907609996,-0.26103344044014243,"H1,H2","H1,H2,OOS,DD,CAGR"
A,SMALL,SMALLk40d05,SMALL,10.0,6W,4,0,False,2.483042711107329,0.02817894529485776,0.33485194350134834,-0.23985149749665802,0.5166195384634328,0.18592663215910366,0.47010506176861316,0.26582511795808533,0.022296262821393853,-0.23985149749665613,"H1,H2","H1,H2,OOS,DD,CAGR"
A,SMALL,SMALLk40d05,SMALL,10.0,6W,4,1,False,2.500085498019956,0.026399481933463198,0.31886332026181874,-0.2477946875021657,0.43362980399928425,0.21903610702073495,0.3541157516229133,0.3002853546155122,0.025431348498093476,-0.24779468750216804,"H1,H2","H1,H2,OOS,DD,CAGR"
A,SMALL,SMALLk40d05,SMALL,10.0,6W,4,2,False,2.5364514801133002,0.03143900780209785,0.3623332318338659,-0.2445227150492547,0.4408850524337508,0.3001156844918078,0.3570896236493899,0.36691844991264183,0.033598051908522164,-0.2445227150492556,"H1,H2","H1,H2,OOS,DD,CAGR"
A,SMALL,SMALLk40d05,SMALL,10.0,6W,4,3,False,2.5451706695159726,0.037013800469958724,0.41501037493806686,-0.2473386310098461,0.5600695037678635,0.2984453182861418,0.517481731479118,0.3642778751553693,0.0334881996043217,-0.2473386310098462,"H1,H2","H1,H2,OOS,DD,CAGR"
A,SMALL,SMALLk40d05,SMALL,10.0,6W,4,4,False,2.5723359099594862,0.017074008630449278,0.21523089687134608,-0.3395009715349754,0.5230898762517675,-0.02005685616826172,0.45973983737187796,0.09927855640090663,0.004828583068499981,-0.3395009715349764,"H1,H2","H1,H2,OOS,DD,CAGR"
A,SMALL,SMALLk40d05,SMALL,10.0,6W,5,0,False,2.494480210303958,0.01737818045206252,0.21843325897218302,-0.34224893772581744,0.4905127935019232,0.004391785406657404,0.37908882286539086,0.1394785021069631,0.009335200655537834,-0.34224893772581944,"H1,H2","H1,H2,OOS,DD,CAGR"
A,SMALL,SMALLk40d05,SMALL,10.0,6W,5,1,False,2.6104709537173076,0.008463109945269442,0.13352714014798064,-0.33558850778620464,0.37242000144368137,-0.05634562673566889,0.2955367741871219,0.05184308966259866,-0.0003631789752749359,-0.3355885077862052,"H1,H2","H1,H2,OOS,DD,CAGR"
A,SMALL,SMALLk40d05,SMALL,10.0,6W,5,2,False,2.527127602535372,0.009269506691703455,0.14153207493074185,-0.35462249990332084,0.35567759954197403,-0.02566470890752706,0.3300110453432763,0.04690044103598636,-0.0008692942263875958,-0.3546224999033222,"H1,H2","H1,H2,OOS,DD,CAGR"
A,SMALL,SMALLk40d05,SMALL,10.0,6W,5,3,False,2.5076463550507535,0.010111581293710037,0.14949751075263107,-0.3313420225423819,0.30979085804305667,0.024936724641548575,0.2575204276009002,0.09617923426351711,0.004523666094468748,-0.33134202254238176,"H1,H2","H1,H2,OOS,DD,CAGR"
A,SMALL,SMALLk40d05,SMALL,10.0,6W,5,4,False,2.5646222409402593,0.009128589861736147,0.13959212824849204,-0.34374298308271267,0.3466594617940994,-0.022350019743736734,0.2962021535401833,0.06136181908165581,0.0006222863678810864,-0.34374298308271056,"H1,H2","H1,H2,OOS,DD,CAGR"
A,SMALL,SMALLk40d05,SMALL,10.0,Q,0,0,True,1.4772624915736263,0.01421387537150065,0.18994742211243623,-0.3189357384544441,0.48316020450288144,-0.06684704089983678,0.38375143871594203,0.08636709251773259,0.003520128182467941,-0.3189357384544441,"H1,H2","H1,H2,OOS,DD,CAGR"
A,SMALL,SMALLk40d05,SMALL,10.0,Q,0,1,False,1.4827656314974473,0.01818318496265081,0.22977616403781104,-0.3016908673034876,0.5177374420733207,-0.01147401505378255,0.4625032968563179,0.1082705397177888,0.0058636393515807406,-0.30169086730348715,"H1,H2","H1,H2,OOS,DD,CAGR"
A,SMALL,SMALLk40d05,SMALL,10.0,Q,0,2,False,1.4550945281456849,0.018814034080569364,0.2395720822296227,-0.28243900131861255,0.48184398593442584,0.03565161296772741,0.46937220224477955,0.11855763108591537,0.006922722826929073,-0.282439001318611,"H1,H2","H1,H2,OOS,DD,CAGR"
A,SMALL,SMALLk40d05,SMALL,10.0,Q,0,3,False,1.456905291789107,0.026063595181966548,0.31277256164114875,-0.283391440599177,0.5678903056685966,0.10161806381480426,0.5048105615455306,0.21491171843264512,0.017024634958905827,-0.2833914405991773,"H1,H2","H1,H2,OOS,DD,CAGR"
A,SMALL,SMALLk40d05,SMALL,10.0,Q,0,4,False,1.4758384754333513,0.01773398405396054,0.23029498249695715,-0.27075960511553554,0.39115423380229725,0.09217493274348057,0.3748686724558955,0.15206188194295853,0.010299964219480762,-0.27075960511553554,"H1,H2","H1,H2,OOS,DD,CAGR"
A,SMALL,SMALLk40d06,SMALL,10.0,D,0,0,True,13.540907498074482,0.00418102315458202,0.0914856973999637,-0.31413612920218104,0.28470669183453,-0.05601241823887685,0.32623186023228024,-0.01521656091119225,-0.007137104534283845,-0.3141361292021808,"H1,H2","H1,H2,OOS,DD,CAGR"
A,SMALL,SMALLk40d06,SMALL,10.0,2D,0,0,True,9.91313806535974,0.00852299256075928,0.13585773570795734,-0.2868105191687942,0.3264268777497552,-0.006764281674000667,0.41759620170501466,0.0090223360380129,-0.0047553690465030884,-0.2868105191687931,"H1,H2","H1,H2,OOS,DD,CAGR"
A,SMALL,SMALLk40d06,SMALL,10.0,2D,1,0,False,9.696952491083552,0.011865679453338274,0.1707069341427934,-0.3215688587397192,0.45889902636009244,-0.04891332442940948,0.5152711784253194,0.013902876586940782,-0.0040967197533826605,-0.3215688587397202,"H1,H2","H1,H2,OOS,DD,CAGR"
A,SMALL,SMALLk40d06,SMALL,10.0,W,0,0,True,6.6650156312219435,0.013544601408274959,0.18620927822457276,-0.2690540304698871,0.4488949172833724,-0.009439767692144841,0.5089547780494479,0.04036933079593232,-0.0014524604250667483,-0.26905403046988563,"H1,H2","H1,H2,OOS,DD,CAGR"
A,SMALL,SMALLk40d06,SMALL,10.0,W,0,1,False,6.579166925304019,0.02032782875519845,0.25448203304647926,-0.2582745026922382,0.5131776026431537,0.0602528973238312,0.594595864753516,0.10062486385549625,0.005051805052263214,-0.2582745026922376,"H1,H2","H1,H2,OOS,DD,CAGR"
A,SMALL,SMALLk40d06,SMALL,10.0,W,0,2,False,6.587224475615014,0.02087646120794151,0.25850559780642246,-0.28874724350734826,0.4894354848938534,0.08775149523501885,0.5361331163146354,0.13608362427053083,0.008928316429924754,-0.2887472435073468,"H1,H2","H1,H2,OOS,DD,CAGR"
A,SMALL,SMALLk40d06,SMALL,10.0,W,0,3,False,6.5767767187366815,0.01769326658021697,0.22788514299630339,-0.3068109799571932,0.5174110959188971,0.012795973286633911,0.5210510044160493,0.09840810812198895,0.004805889675925323,-0.30681097995719286,"H1,H2","H1,H2,OOS,DD,CAGR"
A,SMALL,SMALLk40d06,SMALL,10.0,W,0,4,False,6.561596914109384,0.01761712970736995,0.22781352028742402,-0.2663761515759141,0.43978386128799785,0.06831546092091297,0.46414065838251023,0.12159035612971704,0.007309779099965885,-0.26637615157591465,"H1,H2","H1,H2,OOS,DD,CAGR"
A,SMALL,SMALLk40d06,SMALL,10.0,2W,0,0,True,4.822446044481759,0.011621351359124787,0.16602076886007378,-0.31021450640796233,0.5002606929886969,-0.08643593659315266,0.5549874117422218,-0.009926429752418845,-0.00701434871481621,-0.3102145064079628,"H1,H2","H1,H2,OOS,DD,CAGR"
A,SMALL,SMALLk40d06,SMALL,10.0,2W,0,1,False,4.832496506124601,0.027246868586340955,0.31889900461366477,-0.288050424952662,0.5436281364344269,0.15567135966438947,0.608431277677257,0.1934537911997065,0.015376986120179126,-0.28805042495266275,"H1,H2","H1,H2,OOS,DD,CAGR"
A,SMALL,SMALLk40d06,SMALL,10.0,2W,0,2,False,4.838111785223087,0.02700472566155976,0.3167369090601454,-0.29256258661810797,0.5027312926587334,0.18173997126881936,0.5514138858586026,0.21587129481833123,0.017877985795451856,-0.29256258661810697,"H1,H2","H1,H2,OOS,DD,CAGR"
A,SMALL,SMALLk40d06,SMALL,10.0,2W,0,3,False,4.779518735632907,0.027818784961999077,0.3260002020131,-0.25854943139822284,0.5992599777703619,0.12565374013051325,0.5766776018089133,0.21676675670244294,0.01788042070106388,-0.2585494313982224,"H1,H2","H1,H2,OOS,DD,CAGR"
A,SMALL,SMALLk40d06,SMALL,10.0,2W,0,4,False,4.626470644246937,0.040761464471700704,0.4521529664676236,-0.2442616849708228,0.56022116739572,0.37597568490672284,0.5659255461921122,0.4051795387123234,0.0388814460529503,-0.24426168497082523,"H1,H2","H1,H2,OOS,DD,CAGR"
A,SMALL,SMALLk40d06,SMALL,10.0,2W,1,0,False,4.7331888980169285,0.03926766261668968,0.43797635362866455,-0.22775949115248217,0.616717832455917,0.3113876798134062,0.6620518421796525,0.34159014197484455,0.03179320331855373,-0.2277594911524793,"H1,H2","H1,H2,OOS,DD,CAGR"
A,SMALL,SMALLk40d06,SMALL,10.0,2W,1,1,False,4.812532925403325,0.028293314715352347,0.32911330225386126,-0.24791764189505494,0.585733680373779,0.13884194202252817,0.6453626556425749,0.18812218390670252,0.014732262371592642,-0.24791764189505294,"H1,H2","H1,H2,OOS,DD,CAGR"
A,SMALL,SMALLk40d06,SMALL,10.0,2W,1,2,False,4.763671277533746,0.03038871758073558,0.3482965464649709,-0.24850229652063704,0.6341803101966654,0.13727605355366299,0.6298614823817734,0.22493702161431153,0.018929003044684478,-0.24850229652063793,"H1,H2","H1,H2,OOS,DD,CAGR"
A,SMALL,SMALLk40d06,SMALL,10.0,2W,1,3,False,4.76511015583408,0.021458177000488243,0.2626066446786496,-0.2800940468675017,0.5604202138598465,0.043006327109900336,0.5706574927440793,0.12796819272477064,0.008061025698938185,-0.28009404686750106,"H1,H2","H1,H2,OOS,DD,CAGR"
A,SMALL,SMALLk40d06,SMALL,10.0,2W,1,4,False,4.76943843764458,0.0109752794413156,0.15929547804766545,-0.3047396641925568,0.5170865894331079,-0.10954391882630884,0.6045110477341623,-0.041875908542288884,-0.010566439318588694,-0.30473966419255616,"H1,H2","H1,H2,OOS,DD,CAGR"
A,SMALL,SMALLk40d06,SMALL,10.0,M,0,0,True,3.3962594963716,0.03618607893087478,0.4050040912067747,-0.2764226002610456,0.7535896322274602,0.14646611790938127,0.6993626554264956,0.2784750806245236,0.02497358908154279,-0.2764226002610465,H2,"H1,H2,OOS,DD,CAGR"
A,SMALL,SMALLk40d06,SMALL,10.0,M,0,1,False,3.2927194897843175,0.044215778830822616,0.47741390910732967,-0.29219775100778,0.6212902993244628,0.37692325639622637,0.6551384508757764,0.4047549767634366,0.03981003743471012,-0.2921977510077828,"H1,H2","H1,H2,OOS,DD,CAGR"
A,SMALL,SMALLk40d06,SMALL,10.0,M,0,2,False,3.2779264335549287,0.04282968041338786,0.471583590822648,-0.27737195510073154,0.6170929670835197,0.36527738833985973,0.6830817140818201,0.38116026634606476,0.03631138517355259,-0.2773719551007311,"H1,H2","H1,H2,OOS,DD,CAGR"
A,SMALL,SMALLk40d06,SMALL,10.0,M,0,3,False,3.318977202922496,0.03945164798173928,0.4354264486925195,-0.2655170893329909,0.6482387296730852,0.2804103316732088,0.686837661920057,0.32734782729291956,0.03054154040737611,-0.26551708933299023,"H1,H2","H1,H2,OOS,DD,CAGR"
A,SMALL,SMALLk40d06,SMALL,10.0,M,0,4,False,3.3352964510448193,0.03498222912698368,0.3886064866015036,-0.30883643398425165,0.560503073888953,0.26580013258272783,0.5954270259105582,0.2993643217759008,0.027616600857398588,-0.3088364339842504,"H1,H2","H1,H2,OOS,DD,CAGR"
A,SMALL,SMALLk40d06,SMALL,10.0,6W,0,0,True,2.66621037338405,0.034757252107569636,0.377301393251727,-0.2921525734417416,0.5142924268468915,0.2829144352544656,0.40628938521250707,0.3706455480653485,0.037065643214669874,-0.29215257344174084,"H1,H2","H1,H2,OOS,DD,CAGR"
A,SMALL,SMALLk40d06,SMALL,10.0,6W,0,1,False,2.701856568045807,0.03062932724611933,0.33790709548150044,-0.33706775697000346,0.5331147822651587,0.19987738510410127,0.46727934154279127,0.28630284593478766,0.02706424769726734,-0.33706775697000335,"H1,H2","H1,H2,OOS,DD,CAGR"
A,SMALL,SMALLk40d06,SMALL,10.0,6W,0,2,False,2.6935958817544776,0.033033043539246965,0.36165764729157657,-0.33550602077570524,0.4830371323119627,0.2787406482395917,0.38822956785089396,0.35616493315438913,0.03534716601600585,-0.3355060207757057,"H1,H2","H1,H2,OOS,DD,CAGR"
A,SMALL,SMALLk40d06,SMALL,10.0,6W,0,3,False,2.608962294180014,0.03302938828621538,0.36516277456338264,-0.308634610080211,0.6370633673503501,0.1690045989817528,0.5575275293785037,0.2851677647699397,0.026474611841489804,-0.3086346100802093,"H1,H2","H1,H2,OOS,DD,CAGR"
A,SMALL,SMALLk40d06,SMALL,10.0,6W,0,4,False,2.6116022560699235,0.02991160946153082,0.33972469051944265,-0.34214650495633825,0.5907292645955444,0.15693621198474653,0.6165178482481551,0.2175282384543666,0.018269348860380452,-0.34214650495633936,"H1,H2","H1,H2,OOS,DD,CAGR"
A,SMALL,SMALLk40d06,SMALL,10.0,6W,1,0,False,2.5945253217908975,0.03443260906623591,0.3827552843922551,-0.330598542250789,0.6629367364257706,0.1770075654355983,0.7963883540331983,0.19537901495746066,0.015704964048648407,-0.33059854225078944,"H1,H2","H1,H2,OOS,DD,CAGR"
A,SMALL,SMALLk40d06,SMALL,10.0,6W,1,1,False,2.65521924735963,0.03997933039933055,0.42967482231751064,-0.28658865675218825,0.6842325683576218,0.24451660871366854,0.7533277323834682,0.28487433331882955,0.026249671215927695,-0.28658865675218803,"H1,H2","H1,H2,OOS,DD,CAGR"
A,SMALL,SMALLk40d06,SMALL,10.0,6W,1,2,False,2.636371863985179,0.03819652739806534,0.40980035766180645,-0.325844279410584,0.5862066970018495,0.2872699442744349,0.6695652696066084,0.2972944103586755,0.028035743026535886,-0.325844279410584,"H1,H2","H1,H2,OOS,DD,CAGR"
A,SMALL,SMALLk40d06,SMALL,10.0,6W,1,3,False,2.699445527237495,0.044915195532882146,0.47027084268369174,-0.25927822544019585,0.599962242305179,0.3845001609267209,0.7776496056333477,0.3422455078674131,0.03365914298384287,-0.25927822544019574,"H1,H2","H1,H2,OOS,DD,CAGR"
A,SMALL,SMALLk40d06,SMALL,10.0,6W,1,4,False,2.709497471723094,0.03424050390532929,0.3775890539759445,-0.31240559778302046,0.5859359161249448,0.22891680380497412,0.7819826471808401,0.20140584678355974,0.01659540121757197,-0.3124055977830221,"H1,H2","H1,H2,OOS,DD,CAGR"
A,SMALL,SMALLk40d06,SMALL,10.0,6W,2,0,False,2.7727249326938357,0.03554493077607157,0.3925183604566905,-0.2639624955656642,0.5613660474604704,0.27389349694139187,0.6366369041539459,0.2921834303233761,0.02710193829327112,-0.26396249556566465,"H1,H2","H1,H2,OOS,DD,CAGR"
A,SMALL,SMALLk40d06,SMALL,10.0,6W,2,1,False,2.7228492015768517,0.038188996187952684,0.4116976164237312,-0.3348033342389054,0.5420795525534298,0.3298168650032299,0.6762471891925088,0.3086785469178344,0.029655059194904965,-0.33480333423890496,"H1,H2","H1,H2,OOS,DD,CAGR"
A,SMALL,SMALLk40d06,SMALL,10.0,6W,2,2,False,2.7283499245654346,0.04444290944886675,0.4709546359882229,-0.2875639154733183,0.5344113010444805,0.4349631559413341,0.6351313028314345,0.4089488430847066,0.04144178294477241,-0.2875639154733186,H1,"H1,H2,OOS,DD,CAGR"
A,SMALL,SMALLk40d06,SMALL,10.0,6W,2,3,False,2.689543605251006,0.03721729496210413,0.4046153148854248,-0.2528952415362582,0.4985859145149715,0.3454447531657046,0.5172066382601758,0.3618215251004339,0.03557981076034644,-0.25289524153625964,"H1,H2","H1,H2,OOS,DD,CAGR"
A,SMALL,SMALLk40d06,SMALL,10.0,6W,2,4,False,2.6916475412247074,0.039386802782974684,0.42433161059330216,-0.24618155998269742,0.4435506167067968,0.4186375182260337,0.4238312483480311,0.43132313194673494,0.04381218488185712,-0.2461815599826983,H1,"H1,H2,OOS,DD,CAGR"
A,SMALL,SMALLk40d06,SMALL,10.0,6W,3,0,False,2.6523078359223344,0.04240725505245413,0.4526212568928804,-0.21232143555091865,0.4478786761034661,0.46475296756600387,0.4016572144926131,0.4824214502750321,0.049754608211507234,-0.21232143555092087,H1,"H1,H2,OOS,DD,CAGR"
A,SMALL,SMALLk40d06,SMALL,10.0,6W,3,1,False,2.7553109679940957,0.03860117647505601,0.4143687219650307,-0.22018420315369847,0.43239993555653233,0.40944456200281004,0.3237294554645329,0.46157019022356105,0.04774018828826265,-0.22018420315369847,H1,"H1,H2,OOS,DD,CAGR"
A,SMALL,SMALLk40d06,SMALL,10.0,6W,3,2,False,2.719566902330183,0.04320342175744796,0.4569529698897491,-0.2398265210913827,0.5272667270472423,0.4145665531062292,0.4365470521819684,0.4733650414933151,0.04918392379936565,-0.23982652109138203,H1,"H1,H2,OOS,DD,CAGR"
A,SMALL,SMALLk40d06,SMALL,10.0,6W,3,3,False,2.736592200639018,0.03837621920763512,0.42101857082537564,-0.23820441392577407,0.573368659979124,0.31927036726619196,0.5087439522102072,0.3896240553432772,0.03832428673053867,-0.23820441392577552,"H1,H2","H1,H2,OOS,DD,CAGR"
A,SMALL,SMALLk40d06,SMALL,10.0,6W,3,4,False,2.678667653912512,0.04098094750920711,0.4468680101243373,-0.24008134496166866,0.6483208120357101,0.3051196656993333,0.6414516932980434,0.36320920458430467,0.034810659173022396,-0.24008134496166778,"H1,H2","H1,H2,OOS,DD,CAGR"
A,SMALL,SMALLk40d06,SMALL,10.0,6W,4,0,False,2.702441690297595,0.04259857612401041,0.4629176623720472,-0.27132701331954867,0.6149581588274625,0.353881092823612,0.5987759986512454,0.40540825394534713,0.039515102481394004,-0.27132701331955067,"H1,H2","H1,H2,OOS,DD,CAGR"
A,SMALL,SMALLk40d06,SMALL,10.0,6W,4,1,False,2.731123126535445,0.03884643552461986,0.4223956651593575,-0.30891787716448704,0.5741741177697277,0.31635685281713505,0.5550724554872092,0.36710785557916376,0.0356632453732868,-0.3089178771644884,"H1,H2","H1,H2,OOS,DD,CAGR"
A,SMALL,SMALLk40d06,SMALL,10.0,6W,4,2,False,2.757485509380097,0.03644910783580113,0.39562937000135495,-0.29581786921465036,0.5789374537082196,0.2635595926546929,0.47398014289375806,0.36426168869232023,0.03568364410338232,-0.2958178692146507,"H1,H2","H1,H2,OOS,DD,CAGR"
A,SMALL,SMALLk40d06,SMALL,10.0,6W,4,3,False,2.72954472289991,0.03742093882885,0.40777923041749486,-0.288198672158953,0.6426168568230445,0.243540216925195,0.5276869323989887,0.3600143522166794,0.03510457013885371,-0.28819867215895134,"H1,H2","H1,H2,OOS,DD,CAGR"
A,SMALL,SMALLk40d06,SMALL,10.0,6W,4,4,False,2.642240743151256,0.040559116325345146,0.43254848420108344,-0.2891791795393298,0.5573275421515764,0.3484750069965325,0.4340088231367441,0.4386765597974611,0.04497732553992617,-0.28917917953933026,"H1,H2","H1,H2,OOS,DD,CAGR"
A,SMALL,SMALLk40d06,SMALL,10.0,6W,5,0,False,2.628201980080061,0.026113972061369006,0.29937099183928034,-0.2927540716400856,0.485646456162718,0.16769701306598953,0.38811877787223037,0.26405529782090575,0.02405630090132127,-0.29275407164008405,"H1,H2","H1,H2,OOS,DD,CAGR"
A,SMALL,SMALLk40d06,SMALL,10.0,6W,5,1,False,2.6817004992682487,0.029014544936692088,0.3254944678051315,-0.2951435582323191,0.5555984412814549,0.16322974200616255,0.5008833853711092,0.2522961291414011,0.022763896974346443,-0.2951435582323192,"H1,H2","H1,H2,OOS,DD,CAGR"
A,SMALL,SMALLk40d06,SMALL,10.0,6W,5,2,False,2.6609340326916007,0.03433436078345431,0.3727205636843018,-0.310316407758205,0.6135371902281521,0.2045476860031921,0.5630826342246575,0.2945612009847874,0.02798345256297541,-0.31031640775820557,"H1,H2","H1,H2,OOS,DD,CAGR"
A,SMALL,SMALLk40d06,SMALL,10.0,6W,5,3,False,2.6538991473508573,0.03236292137636143,0.3586221916147152,-0.2885495051970145,0.6286588264147328,0.1612211270632074,0.4314662169410626,0.33099598638824407,0.03183390610991643,-0.28854950519701417,"H1,H2","H1,H2,OOS,DD,CAGR"
A,SMALL,SMALLk40d06,SMALL,10.0,6W,5,4,False,2.6627180728990747,0.026365543894145693,0.300236984346852,-0.3046812513328515,0.49603155057052445,0.1590978147190402,0.3864238603491627,0.2670589085113484,0.024607912416652944,-0.3046812513328512,"H1,H2","H1,H2,OOS,DD,CAGR"
A,SMALL,SMALLk40d06,SMALL,10.0,Q,0,0,True,1.6023562560462319,0.025432612541009147,0.2758361156732316,-0.36380161701037195,0.48312561366381135,0.14519747683509757,0.32757139377483835,0.2612074695114784,0.025776696450981573,-0.36380161701037117,"H1,H2,DD","H1,H2,OOS,DD,CAGR"
A,SMALL,SMALLk40d06,SMALL,10.0,Q,0,1,False,1.615294835741785,0.02419005692434628,0.2671894224572905,-0.38848831437788767,0.38804565527158896,0.19039049215152515,0.30662924507570927,0.2554328498223154,0.024629921614228056,-0.3884883143778891,"H1,H2,DD","H1,H2,OOS,DD,CAGR"
A,SMALL,SMALLk40d06,SMALL,10.0,Q,0,2,False,1.5896038096507685,0.018641391278328978,0.22030886271689218,-0.38496779452949303,0.33541798144909574,0.1470648177950712,0.2431706937811241,0.21505530988846747,0.019322349559207197,-0.3849677945294928,"H1,H2,DD","H1,H2,OOS,DD,CAGR"
A,SMALL,SMALLk40d06,SMALL,10.0,Q,0,3,False,1.655619566830673,0.027246422941701987,0.29392146023144755,-0.38001113246208273,0.3926836011591358,0.2374198329052538,0.26534531026631747,0.3124890342628098,0.03217331158586956,-0.38001113246208107,"H1,H2,DD","H1,H2,OOS,DD,CAGR"
A,SMALL,SMALLk40d06,SMALL,10.0,Q,0,4,False,1.6534060257063374,0.02259058537655223,0.25421546693754565,-0.38800797210032056,0.2695430836003784,0.2508854945169376,0.1738576830690571,0.29387804271634943,0.02947467981133567,-0.3880079721003221,"H1,H2,DD","H1,H2,OOS,DD,CAGR"
A,SMALL,SMALLk40d07,SMALL,10.0,D,0,0,True,13.968875546622689,0.011966806282855513,0.17011187235288142,-0.2745783621280753,-0.04946263853041529,0.3399691571821329,-0.07263360016267031,0.28940878329167685,0.02546795956345016,-0.20308705756703171,"H1,H2","H1,H2,OOS,DD,CAGR"
A,SMALL,SMALLk40d07,SMALL,10.0,2D,0,0,True,10.140988299679591,0.019047558636582362,0.23979492326663093,-0.2431686634146346,0.016279573890053255,0.4135469846242404,-0.041288415640432126,0.3778000788832098,0.03545767583887649,-0.18763160792357048,H1,"H1,H2,OOS,DD,CAGR"
A,SMALL,SMALLk40d07,SMALL,10.0,2D,1,0,False,10.1011400810576,0.014464926911766707,0.19509723669659312,-0.25073364058330094,0.07691320103450187,0.28742593622229934,0.1285715048743988,0.22907263046505,0.018939130964874762,-0.23887416113862048,"H1,H2","H1,H2,OOS,DD,CAGR"
A,SMALL,SMALLk40d07,SMALL,10.0,W,0,0,True,6.97070417603592,0.017580941403639416,0.22434907800046758,-0.2791634416565807,0.08187975777440383,0.33495883908815405,0.09224854211163748,0.28969103620446174,0.025917392345925494,-0.20577019167108013,"H1,H2","H1,H2,OOS,DD,CAGR"
A,SMALL,SMALLk40d07,SMALL,10.0,W,0,1,False,6.890038526733907,0.01351589760771188,0.1844878189609785,-0.2711957001444151,0.1341797957771172,0.22570362423357074,0.20650020499608196,0.17565026297992087,0.013234420798767133,-0.22614645134141764,"H1,H2","H1,H2,OOS,DD,CAGR"
A,SMALL,SMALLk40d07,SMALL,10.0,W,0,2,False,6.728140153833442,0.017142362588570936,0.21986114299938003,-0.2752467222031626,0.03575901067082419,0.3618542064934337,0.08484944809558222,0.2870460064228071,0.025595166440169015,-0.20618838893485503,"H1,H2","H1,H2,OOS,DD,CAGR"
A,SMALL,SMALLk40d07,SMALL,10.0,W,0,3,False,6.795952800417835,0.03140808153152297,0.3587477343425256,-0.2188547044402529,0.11597141821030407,0.548260065135479,0.10313628528747974,0.48579163591472946,0.047958489446064734,-0.1730731804444149,H1,"H1,H2,OOS,DD,CAGR"
A,SMALL,SMALLk40d07,SMALL,10.0,W,0,4,False,6.7462557428738785,0.027988162137668082,0.32531835414321075,-0.200898798072079,0.19580050507799543,0.42768711906451096,0.22766534864054494,0.3752220704225598,0.03565833127688034,-0.19768630057557857,H1,"H1,H2,OOS,CAGR"
A,SMALL,SMALLk40d07,SMALL,10.0,2W,0,0,True,4.954505446795589,0.02868916848486136,0.32963827231936954,-0.20152700665605427,0.29967500336936553,0.3581976722200316,0.363186310367354,0.3178101148678411,0.029492325227856275,-0.20152700665605516,"H1,H2","H1,H2,OOS,CAGR"
A,SMALL,SMALLk40d07,SMALL,10.0,2W,0,1,False,4.966446482663353,0.030555820951360113,0.3482275664173653,-0.24484791292419672,0.23033461169950586,0.44199003079079124,0.34847080739867603,0.35231578039126626,0.033369355713353865,-0.24304502753874624,H1,"H1,H2,OOS,DD,CAGR"
A,SMALL,SMALLk40d07,SMALL,10.0,2W,0,2,False,5.019091576607582,0.02824508057117181,0.3263695786949889,-0.26954964372496315,0.13548676934017526,0.47411336840543095,0.2234822146237842,0.3787665785620508,0.036253250860184494,-0.22815831428543232,H1,"H1,H2,OOS,DD,CAGR"
A,SMALL,SMALLk40d07,SMALL,10.0,2W,0,3,False,4.962361046329177,0.03283889493230796,0.36800190774465835,-0.2649528536391689,0.13846146222788827,0.5455435591013985,0.20859419741714297,0.4483566107482704,0.04442687524753208,-0.1999526330369621,H1,"H1,H2,OOS,DD,CAGR"
A,SMALL,SMALLk40d07,SMALL,10.0,2W,0,4,False,4.951430691066805,0.030834767292356124,0.3490045912008297,-0.2472383581429628,0.22701618477549498,0.446548911070919,0.3036193937089856,0.37439118008459804,0.03601190482499139,-0.23435726273633928,H1,"H1,H2,OOS,DD,CAGR"
A,SMALL,SMALLk40d07,SMALL,10.0,2W,1,0,False,4.965978166539451,0.020055616351885464,0.2471433974994879,-0.3020865928401475,0.1320285136629632,0.33851199472768184,0.148098785702086,0.2974518697657576,0.026906311652771464,-0.25554498095837275,"H1,H2","H1,H2,OOS,DD,CAGR"
A,SMALL,SMALLk40d07,SMALL,10.0,2W,1,1,False,4.906692941110345,0.023278993971309392,0.2777499027456886,-0.24075046311826975,0.28245351812195574,0.278586606506174,0.3062550630088772,0.26669111401220197,0.02353740536813742,-0.24075046311827009,"H1,H2","H1,H2,OOS,DD,CAGR"
A,SMALL,SMALLk40d07,SMALL,10.0,2W,1,2,False,4.903725768122467,0.01608436171716887,0.2068938717634262,-0.25309834876083026,0.2034597014806763,0.21328374752742418,0.1881861365794503,0.2180168446587163,0.018259719267540886,-0.23521099474496832,"H1,H2","H1,H2,OOS,DD,CAGR"
A,SMALL,SMALLk40d07,SMALL,10.0,2W,1,3,False,4.891510602629966,0.022738760501860522,0.27188463707302407,-0.21267024483526153,0.22548671467481915,0.31150830107344923,0.18475736715583602,0.3163895463456672,0.02928918837610639,-0.21267024483526387,"H1,H2","H1,H2,OOS,DD,CAGR"
A,SMALL,SMALLk40d07,SMALL,10.0,2W,1,4,False,4.956284439891137,0.02071804550234213,0.2514938210958369,-0.23919727830190252,0.2799174305529412,0.23569605864273685,0.33484230081866256,0.21604430873437072,0.01810416198513365,-0.23919727830190107,"H1,H2","H1,H2,OOS,DD,CAGR"
A,SMALL,SMALLk40d07,SMALL,10.0,M,0,0,True,3.3371345412565265,0.030507754072832682,0.3461574058789276,-0.3094375954002402,0.2871031663614383,0.3965543378860381,0.4067474295606009,0.3209313027392065,0.029831956697529582,-0.2769001772618328,"H1,H2","H1,H2,OOS,DD,CAGR"
A,SMALL,SMALLk40d07,SMALL,10.0,M,0,1,False,3.352532156217769,0.03958953624455952,0.4274159665457009,-0.3020557752300196,0.2766014597666058,0.548539293856855,0.39556842468023024,0.4473326758522999,0.04503369816590341,-0.2764259055760041,H1,"H1,H2,OOS,DD,CAGR"
A,SMALL,SMALLk40d07,SMALL,10.0,M,0,2,False,3.3417694574385504,0.030455925233890513,0.3467392401397864,-0.2788690719556116,0.21981753408301527,0.44919075690780114,0.30442897679941583,0.37053894043382907,0.0352693531207684,-0.264528637520688,H1,"H1,H2,OOS,DD,CAGR"
A,SMALL,SMALLk40d07,SMALL,10.0,M,0,3,False,3.3898808369709883,0.03059629055034252,0.34187382653962417,-0.2642005986318233,0.21733433052225037,0.43977835713637614,0.3344094785585733,0.3495608171695391,0.033837634631834757,-0.2531043768675296,H1,"H1,H2,OOS,DD,CAGR"
A,SMALL,SMALLk40d07,SMALL,10.0,M,0,4,False,3.3723159031498797,0.02230203113793583,0.26215496021560486,-0.3737417257798892,0.18230445405433174,0.3250685086010706,0.34867145010145373,0.22553383296639792,0.019543660694357978,-0.3413375165222968,"H1,H2,DD","H1,H2,OOS,DD,CAGR"
A,SMALL,SMALLk40d07,SMALL,10.0,6W,0,0,True,2.7416429601278693,0.03046345535672823,0.3346198678760581,-0.3428973605697251,0.2602695501361264,0.3957570002505755,0.2916678698410725,0.3589244524619038,0.035806274121110704,-0.34289736056972675,"H1,H2","H1,H2,OOS,DD,CAGR"
A,SMALL,SMALLk40d07,SMALL,10.0,6W,0,1,False,2.8001537303279145,0.020823259596293164,0.24621804773833675,-0.3288898554562045,0.2345569867017368,0.2600913151022729,0.25834255497084563,0.24390321902245113,0.02196063140586757,-0.3288898554562045,"H1,H2","H1,H2,OOS,DD,CAGR"
A,SMALL,SMALLk40d07,SMALL,10.0,6W,0,2,False,2.8241610583469328,0.026489833212526737,0.2953026750929048,-0.35865292163209594,0.2456773282152386,0.337677759688882,0.28973733983972677,0.30191153524179276,0.029282300469649192,-0.35865292163209617,"H1,H2","H1,H2,OOS,DD,CAGR"
A,SMALL,SMALLk40d07,SMALL,10.0,6W,0,3,False,2.7529825592564756,0.02652236962065646,0.30016604012762205,-0.3451532302956348,0.30966347859544685,0.29945614833274514,0.3342621700717088,0.288110963951711,0.027030913180666527,-0.34515323029563516,"H1,H2","H1,H2,OOS,DD,CAGR"
A,SMALL,SMALLk40d07,SMALL,10.0,6W,0,4,False,2.6592161827043532,0.017983782958727268,0.22262415050901518,-0.3490792093422711,0.2297239460856571,0.22122801136489123,0.22048241387327863,0.2260929143670937,0.019454443675092303,-0.34907920934227077,"H1,H2","H1,H2,OOS,DD,CAGR"
A,SMALL,SMALLk40d07,SMALL,10.0,6W,1,0,False,2.691338791654139,0.008993472848171313,0.13851172694312355,-0.37878787745185605,0.1360882025359005,0.14280519022091204,0.3319551438899825,0.04536873824276088,-0.0011543694099414026,-0.3316847959871635,"H1,H2,DD","H1,H2,OOS,DD,CAGR"
A,SMALL,SMALLk40d07,SMALL,10.0,6W,1,1,False,2.670913665063817,0.018737093273131444,0.2322429310539031,-0.3465287911795969,0.1466068796776003,0.30041091641143525,0.3803053332726541,0.16213654493261995,0.011896073443319777,-0.31088251469708894,"H1,H2","H1,H2,OOS,DD,CAGR"
A,SMALL,SMALLk40d07,SMALL,10.0,6W,1,2,False,2.7352846471051206,0.015406495599417092,0.19855507016440552,-0.3746580133656542,0.07032095201963634,0.29682421775889833,0.30665054174563405,0.14883222015831382,0.010496304187633587,-0.32652731854978223,"H1,H2,DD","H1,H2,OOS,DD,CAGR"
A,SMALL,SMALLk40d07,SMALL,10.0,6W,1,3,False,2.7441640301350723,0.03148931330944116,0.3491384462720797,-0.2315284564934379,0.22931423686687347,0.4453000786338049,0.33990632801090115,0.35705105134337095,0.03460934610442101,-0.23152845649343767,H1,"H1,H2,OOS,DD,CAGR"
A,SMALL,SMALLk40d07,SMALL,10.0,6W,1,4,False,2.767178828118988,0.03245141838406851,0.3534504079460727,-0.26163074803424724,0.27699670350397515,0.41632252172662393,0.3430931114000401,0.3630633830225075,0.036231199581901796,-0.2616307480342491,H1,"H1,H2,OOS,DD,CAGR"
A,SMALL,SMALLk40d07,SMALL,10.0,6W,2,0,False,2.770681660270418,0.03535170261114273,0.38375153702146686,-0.23993364131845518,0.24009594976919282,0.4953540308970359,0.27692403008862265,0.4380233918410268,0.04481871542118676,-0.23993364131845463,H1,"H1,H2,OOS,DD,CAGR"
A,SMALL,SMALLk40d07,SMALL,10.0,6W,2,1,False,2.7615410414110166,0.04008344738702174,0.4247707499257067,-0.2702838332927817,0.291325981707197,0.5297813989592813,0.3558542760235814,0.4623190130676828,0.048187709487673924,-0.27028383329278227,H1,"H1,H2,OOS,DD,CAGR"
A,SMALL,SMALLk40d07,SMALL,10.0,6W,2,2,False,2.8467729428082613,0.03702160209454619,0.40087929834726455,-0.25745829467069503,0.2537444008619645,0.5154584942401266,0.39025535766307573,0.41152242142677425,0.04147611033885901,-0.2532920956627889,H1,"H1,H2,OOS,DD,CAGR"
A,SMALL,SMALLk40d07,SMALL,10.0,6W,2,3,False,2.7945050648803686,0.032312234842614584,0.35467813473249094,-0.3120350031196476,0.10476364619387048,0.5404378548198876,0.19889139270438394,0.4315872110970179,0.04405632704993745,-0.23431883769413353,H1,"H1,H2,OOS,DD,CAGR"
A,SMALL,SMALLk40d07,SMALL,10.0,6W,2,4,False,2.802240528823083,0.03675687737563216,0.39476207296186544,-0.24115206537169476,0.25242333809362516,0.5050232216344801,0.40378696083035326,0.39650863543831866,0.04013642454193023,-0.2411520653716942,H1,"H1,H2,OOS,DD,CAGR"
A,SMALL,SMALLk40d07,SMALL,10.0,6W,3,0,False,2.7925016403615652,0.03306289625612391,0.36345671569780524,-0.3059725058006372,0.04631851867702668,0.5994195363130355,0.12748189264714815,0.4779752770626369,0.049302626444388986,-0.2214863599219875,H1,"H1,H2,OOS,DD,CAGR"
A,SMALL,SMALLk40d07,SMALL,10.0,6W,3,1,False,2.7456347607577767,0.036923114198017304,0.406796362683313,-0.24549382206178583,0.21407830603740888,0.5581006185905043,0.270262974487153,0.47650877453852786,0.04768333592443863,-0.20857096405296682,H1,"H1,H2,OOS,DD,CAGR"
A,SMALL,SMALLk40d07,SMALL,10.0,6W,3,2,False,2.714117673003104,0.03876747104066469,0.41518603822079536,-0.20774469007885998,0.2923744237340515,0.5127132243781801,0.3024686951256999,0.4726320907896086,0.04896873532175272,-0.200222975082609,H1,"H1,H2,OOS,DD,CAGR"
A,SMALL,SMALLk40d07,SMALL,10.0,6W,3,3,False,2.73771066443387,0.035933898153806876,0.39414388415194684,-0.2108371188537379,0.31570050235151226,0.45964616223689087,0.31497563158844016,0.4359511483159603,0.043752485418404374,-0.20091168760930722,H1,"H1,H2,OOS,DD,CAGR"
A,SMALL,SMALLk40d07,SMALL,10.0,6W,3,4,False,2.6768127673985234,0.0375220880886844,0.4110148087074363,-0.18545715105810034,0.3622129066714821,0.4552367761141752,0.4006947552158548,0.4209825793296804,0.04173788047252125,-0.1854571510581008,H1,"H1,H2,OOS,CAGR"
A,SMALL,SMALLk40d07,SMALL,10.0,6W,4,0,False,2.7380359023346927,0.035862930773489454,0.3987716582107932,-0.23533286302167633,0.3162376566262614,0.4674685568872475,0.4156715021231645,0.3954727054529294,0.038293052122778226,-0.20669365382691351,H1,"H1,H2,OOS,DD,CAGR"
A,SMALL,SMALLk40d07,SMALL,10.0,6W,4,1,False,2.7462440476745065,0.03278058706134401,0.36637406601675215,-0.2350675254518716,0.31825276203984615,0.40898192456113286,0.3069593428022726,0.398642228593314,0.0391233877553292,-0.2350675254518707,H1,"H1,H2,OOS,DD,CAGR"
A,SMALL,SMALLk40d07,SMALL,10.0,6W,4,2,False,2.7298398570045337,0.038553611500318,0.4208683968852464,-0.20378261618215887,0.31989521248421626,0.5032685938757884,0.30890121276300425,0.47824475038634146,0.0484550929305283,-0.2037826161821562,H1,"H1,H2,OOS,DD,CAGR"
A,SMALL,SMALLk40d07,SMALL,10.0,6W,4,3,False,2.7585119886775997,0.044371491919644734,0.470414467155842,-0.22167333834635772,0.35575055020339297,0.5636348394995135,0.3831096735954589,0.5169700951250943,0.053738022072956415,-0.22167333834635872,H1,"H1,H2,OOS,DD,CAGR"
A,SMALL,SMALLk40d07,SMALL,10.0,6W,4,4,False,2.66019988654763,0.0323862489772877,0.3538100649634986,-0.31618919611403884,0.31673294987722816,0.3892175545672386,0.43670305235776724,0.32312031250754564,0.03152832026132679,-0.3161891961140392,"H1,H2","H1,H2,OOS,DD,CAGR"
A,SMALL,SMALLk40d07,SMALL,10.0,6W,5,0,False,2.669430791304925,0.025575921732567286,0.28870123904364625,-0.34267730477816616,0.38267944113379726,0.230331549927566,0.4299941911954244,0.2299432078504847,0.020449414646871222,-0.34267730477816727,"H1,H2","H1,H2,OOS,DD,CAGR"
A,SMALL,SMALLk40d07,SMALL,10.0,6W,5,1,False,2.7759728385193707,0.02881900127686099,0.31514299702810156,-0.3389586086155818,0.26367399304997025,0.35940052613092327,0.3116385457309599,0.3215466625556971,0.03193282980443346,-0.3389586086155827,"H1,H2","H1,H2,OOS,DD,CAGR"
A,SMALL,SMALLk40d07,SMALL,10.0,6W,5,2,False,2.791830632416484,0.026883334341601284,0.29911546798499256,-0.34881879465224186,0.29007053013767164,0.31337412848057944,0.2546342623472071,0.3237500889212191,0.03204941871218869,-0.3488187946522403,"H1,H2","H1,H2,OOS,DD,CAGR"
A,SMALL,SMALLk40d07,SMALL,10.0,6W,5,3,False,2.766521882480841,0.03141065679362165,0.34776517851106803,-0.3121263928445964,0.3167913155204459,0.377369798635924,0.2646695030802207,0.39093501166789363,0.03887843871692542,-0.31212639284459576,"H1,H2","H1,H2,OOS,DD,CAGR"
A,SMALL,SMALLk40d07,SMALL,10.0,6W,5,4,False,2.77055876462969,0.025778772922580684,0.29293377354304073,-0.33409073797102573,0.2513837607772342,0.32941470900336706,0.2799970287337995,0.3029650182382146,0.02894176612532906,-0.3340907379710254,"H1,H2","H1,H2,OOS,DD,CAGR"
A,SMALL,SMALLk40d07,SMALL,10.0,Q,0,0,True,1.5974022340982064,0.02228350882431407,0.25169841097816437,-0.3780824932184036,0.20008129343887235,0.29436361311941167,0.25108432087166405,0.2565510576211111,0.02460016660817299,-0.3780824932184039,"H1,H2,DD","H1,H2,OOS,DD,CAGR"
A,SMALL,SMALLk40d07,SMALL,10.0,Q,0,1,False,1.6450966966102285,0.026071433588661153,0.28689027931949157,-0.35999044019122173,0.17347963519509074,0.3732305405075162,0.23225864525378928,0.31592127040187784,0.03181362183449177,-0.35999044019122184,"H1,H2","H1,H2,OOS,DD,CAGR"
A,SMALL,SMALLk40d07,SMALL,10.0,Q,0,2,False,1.6145134187489794,0.030402818232436513,0.3276716920467436,-0.35597139639327957,0.2698082459204851,0.37671947798525085,0.22993315492878783,0.3761369461312028,0.03933079966614095,-0.35597139639328035,"H1,H2","H1,H2,OOS,DD,CAGR"
A,SMALL,SMALLk40d07,SMALL,10.0,Q,0,3,False,1.6491118808232539,0.03021988365708972,0.32691564725267597,-0.3447048143755508,0.3045565452305028,0.350630765348546,0.21820030200957743,0.380172857577316,0.03967207595959299,-0.3447048143755499,"H1,H2","H1,H2,OOS,DD,CAGR"
A,SMALL,SMALLk40d07,SMALL,10.0,Q,0,4,False,1.5745647732505164,0.026534615657077154,0.2993792626583341,-0.3733494312144411,0.25833728294587893,0.3355579774933084,0.2870805879041229,0.3098012171883272,0.02998197149936166,-0.373349431214442,"H1,H2,DD","H1,H2,OOS,DD,CAGR"
A,SMALL,SMALLk40d08,SMALL,10.0,D,0,0,True,14.141165238783515,0.03458174331294206,0.4052946216844738,-0.2831806116547958,0.3709545023094866,0.43695830041766054,0.41300349247772283,0.4029393436812254,0.036055391599637554,-0.28318061165479613,H1,"H1,H2,OOS,DD,CAGR"
A,SMALL,SMALLk40d08,SMALL,10.0,2D,0,0,True,10.438507446485795,0.04051757475257345,0.4633513142002353,-0.2775361552576713,0.41242954653434244,0.5091283419791262,0.46032610195693463,0.4669442743254094,0.042985562227715546,-0.27753615525767383,H1,"H1,H2,OOS,DD,CAGR"
A,SMALL,SMALLk40d08,SMALL,10.0,2D,1,0,False,10.393899302096761,0.037615293791752435,0.4342672979687844,-0.2862775520162123,0.4327994930842564,0.4394696951661075,0.5276452206813619,0.38729596652166326,0.03463918023855905,-0.28627755201621385,H1,"H1,H2,OOS,DD,CAGR"
A,SMALL,SMALLk40d08,SMALL,10.0,W,0,0,True,7.09005750826831,0.03575582256755028,0.4114514553469279,-0.29890458416767696,0.4211940234655981,0.4078785263149017,0.5696340407088144,0.3320939039940841,0.029302300699243,-0.2989045841676764,H1,"H1,H2,OOS,DD,CAGR"
A,SMALL,SMALLk40d08,SMALL,10.0,W,0,1,False,7.303751519891995,0.03373962987760515,0.3924608625734792,-0.3037158381800038,0.40954401528640805,0.3824800248049303,0.5182051505334764,0.32867427317839126,0.02876121701857115,-0.30371583818000414,"H1,H2","H1,H2,OOS,DD,CAGR"
A,SMALL,SMALLk40d08,SMALL,10.0,W,0,2,False,7.110640266460471,0.03399006121366921,0.39375130404683295,-0.2915102885607933,0.2997130217286912,0.474359396144408,0.42162241728908056,0.3804752823333736,0.03419271797914303,-0.29151028856079286,H1,"H1,H2,OOS,DD,CAGR"
A,SMALL,SMALLk40d08,SMALL,10.0,W,0,3,False,7.0571082011737385,0.0441116063348701,0.49296366613474724,-0.2736116252495022,0.32464152926859896,0.6336998758458711,0.47936307448622867,0.5024486217406703,0.04756379699079649,-0.27361162524950056,H1,"H1,H2,OOS,DD,CAGR"
A,SMALL,SMALLk40d08,SMALL,10.0,W,0,4,False,7.14025466453038,0.03761613405451425,0.4298729433348169,-0.26603365173709903,0.34832059612428945,0.5002772176285056,0.5031620059483757,0.3935039611656079,0.03570770773896914,-0.2660336517370995,H1,"H1,H2,OOS,DD,CAGR"
A,SMALL,SMALLk40d08,SMALL,10.0,2W,0,0,True,5.2606159511454305,0.03848942538696565,0.434033633172345,-0.2841033717670727,0.4604875097894791,0.4165498879599911,0.6533386153766454,0.32037569503466345,0.028230526754347007,-0.284103371767074,H1,"H1,H2,OOS,DD,CAGR"
A,SMALL,SMALLk40d08,SMALL,10.0,2W,0,1,False,5.233445089560076,0.0431046858488191,0.48093634167792393,-0.2645321554082152,0.4797143569999694,0.48600470585859185,0.6332768944978553,0.4013155653143774,0.036618635801572985,-0.2645321554082144,H1,"H1,H2,OOS,DD,CAGR"
A,SMALL,SMALLk40d08,SMALL,10.0,2W,0,2,False,5.182853206031415,0.030639519806862303,0.3582923523839062,-0.29290137870539956,0.35141522491902644,0.36711074288953643,0.42138337319070035,0.32617950902607185,0.02864903711393252,-0.2929013787054009,"H1,H2","H1,H2,OOS,DD,CAGR"
A,SMALL,SMALLk40d08,SMALL,10.0,2W,0,3,False,5.106325299714133,0.047249672449620084,0.5164812090618199,-0.2860257242834967,0.45967460661893617,0.5675682090265999,0.6238114818337521,0.4637482398427559,0.04415504728934816,-0.28602572428349593,H1,"H1,H2,OOS,DD,CAGR"
A,SMALL,SMALLk40d08,SMALL,10.0,2W,0,4,False,5.2339716033415336,0.03974477222025885,0.44315825458230274,-0.2759288223180125,0.33949670858377823,0.5303038301417909,0.4870108625190027,0.4239098266917994,0.04007802118241033,-0.27592882231801297,H1,"H1,H2,OOS,DD,CAGR"
A,SMALL,SMALLk40d08,SMALL,10.0,2W,1,0,False,5.252360011988287,0.030906201535958022,0.3578518683095131,-0.30936506398134167,0.2795778084166451,0.42418607200017,0.4160878570491163,0.33023079718685044,0.029645568265556754,-0.30936506398134245,H1,"H1,H2,OOS,DD,CAGR"
A,SMALL,SMALLk40d08,SMALL,10.0,2W,1,1,False,5.322588185093306,0.03556566967356334,0.4041962778838793,-0.2644168858511565,0.33848035113496144,0.461026527154251,0.47196089935831387,0.37186335789603087,0.0340881669505011,-0.26441688585115575,H1,"H1,H2,OOS,DD,CAGR"
A,SMALL,SMALLk40d08,SMALL,10.0,2W,1,2,False,5.330408786875117,0.0365421355468003,0.4119478271973185,-0.29925712697078866,0.3063228704094177,0.5015215962139133,0.5333723717601214,0.3507683074965282,0.03182380953953756,-0.29593403569446,H1,"H1,H2,OOS,DD,CAGR"
A,SMALL,SMALLk40d08,SMALL,10.0,2W,1,3,False,5.259416296944131,0.0399355169894231,0.4469292112868984,-0.28683608011986095,0.29751355839309146,0.5723941444534055,0.5010035298445137,0.4207591211404751,0.03920066195524452,-0.2868360801198627,H1,"H1,H2,OOS,DD,CAGR"
A,SMALL,SMALLk40d08,SMALL,10.0,2W,1,4,False,5.274593070136626,0.03528220723292819,0.402179946001729,-0.310043421419972,0.38422577566741944,0.42042053070727775,0.5893526233229229,0.3049542931863639,0.026591724758252333,-0.3100434214199711,H1,"H1,H2,OOS,DD,CAGR"
A,SMALL,SMALLk40d08,SMALL,10.0,M,0,0,True,3.7177179981056585,0.051255397054637,0.5479934265228388,-0.26625358472873883,0.47820700733474103,0.6098372754935327,0.5232271947232805,0.5634456207782947,0.05575092187252917,-0.2662535847287384,H1,"H1,H2,OOS,DD,CAGR"
A,SMALL,SMALLk40d08,SMALL,10.0,M,0,1,False,3.65866948732685,0.049247145820407345,0.528538847799015,-0.2774401151537924,0.44260689119737284,0.6030033708230513,0.5313360968228642,0.529706586458514,0.05212659944090281,-0.27744011515379263,H1,"H1,H2,OOS,DD,CAGR"
A,SMALL,SMALLk40d08,SMALL,10.0,M,0,2,False,3.70547439532652,0.06004156873382094,0.6354654388134809,-0.2737984293691629,0.5042578652526798,0.7470492545866821,0.6568211870731385,0.6280551091030646,0.06285617866263826,-0.27379842936916454,H1,"H1,H2,OOS,DD,CAGR"
A,SMALL,SMALLk40d08,SMALL,10.0,M,0,3,False,3.5558821506268536,0.055248533790316356,0.5859235284280294,-0.3012889808902163,0.4926741451443949,0.6665717403068809,0.7113559804634602,0.5258828135436244,0.05194880989328898,-0.3012889808902156,H1,"H1,H2,OOS,DD,CAGR"
A,SMALL,SMALLk40d08,SMALL,10.0,M,0,4,False,3.645507761959461,0.04546245265114446,0.4867704770784015,-0.3322742268161418,0.46346122037172033,0.5120858199273279,0.6801797581118357,0.3938950390887536,0.03785333379442313,-0.3322742268161434,H1,"H1,H2,OOS,DD,CAGR"
A,SMALL,SMALLk40d08,SMALL,10.0,6W,0,0,True,2.982017161658439,0.018875784313791444,0.23166937775211396,-0.3443316330658114,0.23811381010095012,0.23045861688503028,0.32287381110147306,0.1882447095560808,0.014914283502755366,-0.34433163306581194,"H1,H2","H1,H2,OOS,DD,CAGR"
A,SMALL,SMALLk40d08,SMALL,10.0,6W,0,1,False,2.912776555229824,0.026770576935847945,0.30873889676365424,-0.330134892130595,0.3808444882911091,0.25863966159952,0.5342449752004527,0.1993532075694282,0.01603525410065898,-0.3301348921305963,"H1,H2","H1,H2,OOS,DD,CAGR"
A,SMALL,SMALLk40d08,SMALL,10.0,6W,0,2,False,2.8947575833949535,0.03211441364338774,0.3619909359127954,-0.32906161560707037,0.4859035321596399,0.27567516991970803,0.5945695781770524,0.2512161092997588,0.021761681345942252,-0.3290616156070715,"H1,H2","H1,H2,OOS,DD,CAGR"
A,SMALL,SMALLk40d08,SMALL,10.0,6W,0,3,False,2.883612373626236,0.02865841356294685,0.3250748191293751,-0.36376097201034097,0.4979442283891429,0.206223064152789,0.6381448046090499,0.18034507553495926,0.014048480635044491,-0.3637609720103412,"H1,H2,DD","H1,H2,OOS,DD,CAGR"
A,SMALL,SMALLk40d08,SMALL,10.0,6W,0,4,False,2.9217910443539457,0.03660224386440847,0.40658216893033367,-0.2962172365890726,0.48904074004412745,0.3506252474566373,0.6312509027728078,0.2993823317311867,0.027014362627945543,-0.29621723658907206,"H1,H2","H1,H2,OOS,DD,CAGR"
A,SMALL,SMALLk40d08,SMALL,10.0,6W,1,0,False,2.9126099751917125,0.030119233331132866,0.34317829444075476,-0.3264143905016379,0.45595853141254483,0.2625147594481658,0.6154566314753657,0.21271987621306998,0.017444342074362407,-0.3264143905016381,"H1,H2","H1,H2,OOS,DD,CAGR"
A,SMALL,SMALLk40d08,SMALL,10.0,6W,1,1,False,2.9607814388996325,0.01931078021793242,0.2388279858104732,-0.3368254974248177,0.41496023229821893,0.10921024961215353,0.5725997500367053,0.07551620848847115,0.0022592271049937107,-0.3368254974248176,"H1,H2","H1,H2,OOS,DD,CAGR"
A,SMALL,SMALLk40d08,SMALL,10.0,6W,1,2,False,2.9816781800576506,0.02596474601666454,0.3020300496576521,-0.34921815501675835,0.41947267305720065,0.21840852369080038,0.6327413323343416,0.14011412409791701,0.009391064818091932,-0.34921815501675846,"H1,H2","H1,H2,OOS,DD,CAGR"
A,SMALL,SMALLk40d08,SMALL,10.0,6W,1,3,False,2.90161437224959,0.0316781132089492,0.35780224405725863,-0.32711106343921914,0.4189544220103023,0.31571836642182177,0.653984658762759,0.21050138287625372,0.017110457586658523,-0.32711106343922025,"H1,H2","H1,H2,OOS,DD,CAGR"
A,SMALL,SMALLk40d08,SMALL,10.0,6W,1,4,False,2.887466363544169,0.04059418854664121,0.43901995909121283,-0.3334215527375036,0.6114146963405849,0.31158598782043245,0.7981523714318205,0.258899507861722,0.02261018049507091,-0.33342155273750285,"H1,H2","H1,H2,OOS,DD,CAGR"
A,SMALL,SMALLk40d08,SMALL,10.0,6W,2,0,False,2.968121296477829,0.04516535478358508,0.4848572368730671,-0.2986148987591898,0.6778469150821747,0.3431529312391481,0.8490428733059363,0.30459589050400326,0.027630843929640436,-0.2986148987591897,"H1,H2","H1,H2,OOS,DD,CAGR"
A,SMALL,SMALLk40d08,SMALL,10.0,6W,2,1,False,2.924491585556208,0.047212822572996194,0.5027704044510733,-0.32098414137826026,0.6464922439481879,0.39633648162382024,0.8358410904139099,0.3324018394191548,0.030613173927076298,-0.32098414137826126,"H1,H2","H1,H2,OOS,DD,CAGR"
A,SMALL,SMALLk40d08,SMALL,10.0,6W,2,2,False,2.959014936230358,0.03870576641966439,0.42464965030280166,-0.3266761146275249,0.47524339465215043,0.39041414320619416,0.6556112402158406,0.3090443343673628,0.027989590403201037,-0.3266761146275243,"H1,H2","H1,H2,OOS,DD,CAGR"
A,SMALL,SMALLk40d08,SMALL,10.0,6W,2,3,False,2.9960016893989487,0.03996693294500808,0.4341146447859919,-0.31620735654390686,0.38812344947106464,0.47598041720509743,0.5961360529204034,0.35551106777268465,0.033509656828109025,-0.3091859752006574,H1,"H1,H2,OOS,DD,CAGR"
A,SMALL,SMALLk40d08,SMALL,10.0,6W,2,4,False,2.986882413156764,0.03097534326937823,0.35110982945487157,-0.3379941942328799,0.2672278983435292,0.42033477594356367,0.45027614195924404,0.3048083546552133,0.027725276445558666,-0.3194964233303582,H1,"H1,H2,OOS,DD,CAGR"
A,SMALL,SMALLk40d08,SMALL,10.0,6W,3,0,False,2.9626079561820124,0.0407559473617094,0.4414799335075998,-0.33761571809739754,0.26299806450695673,0.5855844668889746,0.3986222622900749,0.4660354375604329,0.04603489088427759,-0.3113778761306062,H1,"H1,H2,OOS,DD,CAGR"
A,SMALL,SMALLk40d08,SMALL,10.0,6W,3,1,False,2.9450605240527743,0.05036415326973831,0.5345523668035689,-0.2714159899331887,0.4353798774875135,0.6188419350088842,0.5549252812507771,0.5279357676285753,0.05286561256011302,-0.2714159899331898,H1,"H1,H2,OOS,DD,CAGR"
A,SMALL,SMALLk40d08,SMALL,10.0,6W,3,2,False,2.9383580533644853,0.04640620551689478,0.49996733834771,-0.3022677770920872,0.5080742767232783,0.4999566832434342,0.6578217715467336,0.4238736956365981,0.040782370091138054,-0.30226777709208785,H1,"H1,H2,OOS,DD,CAGR"
A,SMALL,SMALLk40d08,SMALL,10.0,6W,3,3,False,2.977143728083494,0.053577570129364815,0.5642486281320194,-0.33127576814274384,0.5505403360552504,0.5830036261667033,0.7535904009307304,0.4755751549165522,0.04717687462404885,-0.33127576814274395,H1,"H1,H2,OOS,DD,CAGR"
A,SMALL,SMALLk40d08,SMALL,10.0,6W,3,4,False,2.992656312773451,0.05126542638363052,0.5474346720485098,-0.31252076914343685,0.5123241560135818,0.5813566147040058,0.7360120921896677,0.45269960416152183,0.04358343297553002,-0.31252076914343785,H1,"H1,H2,OOS,DD,CAGR"
A,SMALL,SMALLk40d08,SMALL,10.0,6W,4,0,False,2.947631267763912,0.05749184125134654,0.6064418223913277,-0.29506802218254347,0.4855810805835164,0.7097974040232767,0.6963972249714373,0.5635860206918938,0.05609777030412766,-0.29506802218254213,H1,"H1,H2,OOS,DD,CAGR"
A,SMALL,SMALLk40d08,SMALL,10.0,6W,4,1,False,2.9252536645126868,0.05907701619208883,0.6272497924605888,-0.26438910482800115,0.5683159132755925,0.681104161554122,0.6969114894472644,0.5940892465453254,0.05873656467650279,-0.2643891048279996,H1,"H1,H2,OOS,DD,CAGR"
A,SMALL,SMALLk40d08,SMALL,10.0,6W,4,2,False,2.9637127559972765,0.058137371268556226,0.6114947290641805,-0.2589907631263556,0.48548820288353184,0.7192835088202764,0.5375750684337522,0.6529641149464781,0.06605291399924829,-0.2589907631263564,H1,"H1,H2,OOS,DD,CAGR"
A,SMALL,SMALLk40d08,SMALL,10.0,6W,4,3,False,2.98057651376353,0.06246712775815566,0.6428896552633017,-0.28656610579624386,0.6219713527269376,0.6662813254747484,0.7290942606045934,0.601298703551945,0.06124560716769811,-0.2865661057962454,H1,"H1,H2,OOS,DD,CAGR"
A,SMALL,SMALLk40d08,SMALL,10.0,6W,4,4,False,2.9220054952515153,0.05599025955448278,0.5829389304228505,-0.3356042063686946,0.6298606521301259,0.554697682830648,0.7085466107880148,0.5255395534924535,0.05326408070251154,-0.3356042063686939,H1,"H1,H2,OOS,DD,CAGR"
A,SMALL,SMALLk40d08,SMALL,10.0,6W,5,0,False,2.938316626396894,0.03861834020689758,0.4150441348164271,-0.35519028366476657,0.47285122616461883,0.3767849277729803,0.5494684027767519,0.35142102421294474,0.033704629977030054,-0.35519028366476557,"H1,H2","H1,H2,OOS,DD,CAGR"
A,SMALL,SMALLk40d08,SMALL,10.0,6W,5,1,False,2.9365531324069685,0.03313424011853994,0.3678255074230421,-0.3457177755888555,0.4789268432164669,0.2874861833341634,0.6184616270883725,0.24467121824727683,0.021143217930655434,-0.3457177755888552,"H1,H2","H1,H2,OOS,DD,CAGR"
A,SMALL,SMALLk40d08,SMALL,10.0,6W,5,2,False,2.975667135062739,0.029853646791898836,0.3361752591628374,-0.3671126231692474,0.4064224097361266,0.2852129496502197,0.5894090389483287,0.20931790037986564,0.017151459376501865,-0.3671126231692462,"H1,H2,DD","H1,H2,OOS,DD,CAGR"
A,SMALL,SMALLk40d08,SMALL,10.0,6W,5,3,False,2.972906381850263,0.03901289039719713,0.4250601921209163,-0.33735375333896134,0.30726828822852453,0.5230567202076415,0.4480799361606525,0.4158158191457011,0.04022389704275464,-0.33735375333896,H1,"H1,H2,OOS,DD,CAGR"
A,SMALL,SMALLk40d08,SMALL,10.0,6W,5,4,False,3.015813619816049,0.0270859450066121,0.30869560481346714,-0.34782017511073804,0.3111770681924873,0.31165709425757626,0.40735937172277664,0.26221075903320923,0.023366681756235907,-0.3478201751107366,"H1,H2","H1,H2,OOS,DD,CAGR"
A,SMALL,SMALLk40d08,SMALL,10.0,Q,0,0,True,1.654771554018572,0.03884923526028228,0.41116706968612515,-0.364839618967296,0.43535955533442217,0.3963308782631758,0.5685030152200926,0.3315876569433195,0.03157965185197997,-0.36483961896729433,"H1,H2,DD","H1,H2,OOS,DD,CAGR"
A,SMALL,SMALLk40d08,SMALL,10.0,Q,0,1,False,1.686360099331643,0.03551868356201937,0.38779602583003775,-0.35361314537914357,0.4074709147760217,0.37735006256549997,0.5701041024285525,0.29715849130297195,0.02716430013462867,-0.35361314537914346,"H1,H2","H1,H2,OOS,DD,CAGR"
A,SMALL,SMALLk40d08,SMALL,10.0,Q,0,2,False,1.6974359851742602,0.03815780650176315,0.41850783581495,-0.3199355160222994,0.4943913997101457,0.3645786432178397,0.6366420577273705,0.3097376532382031,0.028145113622853657,-0.31993551602229797,"H1,H2","H1,H2,OOS,DD,CAGR"
A,SMALL,SMALLk40d08,SMALL,10.0,Q,0,3,False,1.700247992671028,0.04587645989324329,0.4940577356135963,-0.3367630593186641,0.494481504568355,0.49983923635062655,0.6708233218264721,0.40473133450881205,0.03839948495935519,-0.336763059318663,H1,"H1,H2,OOS,DD,CAGR"
A,SMALL,SMALLk40d08,SMALL,10.0,Q,0,4,False,1.6956910952776731,0.03548387502690442,0.3941801695631948,-0.3308044101312957,0.39745948330171593,0.3962658802616077,0.5112755069896644,0.3340521249419656,0.0305289512201814,-0.330804410131297,"H1,H2","H1,H2,OOS,DD,CAGR"
A,SMALL,SMALLk40d09,SMALL,10.0,D,0,0,True,12.038322875009476,-0.003395259893638203,0.01366487083896985,-0.34675820423390924,0.27009652624687275,-0.21352606504030386,0.38756211312573513,-0.19683634405177788,-0.02453552582841334,-0.3467582042339086,"H1,H2","H1,H2,OOS,DD,CAGR"
A,SMALL,SMALLk40d09,SMALL,10.0,2D,0,0,True,8.906772795699156,0.0005581285753122334,0.05442975648895676,-0.36461256244924667,0.2928239586973597,-0.15541989618355626,0.40708863769270537,-0.14366009482999276,-0.01934967158203027,-0.3646125624492488,"H1,H2,DD","H1,H2,OOS,DD,CAGR"
A,SMALL,SMALLk40d09,SMALL,10.0,2D,1,0,False,8.972919296399809,0.004350247463771106,0.09327478580855315,-0.3235221996648553,0.38766508775691905,-0.16900990560061996,0.49567826193347364,-0.13390645799512396,-0.018288491411667773,-0.32352219966485596,"H1,H2","H1,H2,OOS,DD,CAGR"
A,SMALL,SMALLk40d09,SMALL,10.0,W,0,0,True,5.993708505989701,0.00817173658539172,0.13200416237795487,-0.2883562494788875,0.3380225431193657,-0.04888361456181005,0.47155115991595553,-0.0586558998536816,-0.011057889878251737,-0.2883562494788857,"H1,H2","H1,H2,OOS,DD,CAGR"
A,SMALL,SMALLk40d09,SMALL,10.0,W,0,1,False,6.006257200645639,0.005091105905571158,0.10085758343650826,-0.31767072016944076,0.32699334633976157,-0.10332669560864306,0.48292718695450304,-0.11868642359775591,-0.01675312781362448,-0.3176707201694432,"H1,H2","H1,H2,OOS,DD,CAGR"
A,SMALL,SMALLk40d09,SMALL,10.0,W,0,2,False,6.014472647586469,0.007025566579867304,0.12045825697103604,-0.3277088237140815,0.3252310611614788,-0.06111098792311003,0.46927818999654386,-0.07511912754820953,-0.012686110119470628,-0.3277088237140817,"H1,H2","H1,H2,OOS,DD,CAGR"
A,SMALL,SMALLk40d09,SMALL,10.0,W,0,3,False,6.121267831406286,0.014546917160919381,0.19581023237591608,-0.3508804295403031,0.3985508026752206,0.017481994187008937,0.5201355484760223,0.014147258399511822,-0.003751843060901372,-0.3508804295403015,"H1,H2","H1,H2,OOS,DD,CAGR"
A,SMALL,SMALLk40d09,SMALL,10.0,W,0,4,False,5.9899839785104,0.012891335085265077,0.1790438708822432,-0.31626710830227056,0.38905733469693193,-0.004013739956483371,0.5466097764616271,-0.025935361251106258,-0.00787038550844854,-0.3162671083022741,"H1,H2","H1,H2,OOS,DD,CAGR"
A,SMALL,SMALLk40d09,SMALL,10.0,2W,0,0,True,4.342057642100541,0.014923889656670575,0.19790404181159602,-0.2573286777037318,0.44025235668819285,-0.016715169533566904,0.6290234433684077,-0.04805064002102231,-0.010222500755336261,-0.2573286777037319,"H1,H2","H1,H2,OOS,DD,CAGR"
A,SMALL,SMALLk40d09,SMALL,10.0,2W,0,1,False,4.311484856043197,0.01239730653918203,0.17342532286217063,-0.2842301212545044,0.42195661718338157,-0.05017040952848658,0.5867487533052356,-0.06599217651133223,-0.011884123969890248,-0.2842301212545042,"H1,H2","H1,H2,OOS,DD,CAGR"
A,SMALL,SMALLk40d09,SMALL,10.0,2W,0,2,False,4.449620254983025,0.010381689373752057,0.15373556746766126,-0.30699635578962525,0.3717017822158341,-0.04092910670431721,0.5406897820463338,-0.06664977334574913,-0.01195751063045869,-0.30699635578962314,"H1,H2","H1,H2,OOS,DD,CAGR"
A,SMALL,SMALLk40d09,SMALL,10.0,2W,0,3,False,4.400586248331111,0.019991096042113243,0.25023174846098895,-0.2675095226679748,0.4089769546132003,0.10683703116711323,0.5762989661543775,0.06525085589263614,0.001471635783404146,-0.2675095226679717,"H1,H2","H1,H2,OOS,DD,CAGR"
A,SMALL,SMALLk40d09,SMALL,10.0,2W,0,4,False,4.386310939901992,0.024239246592061114,0.292759018592535,-0.24737782747053982,0.44109180661483005,0.15909741933006824,0.5864934109832671,0.12536503286335043,0.007593987489823428,-0.24737782747054127,"H1,H2","H1,H2,OOS,DD,CAGR"
A,SMALL,SMALLk40d09,SMALL,10.0,2W,1,0,False,4.432756738510356,0.011549556861517374,0.16590875888392267,-0.277290086484961,0.3412961456648708,0.008488506644040609,0.4811940433938995,-0.013366653058429993,-0.006475839005662065,-0.2772900864849621,"H1,H2","H1,H2,OOS,DD,CAGR"
A,SMALL,SMALLk40d09,SMALL,10.0,2W,1,1,False,4.440087198730532,0.0063715380337088234,0.11380953979385959,-0.30515976741085005,0.3974092776969922,-0.14354078322301045,0.571953466598036,-0.14758227027704918,-0.01980450746233753,-0.30515976741084816,"H1,H2","H1,H2,OOS,DD,CAGR"
A,SMALL,SMALLk40d09,SMALL,10.0,2W,1,2,False,4.423457438210395,0.011486762447374232,0.16519062215120145,-0.27777253366564614,0.4872579625087955,-0.12252624346278648,0.6918228610392563,-0.13138075793196272,-0.018398284464558823,-0.2777725336656436,"H1,H2","H1,H2,OOS,DD,CAGR"
A,SMALL,SMALLk40d09,SMALL,10.0,2W,1,3,False,4.453213528128839,0.013079873702609213,0.1799512956263671,-0.3397249186949557,0.47042544012960125,-0.0739811241957171,0.6030756804866092,-0.05479202364403217,-0.011023164626469906,-0.3397249186949556,"H1,H2","H1,H2,OOS,DD,CAGR"
A,SMALL,SMALLk40d09,SMALL,10.0,2W,1,4,False,4.382279835041393,0.010754699502915521,0.1570360823384283,-0.29532369987093077,0.4434852963715259,-0.09072162280470213,0.632088094562183,-0.10637388751409048,-0.016290637059642177,-0.2953236998709271,"H1,H2","H1,H2,OOS,DD,CAGR"
A,SMALL,SMALLk40d09,SMALL,10.0,M,0,0,True,3.112448702054685,0.030731645906109994,0.34790800615283607,-0.27056001916156847,0.5581846991804601,0.1546247776402623,0.7773039474608701,0.09830941070801823,0.004825871598928222,-0.270560019161569,"H1,H2","H1,H2,OOS,DD,CAGR"
A,SMALL,SMALLk40d09,SMALL,10.0,M,0,1,False,3.1288885572782807,0.025731701895473913,0.30157770187563826,-0.2500350399524758,0.4884497475062787,0.13460561942959054,0.6766521758907522,0.08967371967671552,0.003917578468403349,-0.25003503995247567,"H1,H2","H1,H2,OOS,DD,CAGR"
A,SMALL,SMALLk40d09,SMALL,10.0,M,0,2,False,3.092555887825207,0.024083344707688914,0.285651824006167,-0.26995291131412,0.4628316804154468,0.12882333355046563,0.6882885091391792,0.05818338317808341,0.0006197149619122655,-0.26995291131411925,"H1,H2","H1,H2,OOS,DD,CAGR"
A,SMALL,SMALLk40d09,SMALL,10.0,M,0,3,False,3.085207989660081,0.027799163018131567,0.3197807895415808,-0.27863825562410494,0.4325349149377651,0.22232165720893154,0.6537986609137713,0.13580963054421838,0.008820441086298425,-0.2786382556241048,"H1,H2","H1,H2,OOS,DD,CAGR"
A,SMALL,SMALLk40d09,SMALL,10.0,M,0,4,False,3.1136820567948673,0.01667579918872919,0.213585881632428,-0.2936126240484721,0.4508725235192131,0.005193491390339287,0.6581962112374589,-0.03569547953215828,-0.00924243280504422,-0.293612624048473,"H1,H2","H1,H2,OOS,DD,CAGR"
A,SMALL,SMALLk40d09,SMALL,10.0,6W,0,0,True,2.3845316342140683,0.027967051785583008,0.3184481982568967,-0.2991913944456267,0.5378459890375817,0.12719805984397728,0.6882178365470102,0.11065264757743196,0.006124363046295489,-0.29919139444562803,"H1,H2","H1,H2,OOS,DD,CAGR"
A,SMALL,SMALLk40d09,SMALL,10.0,6W,0,1,False,2.4381094944909845,0.02045805220610064,0.24347941869930675,-0.3268497368825851,0.5202017480402998,0.004506448759599149,0.6350502181215165,0.02491872030588632,-0.0033589884272953174,-0.326849736882586,"H1,H2","H1,H2,OOS,DD,CAGR"
A,SMALL,SMALLk40d09,SMALL,10.0,6W,0,2,False,2.5092302915710323,0.01833797034998086,0.22548769712030545,-0.334756819300152,0.5301486409507482,-0.02611038882534123,0.6962374324550124,-0.025373354270430633,-0.008905242055454066,-0.3347568193001541,"H1,H2","H1,H2,OOS,DD,CAGR"
A,SMALL,SMALLk40d09,SMALL,10.0,6W,0,3,False,2.4377284662527754,0.030381916604132808,0.34386197427981413,-0.284051908172668,0.5959019464765096,0.12290779563360302,0.7484394461074981,0.12246976005542401,0.007387911755154297,-0.2840519081726681,"H1,H2","H1,H2,OOS,DD,CAGR"
A,SMALL,SMALLk40d09,SMALL,10.0,6W,0,4,False,2.4831987175959136,0.02354417485359317,0.2798062539688706,-0.3038828140272529,0.5312489833550346,0.061395944557769026,0.655826638395489,0.07494832127043859,0.0023066070174468933,-0.3038828140272527,"H1,H2","H1,H2,OOS,DD,CAGR"
A,SMALL,SMALLk40d09,SMALL,10.0,6W,1,0,False,2.485985909054905,0.01860568220942227,0.23150372330591049,-0.3202209880706721,0.5325390259080187,-0.03419011728798576,0.6659357196328808,-0.007589105406392409,-0.006469444285745363,-0.32022098807067156,"H1,H2","H1,H2,OOS,DD,CAGR"
A,SMALL,SMALLk40d09,SMALL,10.0,6W,1,1,False,2.4922889791101763,0.018071294736044408,0.22550341395613832,-0.32312738844278965,0.48614275231044934,-0.002740017903316358,0.6306460870031961,0.0014518519443938189,-0.005579753671602794,-0.32312738844278943,"H1,H2","H1,H2,OOS,DD,CAGR"
A,SMALL,SMALLk40d09,SMALL,10.0,6W,1,2,False,2.483161530251991,0.012326386742433693,0.16943527474954836,-0.36785017310363843,0.40839069084280855,-0.030996969566493143,0.5511739929547593,-0.03616560061052978,-0.009998792201923346,-0.36785017310363877,"H1,H2,DD","H1,H2,OOS,DD,CAGR"
A,SMALL,SMALLk40d09,SMALL,10.0,6W,1,3,False,2.5281663051429932,0.01886282306316356,0.2327180782212122,-0.30406245562963585,0.48024095654508264,0.020626065194860755,0.6563710083316914,0.0012556867660155357,-0.0056667003002894845,-0.30406245562963463,"H1,H2","H1,H2,OOS,DD,CAGR"
A,SMALL,SMALLk40d09,SMALL,10.0,6W,1,4,False,2.4928964620003957,0.00845297305628856,0.1331658481514529,-0.3185660563792174,0.2781904457256845,0.010085978485150955,0.4134223498335385,-0.016742329828231498,-0.007721419491122816,-0.31856605637921764,"H1,H2","H1,H2,OOS,DD,CAGR"
A,SMALL,SMALLk40d09,SMALL,10.0,6W,2,0,False,2.503850187206083,0.015274222152644956,0.19913737637031395,-0.2738553814105473,0.2809438383211228,0.12670057586048844,0.423947845493178,0.07372175915343415,0.0021843013737203876,-0.2738553814105472,"H1,H2","H1,H2,OOS,DD,CAGR"
A,SMALL,SMALLk40d09,SMALL,10.0,6W,2,1,False,2.5437908826598377,0.020004575315545114,0.24499776016281455,-0.2956662571066929,0.3503718158019309,0.15380266656170002,0.5424833084825433,0.08255535448894291,0.0031126000616716887,-0.2956662571066939,"H1,H2","H1,H2,OOS,DD,CAGR"
A,SMALL,SMALLk40d09,SMALL,10.0,6W,2,2,False,2.589329065207352,0.021577883025083677,0.260803351753091,-0.2820667930805053,0.383921290807759,0.15231156112991553,0.6091381773537916,0.06766841485541904,0.001566824085165397,-0.28206679308050386,"H1,H2","H1,H2,OOS,DD,CAGR"
A,SMALL,SMALLk40d09,SMALL,10.0,6W,2,3,False,2.570792897907265,0.024239293344108903,0.28963918764677954,-0.226529326057186,0.2958530806639421,0.28532740525070777,0.47048985657671166,0.19149596414934658,0.01464486417933264,-0.22652932605718767,"H1,H2","H1,H2,OOS,DD,CAGR"
A,SMALL,SMALLk40d09,SMALL,10.0,6W,2,4,False,2.5376975944621702,0.027495647919383304,0.3242381556271404,-0.23658539801286582,0.37780942384663907,0.27676598251309126,0.5124775637224582,0.219347712512407,0.017345254943099242,-0.2365853980128656,"H1,H2","H1,H2,OOS,DD,CAGR"
A,SMALL,SMALLk40d09,SMALL,10.0,6W,3,0,False,2.5147109556310108,0.017945694128673306,0.22900719728176988,-0.2551663472722604,0.22991350198995053,0.22857598815054275,0.369031051323114,0.1492210148521513,0.010068828780647632,-0.24472231038943992,"H1,H2","H1,H2,OOS,DD,CAGR"
A,SMALL,SMALLk40d09,SMALL,10.0,6W,3,1,False,2.5678504985884123,0.020984022487319898,0.2590917799057763,-0.24748844705039563,0.3532018216440109,0.174690540748691,0.5411146932821999,0.10067531424905475,0.0050766958110157745,-0.22902496066821698,"H1,H2","H1,H2,OOS,DD,CAGR"
A,SMALL,SMALLk40d09,SMALL,10.0,6W,3,2,False,2.5032680998698993,0.02840410975800034,0.33184532214572826,-0.21544421575963446,0.47405755249271736,0.20532968027917306,0.657339519263263,0.15140815438490499,0.010344952596549328,-0.21544421575963446,"H1,H2","H1,H2,OOS,DD,CAGR"
A,SMALL,SMALLk40d09,SMALL,10.0,6W,3,3,False,2.509430344140211,0.029053261714431233,0.33094143541451687,-0.24682709968287475,0.5636780291693667,0.1322445826062139,0.7405784119530873,0.10843175007468668,0.005894790001635286,-0.24682709968287664,"H1,H2","H1,H2,OOS,DD,CAGR"
A,SMALL,SMALLk40d09,SMALL,10.0,6W,3,4,False,2.500802954947998,0.037217237236774725,0.41556399766149094,-0.20219004214854797,0.5455483898165921,0.30256432236946623,0.7094654641802701,0.25134952325795334,0.020872214304834324,-0.20219004214854852,"H1,H2","H1,H2,OOS,CAGR"
A,SMALL,SMALLk40d09,SMALL,10.0,6W,4,0,False,2.492411986194765,0.04470652377624762,0.4875919504648238,-0.233749945373404,0.5841741465784719,0.40358673709238574,0.7298707383671897,0.3511213807313271,0.03138713952508221,-0.23374994537340366,"H1,H2","H1,H2,OOS,DD,CAGR"
A,SMALL,SMALLk40d09,SMALL,10.0,6W,4,1,False,2.473681879475352,0.03297359867714489,0.37451928392489164,-0.24559843025565287,0.5097624244079884,0.25187111127608947,0.6586888068943575,0.20890546865939102,0.016247661017229964,-0.2455984302556532,"H1,H2","H1,H2,OOS,DD,CAGR"
A,SMALL,SMALLk40d09,SMALL,10.0,6W,4,2,False,2.4570306318831254,0.03554583998532301,0.39745283057102854,-0.23654830979348251,0.5409025533860001,0.2696785922291974,0.7402266721194877,0.20014761638386602,0.015447663120716548,-0.23654830979348207,"H1,H2","H1,H2,OOS,DD,CAGR"
A,SMALL,SMALLk40d09,SMALL,10.0,6W,4,3,False,2.442059388184201,0.03844793198705965,0.41898873388116575,-0.28440494404666117,0.5936254862181258,0.2595728377756017,0.8244416272927035,0.1843456334122379,0.013942575098052856,-0.28440494404666106,"H1,H2","H1,H2,OOS,DD,CAGR"
A,SMALL,SMALLk40d09,SMALL,10.0,6W,4,4,False,2.403599166210123,0.03136300189349828,0.35067223190187946,-0.2951088870614682,0.6306436916765122,0.09923759122503721,0.8424722281225094,0.06947115797283807,0.0017389933034748228,-0.2951088870614701,"H1,H2","H1,H2,OOS,DD,CAGR"
A,SMALL,SMALLk40d09,SMALL,10.0,6W,5,0,False,2.343181516776706,0.01841262016171541,0.22484363398857127,-0.3602124821427939,0.5562784449038095,-0.057087992645604865,0.7639302610715574,-0.07064931851411978,-0.013903591529987103,-0.360212482142795,"H1,H2","H1,H2,OOS,DD,CAGR"
A,SMALL,SMALLk40d09,SMALL,10.0,6W,5,1,False,2.403826665902442,0.01962761500976007,0.23793613945146605,-0.31117205525618563,0.5014811606071854,-0.0028781099277256895,0.68786773062658,-0.02736530830873703,-0.008576343200095482,-0.31117205525618497,"H1,H2","H1,H2,OOS,DD,CAGR"
A,SMALL,SMALLk40d09,SMALL,10.0,6W,5,2,False,2.4130037180560406,0.024782181133589543,0.28875529348382106,-0.32825845685198407,0.6482277991722352,-0.026207639576775275,0.8369709453422983,-0.02048338642194096,-0.007846575792099353,-0.32825845685198285,"H1,H2","H1,H2,OOS,DD,CAGR"
A,SMALL,SMALLk40d09,SMALL,10.0,6W,5,3,False,2.431652741051394,0.025531298239418465,0.29338797031388764,-0.3145640759323538,0.6153525185071326,0.01782911167551454,0.7396370942674653,0.046584539650300606,-0.000855413629073265,-0.3145640759323526,"H1,H2","H1,H2,OOS,DD,CAGR"
A,SMALL,SMALLk40d09,SMALL,10.0,6W,5,4,False,2.3983043910688098,0.0289771685700988,0.3271194103094314,-0.308442859782861,0.619604851919634,0.07779993534492137,0.7851562652290758,0.07416028717784733,0.0021727328305634064,-0.30844285978285946,"H1,H2","H1,H2,OOS,DD,CAGR"
A,SMALL,SMALLk40d09,SMALL,10.0,Q,0,0,True,1.4772702341552928,0.025808052965783146,0.28009135018722225,-0.3848762071415254,0.42350781805707244,0.1623837218708338,0.5549807486109117,0.1350567599858674,0.009029038737761619,-0.38487620714152526,"H1,H2,DD","H1,H2,OOS,DD,CAGR"
A,SMALL,SMALLk40d09,SMALL,10.0,Q,0,1,False,1.517282500981567,0.021272822502609978,0.24456401660857108,-0.37843318078012256,0.44794406353845456,0.08419464374393604,0.5915169987993912,0.07198104470918454,0.0014307712611074663,-0.37843318078012234,"H1,H2,DD","H1,H2,OOS,DD,CAGR"
A,SMALL,SMALLk40d09,SMALL,10.0,Q,0,2,False,1.5034448117335848,0.02065891270234199,0.24105288548783715,-0.36295036125900104,0.38549610563727277,0.1278149961931867,0.47536615936845406,0.12162134527804817,0.00739259089327593,-0.3629503612590025,"H1,H2,DD","H1,H2,OOS,DD,CAGR"
A,SMALL,SMALLk40d09,SMALL,10.0,Q,0,3,False,1.4999456219839187,0.027766510190276206,0.3055515384517938,-0.38932687978759306,0.4667308895887777,0.17847287621562719,0.5616348712305345,0.17656005597326546,0.013853369486125144,-0.38932687978759295,"H1,H2,DD","H1,H2,OOS,DD,CAGR"
A,SMALL,SMALLk40d09,SMALL,10.0,Q,0,4,False,1.4908014039894018,0.024884126731044454,0.281535628828758,-0.4045937080580976,0.4579824218045195,0.13765459756152523,0.5329301192490544,0.14958697978169763,0.010588461452548437,-0.40459370805809725,"H1,H2,DD","H1,H2,OOS,DD,CAGR"
A,SMALL,SMALLk40d10,SMALL,10.0,D,0,0,True,12.595475171977125,0.0010769536888173281,0.05800520841162886,-0.2713375730266966,0.1763652022186169,-0.029718470280649254,0.021029159758136774,0.07620814231927829,0.0026010997826386717,-0.2713375730266975,"H1,H2","H1,H2,OOS,DD,CAGR"
A,SMALL,SMALLk40d10,SMALL,10.0,2D,0,0,True,9.16628574617698,0.005699858656903034,0.10754659598629046,-0.28114784771793977,0.26655896030556037,-0.010055052500855779,0.14154917443152915,0.09256018836907991,0.004252163268688047,-0.2811478477179419,"H1,H2","H1,H2,OOS,DD,CAGR"
A,SMALL,SMALLk40d10,SMALL,10.0,2D,1,0,False,9.031319461986834,0.009559540365916774,0.14881369328602576,-0.24110837076962321,0.2847085415066403,0.050171885334595184,0.1634404609310032,0.14350678990165747,0.00944996942726739,-0.24110837076962455,"H1,H2","H1,H2,OOS,DD,CAGR"
A,SMALL,SMALLk40d10,SMALL,10.0,W,0,0,True,6.297806801065407,0.0030025265146027547,0.07900220861928256,-0.302066712894297,0.2966539052310017,-0.08145101689308795,0.22719865143215967,0.010008907568908374,-0.004280061455398498,-0.3020667128942949,"H1,H2","H1,H2,OOS,DD,CAGR"
A,SMALL,SMALLk40d10,SMALL,10.0,W,0,1,False,6.139663565342291,0.00887065607847859,0.14060847308783128,-0.2545891806146432,0.39131907411754807,-0.044693888689634594,0.30998108471604857,0.061245164371204384,0.0010053296734133799,-0.25458918061464364,"H1,H2","H1,H2,OOS,DD,CAGR"
A,SMALL,SMALLk40d10,SMALL,10.0,W,0,2,False,6.182632373370435,0.01333795202666166,0.187530547571777,-0.26792155296692965,0.4199932413546888,0.0192794450415383,0.26674751872227753,0.15246283199387542,0.01045864430143495,-0.2679215529669283,"H1,H2","H1,H2,OOS,DD,CAGR"
A,SMALL,SMALLk40d10,SMALL,10.0,W,0,3,False,6.0736912541215,0.018992251273806104,0.24585196791587682,-0.254761062042679,0.3649481658994646,0.16269279994133756,0.2539141382427557,0.24472132970004626,0.02013411762738415,-0.2547610620426781,"H1,H2","H1,H2,OOS,DD,CAGR"
A,SMALL,SMALLk40d10,SMALL,10.0,W,0,4,False,6.212357558357689,0.014236540223545369,0.19649940697529106,-0.2605894437590208,0.29614235390609456,0.1263144209992887,0.16075501736884634,0.21561875101871053,0.017100829885898117,-0.26058944375901893,"H1,H2","H1,H2,OOS,DD,CAGR"
A,SMALL,SMALLk40d10,SMALL,10.0,2W,0,0,True,4.507709789539838,0.015209013222470702,0.2057543142519947,-0.2860083600538399,0.49610304905518304,-0.00555554158375169,0.4692333742308037,0.08453239274686741,0.0033810775271663207,-0.2860083600538379,"H1,H2","H1,H2,OOS,DD,CAGR"
A,SMALL,SMALLk40d10,SMALL,10.0,2W,0,1,False,4.468653270815082,0.029568427171909217,0.3518914522743766,-0.23805241228494667,0.5188997436737834,0.23468732004427575,0.4547113411095456,0.30747530714201315,0.027046929171376632,-0.23805241228494778,"H1,H2","H1,H2,OOS,DD,CAGR"
A,SMALL,SMALLk40d10,SMALL,10.0,2W,0,2,False,4.428985968991253,0.023120722052886844,0.28717104459698345,-0.24233963106961787,0.44626646321643043,0.17599094473826904,0.324275668920999,0.2733512242668741,0.023354591757032805,-0.24233963106961476,"H1,H2","H1,H2,OOS,DD,CAGR"
A,SMALL,SMALLk40d10,SMALL,10.0,2W,0,3,False,4.415234060320339,0.02802727160794327,0.33358234033939166,-0.24095465596451082,0.4943357185331993,0.22364727702231318,0.3982042097745592,0.307041629152876,0.02725413797164422,-0.24095465596451082,"H1,H2","H1,H2,OOS,DD,CAGR"
A,SMALL,SMALLk40d10,SMALL,10.0,2W,0,4,False,4.4413678359703,0.026054922702357874,0.3140528747701966,-0.2407621333514426,0.4561227629138573,0.2168824950747063,0.310310658148213,0.319781351939196,0.028688918600191515,-0.24076213335144003,"H1,H2","H1,H2,OOS,DD,CAGR"
A,SMALL,SMALLk40d10,SMALL,10.0,2W,1,0,False,4.447253735991056,0.012973954317686998,0.18181269631903035,-0.2676366714258809,0.4388255496103901,-0.0025376282094365264,0.27837078908125124,0.13871646065604143,0.009111103950915744,-0.2676366714258819,"H1,H2","H1,H2,OOS,DD,CAGR"
A,SMALL,SMALLk40d10,SMALL,10.0,2W,1,1,False,4.529141239478035,0.009832022408483354,0.14948736133151255,-0.27246780404818627,0.4880122413725532,-0.09809622236134977,0.3714460147153095,0.04650978369226842,-0.0006584320892839557,-0.27246780404818827,"H1,H2","H1,H2,OOS,DD,CAGR"
A,SMALL,SMALLk40d10,SMALL,10.0,2W,1,2,False,4.542049310124463,0.013139318110898968,0.18323131023117614,-0.2745555294345432,0.5004422667444037,-0.04688228495800333,0.3248764035758025,0.11889651201494073,0.00700788640341754,-0.27455552943454364,"H1,H2","H1,H2,OOS,DD,CAGR"
A,SMALL,SMALLk40d10,SMALL,10.0,2W,1,3,False,4.493575979402144,0.018384234100998098,0.23742496776449767,-0.26941730532922037,0.46688203935690453,0.07087899042516592,0.33722184751753337,0.19296537888756204,0.014851115631490774,-0.26941730532921815,"H1,H2","H1,H2,OOS,DD,CAGR"
A,SMALL,SMALLk40d10,SMALL,10.0,2W,1,4,False,4.48530366456841,0.01772509616093254,0.23113762317026076,-0.277817766374328,0.5091715827625052,0.029150864440888897,0.3952491527805013,0.15705722228881816,0.011028635879012816,-0.2778177663743281,"H1,H2","H1,H2,OOS,DD,CAGR"
A,SMALL,SMALLk40d10,SMALL,10.0,M,0,0,True,3.118483383924037,0.03736753832257467,0.43053631678734383,-0.2127967231175184,0.685197130836026,0.24492873939399043,0.44136169662025854,0.43027737493520335,0.04029709502720813,-0.2127967231175194,"H1,H2","H1,H2,OOS,DD,CAGR"
A,SMALL,SMALLk40d10,SMALL,10.0,M,0,1,False,3.1244907571978504,0.03870222869945428,0.43611205805983594,-0.25359357070615096,0.6832415780581598,0.26029346799950687,0.5320159347592283,0.3960970747825701,0.03736211512056076,-0.2535935707061505,"H1,H2","H1,H2,OOS,DD,CAGR"
A,SMALL,SMALLk40d10,SMALL,10.0,M,0,2,False,3.150065449755182,0.03452474225734359,0.39336861496528513,-0.2578939860918241,0.6031112968209487,0.24625347909648,0.44389316847083127,0.3744672455371438,0.0351654639597081,-0.2578939860918228,"H1,H2","H1,H2,OOS,DD,CAGR"
A,SMALL,SMALLk40d10,SMALL,10.0,M,0,3,False,3.1059808348416014,0.035605918295104955,0.40211994072560675,-0.2419124852792789,0.5955576839066825,0.2676132655532416,0.4779541172600345,0.3717784412871619,0.0350790521800286,-0.24191248527928055,"H1,H2","H1,H2,OOS,DD,CAGR"
A,SMALL,SMALLk40d10,SMALL,10.0,M,0,4,False,3.081933356575543,0.037407631485086856,0.4188707020069907,-0.26081630659159283,0.5999919400349405,0.29584913494312826,0.47840035626669153,0.39729532611103907,0.03815679975696473,-0.2608163065915926,"H1,H2","H1,H2,OOS,DD,CAGR"
A,SMALL,SMALLk40d10,SMALL,10.0,6W,0,0,True,2.5046247237389556,0.02000866202411311,0.24512214292758988,-0.3215608360987995,0.5151009401913209,0.06085600556519492,0.3418350667323206,0.20514968940838443,0.01688967615233361,-0.3215608360988008,"H1,H2","H1,H2,OOS,DD,CAGR"
A,SMALL,SMALLk40d10,SMALL,10.0,6W,0,1,False,2.632846467806459,0.019448129156828475,0.23801678757694428,-0.3216729204168831,0.5564420067420011,0.01776498900924974,0.4307455500523127,0.15434384867017847,0.011139885515505155,-0.3216729204168849,"H1,H2","H1,H2,OOS,DD,CAGR"
A,SMALL,SMALLk40d10,SMALL,10.0,6W,0,2,False,2.582766039783707,0.02533546883186366,0.2954329936082707,-0.30292401240199474,0.5430458690276563,0.12874919826530706,0.4075021553343892,0.2500238203547752,0.02213710502519839,-0.30292401240199474,"H1,H2","H1,H2,OOS,DD,CAGR"
A,SMALL,SMALLk40d10,SMALL,10.0,6W,0,3,False,2.480857611140787,0.031767254162307745,0.36164946490136896,-0.2754150089265692,0.6237601923942727,0.18329464511800636,0.49456126679209167,0.3076818168536894,0.028367142389355005,-0.27541500892656867,"H1,H2","H1,H2,OOS,DD,CAGR"
A,SMALL,SMALLk40d10,SMALL,10.0,6W,0,4,False,2.497657849819093,0.019291803469915436,0.2430217952601964,-0.30191032309222243,0.49597244865449897,0.06187198171587805,0.36350289655755874,0.19010325891429725,0.014805027388175462,-0.3019103230922211,"H1,H2","H1,H2,OOS,DD,CAGR"
A,SMALL,SMALLk40d10,SMALL,10.0,6W,1,0,False,2.4967286708161445,0.02677973290431157,0.31984810598141533,-0.27377479197001,0.5188284424497238,0.1801616080462748,0.489033991221576,0.24475201438870267,0.02061501545971911,-0.2737747919700091,"H1,H2","H1,H2,OOS,DD,CAGR"
A,SMALL,SMALLk40d10,SMALL,10.0,6W,1,1,False,2.5348286072631856,0.020361700627359758,0.24999087981393203,-0.33050231987753964,0.48301797010710473,0.09262704717046195,0.4665315547708466,0.15668514979733078,0.01130345826449397,-0.33050231987753764,"H1,H2","H1,H2,OOS,DD,CAGR"
A,SMALL,SMALLk40d10,SMALL,10.0,6W,1,2,False,2.532543240050256,0.03299749169528288,0.3690967497500345,-0.3292453190648631,0.5377643604130247,0.2599015533174957,0.4675204342215443,0.33170754876070985,0.031602687747952496,-0.329245319064862,"H1,H2","H1,H2,OOS,DD,CAGR"
A,SMALL,SMALLk40d10,SMALL,10.0,6W,1,3,False,2.5188497580202025,0.0357847766497994,0.39892725193925765,-0.2742740858964384,0.4902346630017749,0.34126042503177356,0.46903389342461216,0.3735109458128987,0.03602322775158373,-0.2742740858964384,"H1,H2","H1,H2,OOS,DD,CAGR"
A,SMALL,SMALLk40d10,SMALL,10.0,6W,1,4,False,2.540635148464313,0.04291937542708735,0.46859063459446076,-0.27678116941707376,0.5641601006636808,0.4109873122799207,0.516847320734903,0.45476246342706483,0.045368320890247116,-0.27678116941707254,H1,"H1,H2,OOS,DD,CAGR"
A,SMALL,SMALLk40d10,SMALL,10.0,6W,2,0,False,2.5354707232101297,0.03964449789617053,0.4471205386051915,-0.24117292430354076,0.5306970991789471,0.39525267101101724,0.4723308670791982,0.44247426588696515,0.042720583255639655,-0.24117292430354065,"H1,H2","H1,H2,OOS,DD,CAGR"
A,SMALL,SMALLk40d10,SMALL,10.0,6W,2,1,False,2.5385519157861998,0.03983666829261434,0.4416739540044083,-0.2541511026744899,0.5641388416963706,0.36472146331291994,0.4838507770793512,0.43036599600727843,0.04230262486270675,-0.25415110267448926,"H1,H2","H1,H2,OOS,DD,CAGR"
A,SMALL,SMALLk40d10,SMALL,10.0,6W,2,2,False,2.5145235036423554,0.04047227542581222,0.4477446143312789,-0.24710723172118843,0.46283398125200736,0.44773589196011615,0.4401037317812234,0.4584076437194303,0.04548296124064688,-0.24710723172118676,H1,"H1,H2,OOS,DD,CAGR"
A,SMALL,SMALLk40d10,SMALL,10.0,6W,2,3,False,2.501892837964584,0.0382469886012069,0.4200663903138864,-0.2289229852707918,0.43128419237938265,0.422621527379721,0.3836732730687852,0.442727608268525,0.044238148989679704,-0.22892298527079258,H1,"H1,H2,OOS,DD,CAGR"
A,SMALL,SMALLk40d10,SMALL,10.0,6W,2,4,False,2.554437591436863,0.030108675098616144,0.34462169719522917,-0.2747727156761264,0.37535490749480266,0.3308223155611834,0.26277795824953665,0.38676210614234424,0.037566825251552194,-0.27477271567612693,"H1,H2","H1,H2,OOS,DD,CAGR"
A,SMALL,SMALLk40d10,SMALL,10.0,6W,3,0,False,2.5245815427947695,0.02902967929660627,0.33334239089796025,-0.24319172802907407,0.30695985775046064,0.3600264004177893,0.19625657074296018,0.40032205539626,0.039202714292695395,-0.24319172802907463,"H1,H2","H1,H2,OOS,DD,CAGR"
A,SMALL,SMALLk40d10,SMALL,10.0,6W,3,1,False,2.549785637164978,0.02870664777826626,0.3302449702029045,-0.2384029005077607,0.3819140376204976,0.29985179372619275,0.2740919203186995,0.36054694585295716,0.0344350372163138,-0.23840290050776025,"H1,H2","H1,H2,OOS,DD,CAGR"
A,SMALL,SMALLk40d10,SMALL,10.0,6W,3,2,False,2.553148154994935,0.031794064962202384,0.3600703011119986,-0.22817846891775695,0.5118427879705355,0.258804523112069,0.40635805848819756,0.3436822283115991,0.032515478166567524,-0.2281784689177565,"H1,H2","H1,H2,OOS,DD,CAGR"
A,SMALL,SMALLk40d10,SMALL,10.0,6W,3,3,False,2.48275129600708,0.02877096477789287,0.3344270941090451,-0.22792370901289227,0.5067015645582243,0.21391094961214466,0.4119224183200289,0.3020986055579731,0.02733369893880555,-0.22792370901289294,"H1,H2","H1,H2,OOS,DD,CAGR"
A,SMALL,SMALLk40d10,SMALL,10.0,6W,3,4,False,2.4535021454080277,0.031286746873388394,0.35929776347058656,-0.23676932807422202,0.5686652779021022,0.21456190856506957,0.5002966508511397,0.2987507534340611,0.02700225813057555,-0.23676932807422357,"H1,H2","H1,H2,OOS,DD,CAGR"
A,SMALL,SMALLk40d10,SMALL,10.0,6W,4,0,False,2.4648944797057433,0.03692461450840523,0.41453367593438123,-0.23328167326417126,0.6202381263457912,0.27306818322572185,0.5561832033748165,0.3533213336119077,0.033017480832252755,-0.23328167326417137,"H1,H2","H1,H2,OOS,DD,CAGR"
A,SMALL,SMALLk40d10,SMALL,10.0,6W,4,1,False,2.4678267586246436,0.03827828318103044,0.42762239114550316,-0.2724485499940491,0.6279659935715085,0.292717687849425,0.5831304007213491,0.3605693428879811,0.03386774230532841,-0.27244854999404977,"H1,H2","H1,H2,OOS,DD,CAGR"
A,SMALL,SMALLk40d10,SMALL,10.0,6W,4,2,False,2.5247865647474392,0.03255817258297644,0.36972050895082775,-0.260578591080212,0.6827815350751154,0.14776699112545671,0.5624231388553,0.2824098432453303,0.02518738278787236,-0.260578591080213,"H1,H2","H1,H2,OOS,DD,CAGR"
A,SMALL,SMALLk40d10,SMALL,10.0,6W,4,3,False,2.525053693570968,0.03415036369528135,0.3857891509202923,-0.2694236906401972,0.6969669003037443,0.16757144925033854,0.5730230838901237,0.30124069410386306,0.027243551361404217,-0.2694236906401969,"H1,H2","H1,H2,OOS,DD,CAGR"
A,SMALL,SMALLk40d10,SMALL,10.0,6W,4,4,False,2.4680865558331715,0.02899494346057918,0.3344241237704351,-0.2614678924798812,0.5837405874376453,0.16545775603327512,0.44225098457725653,0.28909051151707105,0.02614851330487511,-0.26146789247988056,"H1,H2","H1,H2,OOS,DD,CAGR"
A,SMALL,SMALLk40d10,SMALL,10.0,6W,5,0,False,2.5145191349634315,0.01696382343506042,0.21705119923392244,-0.272638120666471,0.5437529061990648,-0.012195409919674292,0.42012024881406684,0.12486679953515147,0.0077182443387162625,-0.27263812066647064,"H1,H2","H1,H2,OOS,DD,CAGR"
A,SMALL,SMALLk40d10,SMALL,10.0,6W,5,1,False,2.538151040825434,0.018291857027198155,0.22751540409537765,-0.32047876643994755,0.5740639386315929,-0.009112978287443643,0.4891930420444714,0.11172556184493372,0.006241018693281752,-0.32047876643994844,"H1,H2","H1,H2,OOS,DD,CAGR"
A,SMALL,SMALLk40d10,SMALL,10.0,6W,5,2,False,2.5328458541795618,0.023554313123933968,0.27956560075084574,-0.29674725528544,0.5611472761069664,0.08677430462981378,0.42572881557385106,0.21689574577745793,0.018179617173369245,-0.2967472552854393,"H1,H2","H1,H2,OOS,DD,CAGR"
A,SMALL,SMALLk40d10,SMALL,10.0,6W,5,3,False,2.570275182215607,0.03015817215732386,0.3452118628752994,-0.3003506724607071,0.5460836128811661,0.2085231369899102,0.34049004785859677,0.35192804362526814,0.03332315946808051,-0.30035067246070735,"H1,H2","H1,H2,OOS,DD,CAGR"
A,SMALL,SMALLk40d10,SMALL,10.0,6W,5,4,False,2.5807324371789777,0.022736891597871844,0.27063700214690056,-0.33014202920710134,0.5178582319711058,0.1050458631980873,0.3524769251049842,0.23816583597192867,0.020757670548303464,-0.33014202920710334,"H1,H2","H1,H2,OOS,DD,CAGR"
A,SMALL,SMALLk40d10,SMALL,10.0,Q,0,0,True,1.497409165052611,0.026082980060379013,0.29173730473423853,-0.30875738436454747,0.4005362775170715,0.2256180211344258,0.20361876564209516,0.335703050964191,0.03365648171778135,-0.3087573843645488,"H1,H2","H1,H2,OOS,DD,CAGR"
A,SMALL,SMALLk40d10,SMALL,10.0,Q,0,1,False,1.4948888891960816,0.025508598554470074,0.2871472233349668,-0.3049478185986009,0.35226617860556053,0.24946275615884167,0.17362804659215972,0.34263474838458674,0.03433765842756231,-0.30494781859860076,"H1,H2","H1,H2,OOS,DD,CAGR"
A,SMALL,SMALLk40d10,SMALL,10.0,Q,0,2,False,1.4605435092976313,0.025773133967586404,0.29156882007017976,-0.30189678322992775,0.37850312905118366,0.239731906452889,0.21796619332129405,0.32912567794193387,0.032439019674451286,-0.30189678322992675,"H1,H2","H1,H2,OOS,DD,CAGR"
A,SMALL,SMALLk40d10,SMALL,10.0,Q,0,3,False,1.5113798116941664,0.025485566200179388,0.2887939016009549,-0.31643427922173684,0.3672875414187867,0.24441711112627496,0.21275175775727254,0.327262320870809,0.03234578811137734,-0.3164342792217356,"H1,H2","H1,H2,OOS,DD,CAGR"
A,SMALL,SMALLk40d10,SMALL,10.0,Q,0,4,False,1.484546593619101,0.025745168541099872,0.29708300640057755,-0.31723452953199527,0.3149778105192583,0.29283135716070885,0.1649047797926726,0.36058470588007896,0.03544350385980177,-0.3172345295319966,"H1,H2","H1,H2,OOS,DD,CAGR"
A,SMALL,SMALLk40d11,SMALL,10.0,D,0,0,True,12.41045844216386,0.002579215766986609,0.07399706329898313,-0.2677687579290827,0.17643836545207642,-0.00981476842368523,0.3578345081933446,-0.08269891267403218,-0.012411109025329714,-0.2677687579290807,"H1,H2","H1,H2,OOS,DD,CAGR"
A,SMALL,SMALLk40d11,SMALL,10.0,2D,0,0,True,8.987947063798313,0.005021428912999504,0.10043241002045739,-0.2445420810837612,0.1995205082584215,0.01990999798215362,0.3807772134147113,-0.05423979365492453,-0.0097532683047874,-0.24454208108376052,"H1,H2","H1,H2,OOS,DD,CAGR"
A,SMALL,SMALLk40d11,SMALL,10.0,2D,1,0,False,9.077009016767748,0.007514284279664718,0.12742272122735734,-0.2668695146874577,0.29547708800431854,-0.010731656167086634,0.4592888170380606,-0.055813434113694445,-0.009854003582722481,-0.26686951468745446,"H1,H2","H1,H2,OOS,DD,CAGR"
A,SMALL,SMALLk40d11,SMALL,10.0,W,0,0,True,6.118597617968921,0.009550423705182665,0.14840294668861542,-0.1881451134931703,0.24372166225805733,0.07104710875453013,0.38949772040705044,0.014894857226768846,-0.0032683203816081807,-0.18814511349316942,"H1,H2","H1,H2,OOS,CAGR"
A,SMALL,SMALLk40d11,SMALL,10.0,W,0,1,False,6.203635010204558,0.010291799839238003,0.15615179387520672,-0.20685355266733974,0.24942187610673458,0.08078770256748836,0.43622845719590164,0.0015157030532403058,-0.004587296533798191,-0.2068535526673385,"H1,H2","H1,H2,OOS,DD,CAGR"
A,SMALL,SMALLk40d11,SMALL,10.0,W,0,2,False,6.06396173364709,0.01430588305619418,0.19831827732797733,-0.20858332836646176,0.3102792750467099,0.10911944465181242,0.48548785224127516,0.04204876235885719,-0.0006780675347276555,-0.2085833283664632,"H1,H2","H1,H2,OOS,DD,CAGR"
A,SMALL,SMALLk40d11,SMALL,10.0,W,0,3,False,6.2303824448545635,0.016878430008322676,0.226219913829046,-0.2191806909181503,0.279519857945639,0.18468915929100163,0.41529080765194815,0.12284855440281985,0.007243139587264968,-0.21918069091815273,"H1,H2","H1,H2,OOS,DD,CAGR"
A,SMALL,SMALLk40d11,SMALL,10.0,W,0,4,False,6.106899164448493,0.00964041513252245,0.14988771937590406,-0.24344761350165556,0.2714103381296628,0.05131058949317705,0.46074247276760266,-0.02059103103656051,-0.006630113498150014,-0.24344761350165534,"H1,H2","H1,H2,OOS,DD,CAGR"
A,SMALL,SMALLk40d11,SMALL,10.0,2W,0,0,True,4.504515645295467,0.010433148538568915,0.1565684732598616,-0.21974172590504704,0.23900092161296396,0.09081775924252966,0.42382998058608473,0.009242194227781102,-0.003991562729139919,-0.2197417259050477,"H1,H2","H1,H2,OOS,DD,CAGR"
A,SMALL,SMALLk40d11,SMALL,10.0,2W,0,1,False,4.4372968013634,0.02082220392095757,0.26318563947262597,-0.20770229568702803,0.3072272536789158,0.22927723447785994,0.5094147912371426,0.127815485768537,0.007803111230183957,-0.20770229568702991,"H1,H2","H1,H2,OOS,DD,CAGR"
A,SMALL,SMALLk40d11,SMALL,10.0,2W,0,2,False,4.407291363334925,0.02322293477345938,0.2884829238338884,-0.21748803886517087,0.31900573730819826,0.26642971725057235,0.47013083673987455,0.18997145851562985,0.014058060775344217,-0.21748803886516876,"H1,H2","H1,H2,OOS,DD,CAGR"
A,SMALL,SMALLk40d11,SMALL,10.0,2W,0,3,False,4.4121446645088875,0.028116489369679032,0.33980483310256954,-0.17434880773795658,0.3824986687522401,0.3082360175737462,0.5340970883672082,0.23413190384296828,0.018441042005703512,-0.17434880773795502,"H1,H2","H1,H2,OOS,CAGR"
A,SMALL,SMALLk40d11,SMALL,10.0,2W,0,4,False,4.372046851263661,0.02337187568660437,0.29095230075588635,-0.1924770857872814,0.3442054598913914,0.25115892377421434,0.44357152229359165,0.21017459577318745,0.01611529434679415,-0.1924770857872803,"H1,H2","H1,H2,OOS,CAGR"
A,SMALL,SMALLk40d11,SMALL,10.0,2W,1,0,False,4.402731354286485,0.021819701612518116,0.27587033074752204,-0.1719556437322003,0.30891207766016693,0.25149828000857133,0.4074500400495324,0.20486380935241488,0.015466000656631396,-0.1719556437322004,"H1,H2","H1,H2,OOS,CAGR"
A,SMALL,SMALLk40d11,SMALL,10.0,2W,1,1,False,4.47016144099721,0.017756756418389363,0.2334379080875465,-0.22125429290216414,0.23346541137591562,0.23566912497965797,0.3584978891538408,0.16588001439708924,0.011578817512273964,-0.22125429290216403,"H1,H2","H1,H2,OOS,DD,CAGR"
A,SMALL,SMALLk40d11,SMALL,10.0,2W,1,2,False,4.427059531221728,0.02282386447044682,0.2852551123150927,-0.19348947088323099,0.30833906152429585,0.2702480882933499,0.493432775764987,0.17491874624665363,0.012557622825021264,-0.19348947088323143,"H1,H2","H1,H2,OOS,CAGR"
A,SMALL,SMALLk40d11,SMALL,10.0,2W,1,3,False,4.477065797083644,0.01577694116425654,0.21239601739130237,-0.2276803323665748,0.237801087762474,0.1943140918856086,0.42809420656886776,0.09682268943597062,0.004697170222915492,-0.22768033236657437,"H1,H2","H1,H2,OOS,DD,CAGR"
A,SMALL,SMALLk40d11,SMALL,10.0,2W,1,4,False,4.408384920036638,0.013491477421022635,0.1888135457389274,-0.2283764084968557,0.30312528081993445,0.09734595906054987,0.51594236676097,0.009778968678884175,-0.003908361982462472,-0.22837640849685603,"H1,H2","H1,H2,OOS,DD,CAGR"
A,SMALL,SMALLk40d11,SMALL,10.0,M,0,0,True,3.125265903727011,0.04069696459246841,0.46067523530606774,-0.19648789474697104,0.521995261494877,0.4136926177247459,0.6427180850694137,0.35996783330281296,0.03158501149860027,-0.19648789474697148,H1,"H1,H2,OOS,CAGR"
A,SMALL,SMALLk40d11,SMALL,10.0,M,0,1,False,3.132268039798927,0.030995783759387496,0.3596892535804239,-0.23222656016609777,0.35215914221549693,0.36904553191959655,0.5207743842330762,0.27188758171402194,0.02286513742445795,-0.23222656016609933,"H1,H2","H1,H2,OOS,DD,CAGR"
A,SMALL,SMALLk40d11,SMALL,10.0,M,0,2,False,3.1496361251186347,0.03395100960409825,0.39083562117342063,-0.2147508996230123,0.35016295159918703,0.42759510837781717,0.5330369438804371,0.3145444037038381,0.027272058310291003,-0.21475089962301241,H1,"H1,H2,OOS,DD,CAGR"
A,SMALL,SMALLk40d11,SMALL,10.0,M,0,3,False,3.115299038472866,0.030326251320901054,0.3524145179999314,-0.2119511028386699,0.3165663380191758,0.3849949433202116,0.47161152520154737,0.29009454528865264,0.025021115697433816,-0.21195110283866925,"H1,H2","H1,H2,OOS,DD,CAGR"
A,SMALL,SMALLk40d11,SMALL,10.0,M,0,4,False,3.1689870914039235,0.017248030950121507,0.22316040717831873,-0.25856333914604057,0.3247167120670747,0.1454080548518728,0.4733436318088464,0.0901448443121339,0.003982817780673775,-0.25856333914604046,"H1,H2","H1,H2,OOS,DD,CAGR"
A,SMALL,SMALLk40d11,SMALL,10.0,6W,0,0,True,2.532641759107758,0.02719989243826859,0.3150319985337972,-0.19469056654931594,0.3234562287152146,0.311832833069041,0.37106085702338754,0.28571278143417556,0.025060838439054045,-0.19469056654931183,"H1,H2","H1,H2,OOS,CAGR"
A,SMALL,SMALLk40d11,SMALL,10.0,6W,0,1,False,2.5449492320501403,0.03349548236455413,0.37589385701421213,-0.2059897159768891,0.37173472423082893,0.38379613651459143,0.4683102476754855,0.32844762225410346,0.029824178930218048,-0.20598971597688898,"H1,H2","H1,H2,OOS,DD,CAGR"
A,SMALL,SMALLk40d11,SMALL,10.0,6W,0,2,False,2.461697374734521,0.029862370752163248,0.34493673402789576,-0.20906899532792855,0.37968782838700776,0.3214666511410001,0.45668720824867315,0.2869024601063424,0.02493365158739791,-0.20906899532792744,"H1,H2","H1,H2,OOS,DD,CAGR"
A,SMALL,SMALLk40d11,SMALL,10.0,6W,0,3,False,2.4339517046375865,0.02113622808458815,0.2599060413159635,-0.23132513286230438,0.40722060532325294,0.15081132138644934,0.4791247260643408,0.14832664281866495,0.010139507630633648,-0.23132513286230538,"H1,H2","H1,H2,OOS,DD,CAGR"
A,SMALL,SMALLk40d11,SMALL,10.0,6W,0,4,False,2.4643796735451082,0.021074040385776538,0.2617044421139103,-0.22808996272079773,0.4210861022114472,0.14269072743454816,0.5272927733000571,0.12623408830865135,0.007742400120306359,-0.22808996272079685,"H1,H2","H1,H2,OOS,DD,CAGR"
A,SMALL,SMALLk40d11,SMALL,10.0,6W,1,0,False,2.475741550990972,0.02216152952520134,0.2725518969338517,-0.22527373278338814,0.5038502963107381,0.08895759063731482,0.632425328130078,0.07952201672988414,0.002878757592246206,-0.22527373278338725,"H1,H2","H1,H2,OOS,DD,CAGR"
A,SMALL,SMALLk40d11,SMALL,10.0,6W,1,1,False,2.4845745932603793,0.0218186623768879,0.2675692847397952,-0.2342938118308001,0.48880600404487046,0.09445041652056745,0.6141422940850428,0.08306721890375783,0.00322080210245268,-0.23429381183080067,"H1,H2","H1,H2,OOS,DD,CAGR"
A,SMALL,SMALLk40d11,SMALL,10.0,6W,1,2,False,2.541646222708635,0.021701274826829042,0.26483864030729054,-0.2725091493074293,0.4063766854217099,0.1597956966179433,0.5667010859468349,0.11010079746429514,0.0060617277911581,-0.27250914930742753,"H1,H2","H1,H2,OOS,DD,CAGR"
A,SMALL,SMALLk40d11,SMALL,10.0,6W,1,3,False,2.5443727257851476,0.019464429846645537,0.24545584149505129,-0.22164897236135905,0.4687525681744995,0.06985942777171246,0.6641319237250803,0.0228323418174016,-0.0029741556111768652,-0.22164897236135683,"H1,H2","H1,H2,OOS,DD,CAGR"
A,SMALL,SMALLk40d11,SMALL,10.0,6W,1,4,False,2.548354435473573,0.01632686186316623,0.21250203563645623,-0.2682019511890156,0.49009536995312103,-0.0038356648719974286,0.7268423233902002,-0.05968387665846376,-0.011711064051609155,-0.2682019511890169,"H1,H2","H1,H2,OOS,DD,CAGR"
A,SMALL,SMALLk40d11,SMALL,10.0,6W,2,0,False,2.592103432435902,0.01027665760209917,0.15321848044603018,-0.2445888996646568,0.35079536869066286,-0.0011948509254734732,0.5360731081758187,-0.0490798719741468,-0.010405380536589237,-0.2445888996646539,"H1,H2","H1,H2,OOS,DD,CAGR"
A,SMALL,SMALLk40d11,SMALL,10.0,6W,2,1,False,2.552038187399208,0.016621225479193535,0.21466384399749902,-0.30929058461197945,0.44540296204016133,0.04148575273224389,0.6886075822301199,-0.0281743004297561,-0.008666659631769491,-0.30929058461198133,"H1,H2","H1,H2,OOS,DD,CAGR"
A,SMALL,SMALLk40d11,SMALL,10.0,6W,2,2,False,2.567691531611985,0.027600076709962007,0.3256190097904894,-0.27683249104423835,0.39671662148928905,0.27309796070405706,0.6069749083881237,0.17677736592498433,0.013036672650693859,-0.2768324910442378,"H1,H2","H1,H2,OOS,DD,CAGR"
A,SMALL,SMALLk40d11,SMALL,10.0,6W,2,3,False,2.536150641963938,0.0326337505896479,0.37422369779542664,-0.23531092239779428,0.4037883963346398,0.35577263161194167,0.556122555338712,0.2785509359186542,0.02385161929319679,-0.2353109223977935,"H1,H2","H1,H2,OOS,DD,CAGR"
A,SMALL,SMALLk40d11,SMALL,10.0,6W,2,4,False,2.5298452093855293,0.02887690070670379,0.3386267310740121,-0.2518785474419045,0.27153830415072955,0.3956087970554666,0.43186899599434364,0.2905099196731431,0.02506064289509613,-0.25187854744190585,"H1,H2","H1,H2,OOS,DD,CAGR"
A,SMALL,SMALLk40d11,SMALL,10.0,6W,3,0,False,2.5075404182392,0.03234032101587414,0.37545241289115816,-0.1932894718886251,0.2684925438605321,0.46471925273002107,0.3882890812266585,0.37007451470936326,0.03327519315676519,-0.1932894718886251,H1,"H1,H2,OOS,CAGR"
A,SMALL,SMALLk40d11,SMALL,10.0,6W,3,1,False,2.548436739706196,0.03884876573256557,0.43959297498743155,-0.14974361870818076,0.27116340710190157,0.5779237777019336,0.36045339066083004,0.48345038025792053,0.0453087198865445,-0.14498513802128565,H1,"H1,H2,OOS,CAGR"
A,SMALL,SMALLk40d11,SMALL,10.0,6W,3,2,False,2.500056581395149,0.04389743365683185,0.48684533662857454,-0.1616257709393436,0.4022591899359929,0.5593803774122597,0.50845974109066,0.47725339845139875,0.045015010917311526,-0.16162577093934183,H1,"H1,H2,OOS,CAGR"
A,SMALL,SMALLk40d11,SMALL,10.0,6W,3,3,False,2.5340328940470234,0.04226239180184255,0.4759180945449669,-0.19230783645883387,0.37910988998152323,0.5579019856466714,0.5378459613908007,0.44512087082004376,0.04109827535358801,-0.1923078364588343,H1,"H1,H2,OOS,CAGR"
A,SMALL,SMALLk40d11,SMALL,10.0,6W,3,4,False,2.491004675177911,0.04236448723848141,0.4777241990791993,-0.19349823808481537,0.38208199441310625,0.5595409742120067,0.5763082848569886,0.4250094546993472,0.03851912048094941,-0.19349823808481414,H1,"H1,H2,OOS,CAGR"
A,SMALL,SMALLk40d11,SMALL,10.0,6W,4,0,False,2.501681544985717,0.04550488096440075,0.5085955127403081,-0.20855922602825638,0.4111396180321038,0.5922579750288557,0.5662952309457095,0.47827468074852436,0.04413435703748281,-0.20855922602825572,H1,"H1,H2,OOS,DD,CAGR"
A,SMALL,SMALLk40d11,SMALL,10.0,6W,4,1,False,2.563396709539632,0.03946254578064612,0.44394216640787826,-0.17678169864282256,0.4190130560181797,0.46828102986208847,0.5057566590098589,0.41012966184749344,0.0371867448661507,-0.17678169864282622,H1,"H1,H2,OOS,CAGR"
A,SMALL,SMALLk40d11,SMALL,10.0,6W,4,2,False,2.5775844450869094,0.043318443041235666,0.47444353773864995,-0.1579315400547171,0.4120870640343885,0.5294892785143175,0.4712823805999898,0.4773601060828825,0.04537674928402269,-0.1579315400547162,H1,"H1,H2,OOS,CAGR"
A,SMALL,SMALLk40d11,SMALL,10.0,6W,4,3,False,2.5741051391056744,0.04850879438852784,0.5295397141991799,-0.16528597605873263,0.41027098715964505,0.6321280007918008,0.4633341099678511,0.5675032581474961,0.054127063965052846,-0.16457126985821158,H1,"H1,H2,OOS,CAGR"
A,SMALL,SMALLk40d11,SMALL,10.0,6W,4,4,False,2.4677917937106746,0.043350823130705596,0.4773238721975542,-0.1745086505934519,0.37744289261221725,0.5625362578719451,0.336569769326996,0.5550446877627493,0.05364138079558112,-0.1745086505934521,H1,"H1,H2,OOS,CAGR"
A,SMALL,SMALLk40d11,SMALL,10.0,6W,5,0,False,2.4596362691574325,0.02763128624377842,0.32218306651307466,-0.21411877215722697,0.2801783985884044,0.3593389263412593,0.3051667071121365,0.3322272565416559,0.02960271548103388,-0.2141187721572272,"H1,H2","H1,H2,OOS,DD,CAGR"
A,SMALL,SMALLk40d11,SMALL,10.0,6W,5,1,False,2.4908703115630235,0.02937297324679977,0.33995090352446217,-0.19482667455345437,0.31292148237591033,0.36519101203674725,0.354311102920595,0.33284688444592125,0.02966097784295263,-0.19482667455345426,"H1,H2","H1,H2,OOS,CAGR"
A,SMALL,SMALLk40d11,SMALL,10.0,6W,5,2,False,2.489188631899359,0.027760561050339083,0.32435934212583944,-0.18994160512688885,0.35938296404638737,0.2997852731881823,0.43027066780811757,0.26750654083010883,0.022714872655722695,-0.1899416051268864,"H1,H2","H1,H2,OOS,CAGR"
A,SMALL,SMALLk40d11,SMALL,10.0,6W,5,3,False,2.5195445114903543,0.026541649275658274,0.3092990515010262,-0.22484090469927442,0.29468969316220556,0.32443304269853596,0.32464384245410166,0.3020261276133157,0.026812553962721086,-0.22484090469927331,"H1,H2","H1,H2,OOS,DD,CAGR"
A,SMALL,SMALLk40d11,SMALL,10.0,6W,5,4,False,2.488848370985547,0.03387850370483947,0.38115135634754815,-0.18766953026656585,0.39669319449688556,0.37213787412998445,0.44858278056073,0.34527975134793304,0.03127267206999451,-0.18766953026656574,"H1,H2","H1,H2,OOS,CAGR"
A,SMALL,SMALLk40d11,SMALL,10.0,Q,0,0,True,1.4423114606670506,0.03845555608927098,0.4139578810103693,-0.2601635335477266,0.3746154888299046,0.4499476154452171,0.3676199584100243,0.4401563601417438,0.043186535161898965,-0.26016353354772637,H1,"H1,H2,OOS,DD,CAGR"
A,SMALL,SMALLk40d11,SMALL,10.0,Q,0,1,False,1.5239435135257327,0.028135907138686633,0.31938929278865863,-0.26871273643843563,0.26712234237046023,0.36456126746084755,0.3117807728442265,0.3246437821686525,0.029959063374605188,-0.2687127364384373,"H1,H2","H1,H2,OOS,DD,CAGR"
A,SMALL,SMALLk40d11,SMALL,10.0,Q,0,2,False,1.5308181266467433,0.021177229527485686,0.2543420893125143,-0.29823680601959734,0.334034321164606,0.1978470360907545,0.4184720948939152,0.17233105765240758,0.01300738721558381,-0.2982368060195969,"H1,H2","H1,H2,OOS,DD,CAGR"
A,SMALL,SMALLk40d11,SMALL,10.0,Q,0,3,False,1.5599553317380523,0.028188367539397685,0.3241675717505289,-0.29502666547922585,0.34743917561020776,0.3113478398237347,0.41358682711401934,0.28079338534403486,0.024909907296948308,-0.2950266654792232,"H1,H2","H1,H2,OOS,DD,CAGR"
A,SMALL,SMALLk40d11,SMALL,10.0,Q,0,4,False,1.5264567145637828,0.021147482897125647,0.256723367000929,-0.3241192238332381,0.3472235013350536,0.1912346772415756,0.43265486690408994,0.16751379587742246,0.012327943910214412,-0.3241192238332381,"H1,H2","H1,H2,OOS,DD,CAGR"
A,SMALL,SMALLk40d12,SMALL,10.0,D,0,0,True,11.56639570775225,0.008992820416180214,0.14348872422965833,-0.1970116812182211,-0.12788017091706486,0.3392965968632128,-0.10322242790503407,0.26149886342784584,0.021374125365647867,-0.1970116812182221,"H1,H2","H1,H2,OOS,CAGR"
A,SMALL,SMALLk40d12,SMALL,10.0,2D,0,0,True,8.46480512388967,0.009045298529394952,0.1439312819769231,-0.17443085082181253,-0.02385599051999828,0.2669777427501624,0.008207101041411714,0.2098658895169198,0.016128309730762735,-0.17344174915914645,"H1,H2","H1,H2,OOS,CAGR"
A,SMALL,SMALLk40d12,SMALL,10.0,2D,1,0,False,8.471217488873654,0.010636783052132781,0.16119029132823356,-0.18484356502655175,-0.12742506139144502,0.3702627171594065,-0.057406563374686845,0.2657060564226748,0.021840803657081187,-0.18484356502655175,"H1,H2","H1,H2,OOS,CAGR"
A,SMALL,SMALLk40d12,SMALL,10.0,W,0,0,True,5.608170809385516,0.016659520566119523,0.22469388898820308,-0.16993184366701442,0.012631388664403503,0.3825846631079676,0.0473149771627052,0.31149107296236556,0.02666875176444372,-0.15975415664749182,"H1,H2","H1,H2,OOS,CAGR"
A,SMALL,SMALLk40d12,SMALL,10.0,W,0,1,False,5.696502237821254,0.008686532175457451,0.13991593961550838,-0.17223362167988565,-0.03904401613263554,0.27181116484948953,0.018948112479569467,0.19927972116917395,0.015056189065892678,-0.1658378237885425,"H1,H2","H1,H2,OOS,CAGR"
A,SMALL,SMALLk40d12,SMALL,10.0,W,0,2,False,5.558683728508086,0.011796451084925108,0.17348555334510862,-0.19541916994189512,0.03528826180868522,0.27683115796081437,0.09791497253445189,0.2113535296805713,0.016275077790319115,-0.19541916994189623,"H1,H2","H1,H2,OOS,CAGR"
A,SMALL,SMALLk40d12,SMALL,10.0,W,0,3,False,5.625260428479819,0.019833277879964584,0.25911737050954575,-0.17558916096016475,0.09889794380394908,0.3794106255511477,0.1079589449256795,0.3332897664710284,0.02888231962011223,-0.17558916096016497,"H1,H2","H1,H2,OOS,CAGR"
A,SMALL,SMALLk40d12,SMALL,10.0,W,0,4,False,5.676938202667427,0.01974969188842035,0.2579957620810482,-0.15851805116056383,0.0643883503568255,0.40187683584200345,0.11539632211718734,0.32798840951162955,0.028385352263153196,-0.15550696720320645,"H1,H2","H1,H2,OOS,CAGR"
A,SMALL,SMALLk40d12,SMALL,10.0,2W,0,0,True,4.1248318776248505,0.021868059678516794,0.2765106776334373,-0.17919555066431425,0.10401253710851918,0.4076395155503027,0.15011318054983333,0.34027830386694113,0.029996223892735374,-0.17919555066431603,H1,"H1,H2,OOS,CAGR"
A,SMALL,SMALLk40d12,SMALL,10.0,2W,0,1,False,4.133402598896789,0.021012487295074767,0.2696768500112658,-0.18761806622866883,0.16686412173413268,0.34921098816996193,0.20502415203585975,0.3033217545944694,0.0259800926317737,-0.1876180662286715,"H1,H2","H1,H2,OOS,CAGR"
A,SMALL,SMALLk40d12,SMALL,10.0,2W,0,2,False,4.081178323201327,0.022315643447311517,0.28390529304827017,-0.15371190871451068,0.16716341839023985,0.37323931714092934,0.15618612138586238,0.3471891546421133,0.030560363739858154,-0.15371190871451013,"H1,H2","H1,H2,OOS,CAGR"
A,SMALL,SMALLk40d12,SMALL,10.0,2W,0,3,False,4.110764037597599,0.023076959727357238,0.29190447955269283,-0.15635065651375912,0.12285125866941081,0.4194842545880794,0.08901493197038127,0.3910919392591784,0.03510301937834881,-0.15635065651375935,H1,"H1,H2,OOS,CAGR"
A,SMALL,SMALLk40d12,SMALL,10.0,2W,0,4,False,4.133234850769065,0.02341814931604347,0.2961280692502926,-0.18119936979189866,0.0703589201899153,0.46692378215676206,0.05534658300721698,0.41391323242366856,0.037334779947424845,-0.14304816114656826,H1,"H1,H2,OOS,CAGR"
A,SMALL,SMALLk40d12,SMALL,10.0,2W,1,0,False,4.162643772719655,0.015883814416290942,0.21539582967761167,-0.20690074551129334,-0.05904650644235499,0.4188058794206797,-0.07021698555462558,0.35327632653336993,0.03124390352083717,-0.16349624681141628,H1,"H1,H2,OOS,DD,CAGR"
A,SMALL,SMALLk40d12,SMALL,10.0,2W,1,1,False,4.199876590604282,0.010675421386469042,0.16040573931936755,-0.19115406847075622,-0.05069649665551682,0.3176865315071877,-0.024108546296570665,0.25073950203993234,0.020480788298036012,-0.18604877038572298,"H1,H2","H1,H2,OOS,CAGR"
A,SMALL,SMALLk40d12,SMALL,10.0,2W,1,2,False,4.0767950097419545,0.01770337336187211,0.23543968378705582,-0.1909923753676488,0.03398655164972951,0.3878633286983554,0.10309525772704531,0.30161607636651605,0.025613284915054546,-0.1909923753676499,"H1,H2","H1,H2,OOS,CAGR"
A,SMALL,SMALLk40d12,SMALL,10.0,2W,1,3,False,4.190634685761604,0.015139715179659508,0.20682722216418287,-0.18995955700438194,0.06925093977880951,0.31041587128702974,0.06350719171247735,0.2771812283402302,0.023403613769775955,-0.18995955700438016,"H1,H2","H1,H2,OOS,CAGR"
A,SMALL,SMALLk40d12,SMALL,10.0,2W,1,4,False,4.143554104810603,0.01830698063743541,0.23908726478167394,-0.1762524602214678,0.12444780868553913,0.32601898240969474,0.15316122374111693,0.2823164598548247,0.02410406773677254,-0.17625246022146757,"H1,H2","H1,H2,OOS,CAGR"
A,SMALL,SMALLk40d12,SMALL,10.0,M,0,0,True,2.9543872315870283,0.035706989756426166,0.4157235686684789,-0.20014766827931485,0.31946014252620253,0.4942593230956942,0.34063893177438,0.45592195665119173,0.042942823122888774,-0.20014766827931618,H1,"H1,H2,OOS,CAGR"
A,SMALL,SMALLk40d12,SMALL,10.0,M,0,1,False,2.9804831430475613,0.02777926624306626,0.33308570326479386,-0.2064780327911626,0.19012444748559634,0.4427485929274536,0.23025816911599903,0.3851190496640433,0.03561667463017737,-0.2064780327911625,H1,"H1,H2,OOS,DD,CAGR"
A,SMALL,SMALLk40d12,SMALL,10.0,M,0,2,False,2.9117946298909083,0.03348924496988204,0.3938187806269974,-0.22862515562073749,0.2589034591279294,0.4995792654485302,0.2641639378717201,0.4592067816898814,0.04328029045436965,-0.22862515562073626,H1,"H1,H2,OOS,DD,CAGR"
A,SMALL,SMALLk40d12,SMALL,10.0,M,0,3,False,2.9227593351242303,0.03577391737562641,0.41217468989127953,-0.22364217797869612,0.2986948517186817,0.5028983270086824,0.29848547508099166,0.47037408412774817,0.04508559418981406,-0.22364217797869468,H1,"H1,H2,OOS,DD,CAGR"
A,SMALL,SMALLk40d12,SMALL,10.0,M,0,4,False,2.8963503155944346,0.028337151436000463,0.3388228531344123,-0.20086446265009406,0.21535702603221227,0.43482568191015064,0.2581878399649629,0.3805631932960068,0.035147667455038833,-0.2008644626500954,H1,"H1,H2,OOS,CAGR"
A,SMALL,SMALLk40d12,SMALL,10.0,6W,0,0,True,2.2752552790263856,0.02775769250348148,0.3226240070046299,-0.21359679564109402,0.04927822281406089,0.5274787364725511,0.049204439597142234,0.4592600144666049,0.04494563598437695,-0.21359679564109568,H1,"H1,H2,OOS,DD,CAGR"
A,SMALL,SMALLk40d12,SMALL,10.0,6W,0,1,False,2.3735810288096224,0.026033157423244635,0.30510808457602634,-0.23309930904109588,0.10794869376233038,0.45029453791735147,0.12083136984297028,0.3950329395538965,0.03820888720581528,-0.23309930904109755,H1,"H1,H2,OOS,DD,CAGR"
A,SMALL,SMALLk40d12,SMALL,10.0,6W,0,2,False,2.309002361091177,0.028787976687646655,0.3345649037151971,-0.2133957689627186,0.1732658189686141,0.45396632704421735,0.1939177118745239,0.4034164020834679,0.038990268685924034,-0.2133957689627184,H1,"H1,H2,OOS,DD,CAGR"
A,SMALL,SMALLk40d12,SMALL,10.0,6W,0,3,False,2.3043059555735055,0.03095474829952516,0.35621132593841953,-0.23023318751047184,0.26965603282168954,0.42572187781429716,0.30394882254798233,0.38525950291358046,0.03696249228058823,-0.2302331875104724,H1,"H1,H2,OOS,DD,CAGR"
A,SMALL,SMALLk40d12,SMALL,10.0,6W,0,4,False,2.246913722103692,0.027677528788057515,0.33087711643512263,-0.20969170103403645,0.30098163347921547,0.36036126591739037,0.33763059056074296,0.3321879455964191,0.030039960257333798,-0.20969170103403534,"H1,H2","H1,H2,OOS,DD,CAGR"
A,SMALL,SMALLk40d12,SMALL,10.0,6W,1,0,False,2.35651466217285,0.02101376060599769,0.26294668004825206,-0.233404660609565,0.21421107320291793,0.30393465491278837,0.2862026514398321,0.255100208761157,0.021630445052295943,-0.23340466060956455,"H1,H2","H1,H2,OOS,DD,CAGR"
A,SMALL,SMALLk40d12,SMALL,10.0,6W,1,1,False,2.344150347717471,0.022310887794446232,0.2733338519364693,-0.22184915954378004,0.17550916465653751,0.3495059691554269,0.14879617675857357,0.33470020862642036,0.030733490813188435,-0.22184915954378037,"H1,H2","H1,H2,OOS,DD,CAGR"
A,SMALL,SMALLk40d12,SMALL,10.0,6W,1,2,False,2.3481200608913086,0.025915291415716357,0.3081849656600103,-0.24789391486427836,0.18066887584474098,0.4054786354082241,0.2402955662403762,0.3435901283376834,0.03190986157326625,-0.2478939148642788,H1,"H1,H2,OOS,DD,CAGR"
A,SMALL,SMALLk40d12,SMALL,10.0,6W,1,3,False,2.366314482268801,0.02446512544320667,0.29624319089260504,-0.20513818180609544,0.23493197007320915,0.3471419004968169,0.28529810863883365,0.30451567517916284,0.027036024091708244,-0.205138181806096,"H1,H2","H1,H2,OOS,DD,CAGR"
A,SMALL,SMALLk40d12,SMALL,10.0,6W,1,4,False,2.374604140134255,0.030424883095402366,0.3546417934576796,-0.21612359009776905,0.24326869005418278,0.44276903657440714,0.24680751892148026,0.40984463372864427,0.03875924603193681,-0.21612359009777027,H1,"H1,H2,OOS,DD,CAGR"
A,SMALL,SMALLk40d12,SMALL,10.0,6W,2,0,False,2.407998569275842,0.028204534719801666,0.33664775316595547,-0.1901481151066372,0.2556941907537091,0.4028136466142927,0.3009457260111477,0.3571865074578471,0.03240946587137805,-0.19014811510663632,"H1,H2","H1,H2,OOS,CAGR"
A,SMALL,SMALLk40d12,SMALL,10.0,6W,2,1,False,2.4409871838568913,0.02914271405423907,0.34597429602806856,-0.22815777059885523,0.26568896232279426,0.4115703987240931,0.30528941868389076,0.36910031229726814,0.0338181108874418,-0.2281577705988569,H1,"H1,H2,OOS,DD,CAGR"
A,SMALL,SMALLk40d12,SMALL,10.0,6W,2,2,False,2.4108511468774934,0.03806467467504926,0.4386827395716189,-0.20003341295697696,0.28766641474985544,0.5578647903892375,0.3608288302427247,0.4805070491415936,0.04550997148218028,-0.2000334129569754,H1,"H1,H2,OOS,CAGR"
A,SMALL,SMALLk40d12,SMALL,10.0,6W,2,3,False,2.4261807278170666,0.0316693511276227,0.3752967368634537,-0.17652460660135627,0.1876719284514141,0.5186019687026661,0.2083739789080305,0.45863240623122925,0.043053765432576,-0.17652460660135616,H1,"H1,H2,OOS,CAGR"
A,SMALL,SMALLk40d12,SMALL,10.0,6W,2,4,False,2.391936884314568,0.03195356381160752,0.3789959809931784,-0.18786292614606925,0.15137977173283204,0.5525856056188732,0.1921855330866527,0.4720693675999525,0.04434713624394604,-0.18786292614607092,H1,"H1,H2,OOS,CAGR"
A,SMALL,SMALLk40d12,SMALL,10.0,6W,3,0,False,2.42096884947722,0.028239947161645906,0.3396330456930893,-0.1725466321175596,0.08452265268597059,0.5310826527533853,0.11183769947556818,0.45079889304482085,0.04238867305779315,-0.14761098134561323,H1,"H1,H2,OOS,CAGR"
A,SMALL,SMALLk40d12,SMALL,10.0,6W,3,1,False,2.4413692909736753,0.024401326268315593,0.3018336225902279,-0.1697134042014503,0.14227403360489285,0.42442362955064067,0.22503793838278932,0.34161254836379285,0.030375083419273752,-0.1697134042014511,H1,"H1,H2,OOS,CAGR"
A,SMALL,SMALLk40d12,SMALL,10.0,6W,3,2,False,2.3191387448038,0.02581906228358899,0.31889411145296614,-0.17540218641727257,0.1936772907530472,0.4165967917152741,0.2579286740212816,0.3513344021972819,0.031142087027434373,-0.17540218641727168,H1,"H1,H2,OOS,CAGR"
A,SMALL,SMALLk40d12,SMALL,10.0,6W,3,3,False,2.3285045447034785,0.03229348899793849,0.38053365040400816,-0.1956215173796637,0.2407453349666484,0.49050190448383885,0.22365646171576728,0.4596644989588234,0.043203288971302545,-0.19562151737966482,H1,"H1,H2,OOS,CAGR"
A,SMALL,SMALLk40d12,SMALL,10.0,6W,3,4,False,2.318804956421897,0.03508100255268576,0.4072232330141971,-0.19825759640557228,0.2713138948153147,0.514146506644473,0.2828012987270301,0.47083641197408976,0.04469714701921346,-0.19825759640557272,H1,"H1,H2,OOS,CAGR"
A,SMALL,SMALLk40d12,SMALL,10.0,6W,4,0,False,2.357237793689117,0.03328361119757406,0.3890173303990089,-0.22118130627755572,0.20011027509487017,0.5342368534107956,0.20073048033652363,0.482937193133801,0.046008891448474865,-0.22118130627755583,H1,"H1,H2,OOS,DD,CAGR"
A,SMALL,SMALLk40d12,SMALL,10.0,6W,4,1,False,2.3699454544195633,0.03162112836292352,0.3743072972518673,-0.22224038451365935,0.19326918903120188,0.513874963669792,0.20627190083600191,0.4595148520818714,0.04294994183629908,-0.22224038451365913,H1,"H1,H2,OOS,DD,CAGR"
A,SMALL,SMALLk40d12,SMALL,10.0,6W,4,2,False,2.3736453417039813,0.031626361492042454,0.3740549763946743,-0.17731117426818777,0.25315672287917973,0.47015006065506776,0.21416710664299513,0.45526479869380515,0.042540967358917214,-0.177311174268187,H1,"H1,H2,OOS,CAGR"
A,SMALL,SMALLk40d12,SMALL,10.0,6W,4,3,False,2.3638729050945204,0.02852150738080894,0.34125062958177205,-0.1802514847456047,0.22381547823685707,0.4336377514164363,0.21147936604895157,0.40722336073527104,0.037613115681763176,-0.18025148474560337,H1,"H1,H2,OOS,CAGR"
A,SMALL,SMALLk40d12,SMALL,10.0,6W,4,4,False,2.351791413959784,0.02762685236202822,0.3305421755996932,-0.21082698970509528,0.14352729077268464,0.47307434506583795,0.16833869903440402,0.4110862390669354,0.03842891816786986,-0.21082698970509473,H1,"H1,H2,OOS,DD,CAGR"
A,SMALL,SMALLk40d12,SMALL,10.0,6W,5,0,False,2.3481691538366842,0.01624629663760846,0.21363319660127666,-0.26246474582529755,-0.06289028248188275,0.42508903169969103,0.03311789234336513,0.3059772387314603,0.02693800268501123,-0.24022000754651562,H1,"H1,H2,OOS,DD,CAGR"
A,SMALL,SMALLk40d12,SMALL,10.0,6W,5,1,False,2.341310111533524,0.02176801602502354,0.26671068929995834,-0.22670525596656577,0.027431715030445194,0.44851386009426397,0.09988744369367855,0.3518752844245188,0.032329673216541455,-0.22670525596656466,H1,"H1,H2,OOS,DD,CAGR"
A,SMALL,SMALLk40d12,SMALL,10.0,6W,5,2,False,2.296010927243803,0.03116479754338486,0.3600820264302488,-0.2042184265951641,0.11865544196815093,0.5458218889583277,0.18218413644554168,0.45127465265706784,0.04319387479432457,-0.2042184265951651,H1,"H1,H2,OOS,DD,CAGR"
A,SMALL,SMALLk40d12,SMALL,10.0,6W,5,3,False,2.3737995081054777,0.027953220312808558,0.3278642745503002,-0.20001093055158015,0.06440818104018035,0.5278563663325119,0.10643136995949533,0.4399602356196615,0.0421034993309517,-0.20001093055158048,H1,"H1,H2,OOS,CAGR"
A,SMALL,SMALLk40d12,SMALL,10.0,6W,5,4,False,2.3232373677101927,0.030472779605611233,0.3491733111914411,-0.18972639566632665,0.1036197832850417,0.5316240031581957,0.16261083209194382,0.4418725289646632,0.0431966405110924,-0.18972639566632865,H1,"H1,H2,OOS,CAGR"
A,SMALL,SMALLk40d12,SMALL,10.0,Q,0,0,True,1.438234975691033,0.03935149938016691,0.42062715841223214,-0.25260056689437815,0.1863699049727332,0.5975557620311509,0.23117517507892463,0.515833100380894,0.053617550239335454,-0.25260056689437926,H1,"H1,H2,OOS,DD,CAGR"
A,SMALL,SMALLk40d12,SMALL,10.0,Q,0,1,False,1.4837288224204928,0.0353566764691704,0.38658660023429703,-0.2704000308410829,0.17092446725782118,0.5460110892167036,0.2695799121551917,0.4455444936432098,0.045337728492806706,-0.2704000308410829,H1,"H1,H2,OOS,DD,CAGR"
A,SMALL,SMALLk40d12,SMALL,10.0,Q,0,2,False,1.449396656114508,0.04326624471663787,0.4601794180595084,-0.2888509964571597,0.25527650606182006,0.6109327320762825,0.30833222499222535,0.5349668008849737,0.05655215868535901,-0.2888509964571605,H1,"H1,H2,OOS,DD,CAGR"
A,SMALL,SMALLk40d12,SMALL,10.0,Q,0,3,False,1.442525399606986,0.05036404971868702,0.5317148326697215,-0.2863049334988901,0.30121016644041276,0.6988752294675076,0.3576415880315581,0.6164300656628566,0.06630543722763882,-0.28630493349889063,H1,"H1,H2,OOS,DD,CAGR"
A,SMALL,SMALLk40d12,SMALL,10.0,Q,0,4,False,1.4360376212194603,0.03785747382386018,0.4209977581442447,-0.29381427620855105,0.10532590108138626,0.6404536601507873,0.11878721471772054,0.5587637439619506,0.057892571135639725,-0.2938142762085516,H1,"H1,H2,OOS,DD,CAGR"
A,SMALL,SMALLk40d13,SMALL,10.0,D,0,0,True,11.457602164661305,0.013089364283579874,0.19053238770698758,-0.27335378555481904,0.4557402890787559,0.016828939260088792,0.43081568126236985,0.08698438698244776,0.0037190786088736605,-0.2733537855548174,"H1,H2","H1,H2,OOS,DD,CAGR"
A,SMALL,SMALLk40d13,SMALL,10.0,2D,0,0,True,8.467001749587645,0.01629874930063968,0.22471940020206066,-0.2517695286281134,0.43101249816857345,0.09348629659851487,0.3684599043641297,0.165561871453088,0.011613599755376125,-0.2517695286281155,"H1,H2","H1,H2,OOS,DD,CAGR"
A,SMALL,SMALLk40d13,SMALL,10.0,2D,1,0,False,8.460732192480942,0.012533854239601183,0.18378206722016868,-0.28014719649350883,0.5141141712672026,-0.031960707676246695,0.5076606787725685,0.043376894700615835,-0.0006284361592414633,-0.2801471964935065,"H1,H2","H1,H2,OOS,DD,CAGR"
A,SMALL,SMALLk40d13,SMALL,10.0,W,0,0,True,5.618830896200521,0.020566604658024623,0.269420300418995,-0.21380793148905397,0.5039867093384528,0.12432619793874025,0.49841801968014754,0.17432358827690994,0.012587076842563771,-0.21380793148905264,"H1,H2","H1,H2,OOS,DD,CAGR"
A,SMALL,SMALLk40d13,SMALL,10.0,W,0,1,False,5.79131947932019,0.012928170879038747,0.187542460175244,-0.28584865581849517,0.5058145066016415,-0.02081606069092787,0.5205715268390003,0.04245975288594647,-0.0007476867861497816,-0.2858486558184963,"H1,H2","H1,H2,OOS,DD,CAGR"
A,SMALL,SMALLk40d13,SMALL,10.0,W,0,2,False,5.692880203821628,0.016727143930750366,0.22820131684652906,-0.24773274328702277,0.6055324190321268,-0.013309818070493402,0.6217396306402405,0.0618874215287796,0.0011465204231992931,-0.24773274328702288,"H1,H2","H1,H2,OOS,DD,CAGR"
A,SMALL,SMALLk40d13,SMALL,10.0,W,0,3,False,5.789535249619834,0.018341965731495824,0.24469145942957124,-0.265795708499196,0.4897624244221886,0.08872463037363464,0.48896572223633944,0.14136260911602852,0.00923323575116397,-0.2657957084991973,"H1,H2","H1,H2,OOS,DD,CAGR"
A,SMALL,SMALLk40d13,SMALL,10.0,W,0,4,False,5.810617096287498,0.022183809707940316,0.28795251677346984,-0.26739049761567146,0.4234296044412574,0.20774142764468248,0.3188967589069617,0.2794053847562041,0.023268215498384315,-0.2673904976156706,"H1,H2","H1,H2,OOS,DD,CAGR"
A,SMALL,SMALLk40d13,SMALL,10.0,2W,0,0,True,4.180711621199827,0.021312883814939232,0.2728953573676778,-0.23934206056634888,0.5647825951932176,0.09343163143659325,0.5596600401187077,0.1546531064250211,0.010729546545595436,-0.23934206056634622,"H1,H2","H1,H2,OOS,DD,CAGR"
A,SMALL,SMALLk40d13,SMALL,10.0,2W,0,1,False,4.244518771857628,0.013555536109609134,0.19246818478683625,-0.31372770497194435,0.5812190454442218,-0.061914950096279946,0.5201522379532545,0.0514477313866623,4.209956713907559e-05,-0.3137277049719456,"H1,H2","H1,H2,OOS,DD,CAGR"
A,SMALL,SMALLk40d13,SMALL,10.0,2W,0,2,False,4.263924359730539,0.019852601945776982,0.2612969126512227,-0.2533074691241498,0.5211687359554408,0.09511280448451319,0.4833940176795899,0.16761817864781356,0.011901353884823829,-0.25330746912415225,"H1,H2","H1,H2,OOS,DD,CAGR"
A,SMALL,SMALLk40d13,SMALL,10.0,2W,0,3,False,4.259167540784888,0.018935188381448365,0.2517439413551884,-0.24005105060048293,0.5312621122456583,0.0702097025057755,0.5145478889914412,0.13820001188639452,0.008878761152006032,-0.24005105060048593,"H1,H2","H1,H2,OOS,DD,CAGR"
A,SMALL,SMALLk40d13,SMALL,10.0,2W,0,4,False,4.19688395791482,0.02810537676500946,0.3531292510911735,-0.1968968452949672,0.6230416494363069,0.17910558235205962,0.5163944983704282,0.28539707627697436,0.023696377329642804,-0.19689684529496565,"H1,H2","H1,H2,OOS,CAGR"
A,SMALL,SMALLk40d13,SMALL,10.0,2W,1,0,False,4.199706456345949,0.017686761410563134,0.23850551581887472,-0.21723855819089255,0.49903638221235225,0.0715039696471987,0.46047981653956316,0.1436562247177167,0.009429178554401396,-0.21723855819089244,"H1,H2","H1,H2,OOS,DD,CAGR"
A,SMALL,SMALLk40d13,SMALL,10.0,2W,1,1,False,4.198276455924398,0.010411114488583673,0.15901878647696105,-0.26842295557181894,0.37721356128339906,0.018857531940029332,0.3939247549262189,0.05816833145753418,0.0007549820247692018,-0.2684229555718207,"H1,H2","H1,H2,OOS,DD,CAGR"
A,SMALL,SMALLk40d13,SMALL,10.0,2W,1,2,False,4.148805486335106,0.02065171992074255,0.2681899713162969,-0.24592233398569818,0.5888373500079142,0.07014184595554368,0.5464988572526047,0.15510197327910488,0.010720082420630828,-0.24592233398569607,"H1,H2","H1,H2,OOS,DD,CAGR"
A,SMALL,SMALLk40d13,SMALL,10.0,2W,1,3,False,4.235161382024499,0.023303682782692015,0.29342184946387045,-0.24156222582472808,0.5659828073455597,0.1259139292780589,0.5500687227793407,0.18838980882514667,0.014295140825375086,-0.2415622258247272,"H1,H2","H1,H2,OOS,DD,CAGR"
A,SMALL,SMALLk40d13,SMALL,10.0,2W,1,4,False,4.260426781236685,0.015385995144701514,0.21055656363604466,-0.2942398278456585,0.4920372710808184,0.03824865611403094,0.4714867232147735,0.10395156798041322,0.005416543656935557,-0.2942398278456597,"H1,H2","H1,H2,OOS,DD,CAGR"
A,SMALL,SMALLk40d13,SMALL,10.0,M,0,0,True,2.979655829954346,0.017772891928334866,0.2363516121747549,-0.287088126389084,0.7421631264253983,-0.09494048259853456,0.7298020811663629,0.022707874674957253,-0.0029538425928129497,-0.28708812638908654,"H1,H2","H1,H2,OOS,DD,CAGR"
A,SMALL,SMALLk40d13,SMALL,10.0,M,0,1,False,3.0019630826147665,0.010939762000388598,0.16368564007948114,-0.28005744289332735,0.5858948810015763,-0.11704349092064288,0.5818970585291409,-0.018676682278051974,-0.007185041576764806,-0.2800574428933267,"H1,H2","H1,H2,OOS,DD,CAGR"
A,SMALL,SMALLk40d13,SMALL,10.0,M,0,2,False,3.0689244997194756,0.01616230203011204,0.2189646373642943,-0.2674243366200725,0.5119390278534507,0.029012422892906276,0.4864232835401862,0.10426846159871957,0.005447712086340761,-0.2674243366200728,"H1,H2","H1,H2,OOS,DD,CAGR"
A,SMALL,SMALLk40d13,SMALL,10.0,M,0,3,False,3.072777001075877,0.019586140936323382,0.2522598181393015,-0.27314627858563334,0.5947370995686976,0.03622472274070337,0.5753297765302924,0.1184037813926991,0.006950904689828397,-0.2731462785856331,"H1,H2","H1,H2,OOS,DD,CAGR"
A,SMALL,SMALLk40d13,SMALL,10.0,M,0,4,False,3.031953790248188,0.024747786177222064,0.30623241564805875,-0.291496558134401,0.6434026397536022,0.09293316309394856,0.6950123003064452,0.1444170743265228,0.009705510319107491,-0.291496558134402,"H1,H2","H1,H2,OOS,DD,CAGR"
A,SMALL,SMALLk40d13,SMALL,10.0,6W,0,0,True,2.4183914167758864,0.029080784876887922,0.3457806487828547,-0.2714649669888888,0.5735246784628086,0.21140383346827837,0.5579776854360017,0.26376117175169556,0.02290533332387734,-0.2714649669888869,"H1,H2","H1,H2,OOS,DD,CAGR"
A,SMALL,SMALLk40d13,SMALL,10.0,6W,0,1,False,2.4567314159215203,0.02019850516076538,0.2575680974607255,-0.3086487295336595,0.5714720897890254,0.06033734546370613,0.5469027686779562,0.13873585703615984,0.009138788168795209,-0.30864872953365907,"H1,H2","H1,H2,OOS,DD,CAGR"
A,SMALL,SMALLk40d13,SMALL,10.0,6W,0,2,False,2.454939822099126,0.025710617952286796,0.31635724154621886,-0.25399591754986806,0.6183917014169721,0.1250199079979024,0.5859457146208182,0.20601875147496262,0.01626388612568297,-0.25399591754986806,"H1,H2","H1,H2,OOS,DD,CAGR"
A,SMALL,SMALLk40d13,SMALL,10.0,6W,0,3,False,2.3848812218602973,0.033213871720059185,0.3890424883256789,-0.27773285766156697,0.7430774897247838,0.170390040383089,0.7197651421694603,0.2571110883444862,0.022059339591055105,-0.2777328576615664,"H1,H2","H1,H2,OOS,DD,CAGR"
A,SMALL,SMALLk40d13,SMALL,10.0,6W,0,4,False,2.3537248261066295,0.030523242639957093,0.3695037302218535,-0.2484803002295385,0.7070790440676373,0.15471793218192786,0.7051517711244926,0.22862372581741855,0.018458106856364065,-0.2484803002295387,"H1,H2","H1,H2,OOS,DD,CAGR"
A,SMALL,SMALLk40d13,SMALL,10.0,6W,1,0,False,2.4193161939818126,0.023927372907170064,0.30099280842792936,-0.30202395772036605,0.7082939868123997,0.03236298868423413,0.7530232722957518,0.1034182816995069,0.005359669919027699,-0.3020239577203674,"H1,H2","H1,H2,OOS,DD,CAGR"
A,SMALL,SMALLk40d13,SMALL,10.0,6W,1,1,False,2.4201595042745048,0.02017864551555415,0.259136198275862,-0.31580946140957955,0.6757815144074637,-0.015617704205176823,0.7168264106453808,0.05893486223614795,0.0007093286744195293,-0.31580946140958155,"H1,H2","H1,H2,OOS,DD,CAGR"
A,SMALL,SMALLk40d13,SMALL,10.0,6W,1,2,False,2.4675395224739867,0.02834033968062255,0.3441409233751244,-0.2578499428812415,0.6946727280699857,0.12411166077769674,0.7821735640380267,0.1597548933757302,0.011303137576426314,-0.2578499428812423,"H1,H2","H1,H2,OOS,DD,CAGR"
A,SMALL,SMALLk40d13,SMALL,10.0,6W,1,3,False,2.47892882731549,0.02232642494113457,0.27981136397198203,-0.28047897908993125,0.6964474111457082,0.007851916288160177,0.7930206406969081,0.05890914210916512,0.0006418833755301723,-0.28047897908992936,"H1,H2","H1,H2,OOS,DD,CAGR"
A,SMALL,SMALLk40d13,SMALL,10.0,6W,1,4,False,2.4015480251990273,0.021186227884848474,0.2702871851655338,-0.2686327145278138,0.5948856028995625,0.06904393827708906,0.6070693460919541,0.1317979671044302,0.008352321525431528,-0.2686327145278148,"H1,H2","H1,H2,OOS,DD,CAGR"
A,SMALL,SMALLk40d13,SMALL,10.0,6W,2,0,False,2.440052887596076,0.019302162375343324,0.2489667292955916,-0.24832359871943155,0.5954680998393502,0.031843449428874626,0.6255538793999699,0.09205811101774192,0.0041433026363124625,-0.24832359871943388,"H1,H2","H1,H2,OOS,DD,CAGR"
A,SMALL,SMALLk40d13,SMALL,10.0,6W,2,1,False,2.503499245958272,0.01685324807476407,0.22161552325235884,-0.2888617653111195,0.5979214342406153,-0.014922912175378887,0.5917610001249904,0.06707606821110228,0.001418534232689339,-0.2888617653111172,"H1,H2","H1,H2,OOS,DD,CAGR"
A,SMALL,SMALLk40d13,SMALL,10.0,6W,2,2,False,2.5101178696365554,0.01518442278303489,0.20636661901549952,-0.263757983651852,0.5211681641577514,0.0016819577674869169,0.5590595430328237,0.05434277358683167,0.00017904295408377457,-0.2637579836518522,"H1,H2","H1,H2,OOS,DD,CAGR"
A,SMALL,SMALLk40d13,SMALL,10.0,6W,2,3,False,2.508811049520408,0.014994249699272988,0.20580075904792533,-0.2527700887316955,0.47363927384153515,0.033707247040984815,0.4426489843857272,0.10408774800166941,0.005428559417179235,-0.2527700887316918,"H1,H2","H1,H2,OOS,DD,CAGR"
A,SMALL,SMALLk40d13,SMALL,10.0,6W,2,4,False,2.426236726220196,0.019602733084270296,0.2551987750666162,-0.25129499010174194,0.6163234207003659,0.025434106788801928,0.5352301767318369,0.13751935532496945,0.008911465889855474,-0.2512949901017423,"H1,H2","H1,H2,OOS,DD,CAGR"
A,SMALL,SMALLk40d13,SMALL,10.0,6W,3,0,False,2.438003877469946,0.015302325995536714,0.20919357204014125,-0.2711616243956859,0.5646946833196919,-0.015582867358603956,0.4783107438696059,0.09614241460547435,0.004596721521472391,-0.27116162439568425,"H1,H2","H1,H2,OOS,DD,CAGR"
A,SMALL,SMALLk40d13,SMALL,10.0,6W,3,1,False,2.49182378500259,0.020496359618443094,0.26350011007292395,-0.2551516190881503,0.5428807372925977,0.09033030109377732,0.4738321294673812,0.1776866782595277,0.01318559105128636,-0.2551516190881501,"H1,H2","H1,H2,OOS,DD,CAGR"
A,SMALL,SMALLk40d13,SMALL,10.0,6W,3,2,False,2.418178901802064,0.025799584724528035,0.32038127983745424,-0.24365943591934147,0.6114508978107747,0.1430938314133188,0.5043891056100649,0.24930214381951693,0.02075659127111451,-0.24365943591934025,"H1,H2","H1,H2,OOS,DD,CAGR"
A,SMALL,SMALLk40d13,SMALL,10.0,6W,3,3,False,2.4749020544261824,0.02889098559720793,0.3512066578277251,-0.23345297515800345,0.6492141646891801,0.16643614923861338,0.5870441978674679,0.255065589121423,0.021362538346949345,-0.23345297515800378,"H1,H2","H1,H2,OOS,DD,CAGR"
A,SMALL,SMALLk40d13,SMALL,10.0,6W,3,4,False,2.4406346881963423,0.023989723338254443,0.30292176193733483,-0.25364563982622235,0.6625211460007998,0.06814987291874382,0.6192679549842931,0.16475213787497187,0.011663538830466225,-0.2536456398262217,"H1,H2","H1,H2,OOS,DD,CAGR"
A,SMALL,SMALLk40d13,SMALL,10.0,6W,4,0,False,2.4272616942139678,0.026838661051093782,0.3306224327044751,-0.25058746939905463,0.68524128967793,0.10309350062359632,0.5744627728575606,0.22708594920901823,0.018270775024823216,-0.2505874693990554,"H1,H2","H1,H2,OOS,DD,CAGR"
A,SMALL,SMALLk40d13,SMALL,10.0,6W,4,1,False,2.452841300495373,0.027452916480117162,0.33685787227103026,-0.22757578015147029,0.6177489164971119,0.15459290419938654,0.5076913029852521,0.2644894026814435,0.022157737733913718,-0.22757578015146973,"H1,H2","H1,H2,OOS,DD,CAGR"
A,SMALL,SMALLk40d13,SMALL,10.0,6W,4,2,False,2.44687121914972,0.03335249385795502,0.3996561436278569,-0.2122049454200009,0.6783858683418821,0.22500375996651245,0.6000525505857263,0.31629401177997374,0.02757675732968856,-0.21220494542000212,"H1,H2","H1,H2,OOS,DD,CAGR"
A,SMALL,SMALLk40d13,SMALL,10.0,6W,4,3,False,2.4413942344686936,0.023769365133146314,0.299563035621164,-0.2622083300928886,0.7227427780637874,0.017031381389193655,0.6510163781588655,0.14359295199516472,0.009492399096671544,-0.2622083300928896,"H1,H2","H1,H2,OOS,DD,CAGR"
A,SMALL,SMALLk40d13,SMALL,10.0,6W,4,4,False,2.4278108713057485,0.0127885599507771,0.18415778631194893,-0.2634011770164132,0.5967367604743675,-0.09669621552097456,0.49805883285361635,0.04364764258704191,-0.0007045455115859411,-0.2634011770164131,"H1,H2","H1,H2,OOS,DD,CAGR"
A,SMALL,SMALLk40d13,SMALL,10.0,6W,5,0,False,2.4185230072850805,0.010935696117171378,0.1644996094477639,-0.24186239667947473,0.46854048737774273,-0.04371557522783417,0.43139846177493457,0.04310325659575458,-0.0007204601173396163,-0.24186239667947274,"H1,H2","H1,H2,OOS,DD,CAGR"
A,SMALL,SMALLk40d13,SMALL,10.0,6W,5,1,False,2.425550037252748,0.01812109340584578,0.2390433895919483,-0.2367081249859011,0.5124507026507615,0.057575453426781456,0.5160007600861545,0.11680543267865205,0.0067447205532840115,-0.23670812498589977,"H1,H2","H1,H2,OOS,DD,CAGR"
A,SMALL,SMALLk40d13,SMALL,10.0,6W,5,2,False,2.4399791988768076,0.022729705372660725,0.28349220934225594,-0.25767336864204615,0.6222657075082483,0.06838121923396068,0.5691734211014391,0.16429101763234405,0.011865806100911147,-0.25767336864204626,"H1,H2","H1,H2,OOS,DD,CAGR"
A,SMALL,SMALLk40d13,SMALL,10.0,6W,5,3,False,2.478065898830428,0.02676188239423727,0.32236957217363355,-0.2427138799507027,0.5505140286908494,0.1831685165021581,0.5296493761572053,0.23834448206935438,0.02000373938320421,-0.24271387995070237,"H1,H2","H1,H2,OOS,DD,CAGR"
A,SMALL,SMALLk40d13,SMALL,10.0,6W,5,4,False,2.444776118758359,0.022999829510058856,0.2832776834389077,-0.2688317161489229,0.5657876749803799,0.11070735131139027,0.5337929646855293,0.18357341401583793,0.014127596485913996,-0.2688317161489243,"H1,H2","H1,H2,OOS,DD,CAGR"
A,SMALL,SMALLk40d13,SMALL,10.0,Q,0,0,True,1.4192556824546203,0.03020752350051814,0.3469565088347576,-0.2812150389154153,0.7222948319825292,0.12923530574219924,0.5246954076699141,0.28550656251358597,0.026342379370176916,-0.2812150389154151,"H1,H2","H1,H2,OOS,DD,CAGR"
A,SMALL,SMALLk40d13,SMALL,10.0,Q,0,1,False,1.4284425802743042,0.02993938046806166,0.34900642820071054,-0.28777302788795633,0.6339089298763773,0.18149564408866864,0.49118899476464734,0.2999054081840549,0.027526924878984227,-0.28777302788795556,"H1,H2","H1,H2,OOS,DD,CAGR"
A,SMALL,SMALLk40d13,SMALL,10.0,Q,0,2,False,1.4256737320730044,0.030744266716929314,0.3556017663068029,-0.27435477117320395,0.6344193556630645,0.1908764299780583,0.40192468980152035,0.34510841931705616,0.032783665671690665,-0.2743547711732043,"H1,H2","H1,H2,OOS,DD,CAGR"
A,SMALL,SMALLk40d13,SMALL,10.0,Q,0,3,False,1.411476159855296,0.037217474237120296,0.4172587167967361,-0.2757532809743033,0.7610587134993363,0.22039423870400324,0.5623813817524398,0.3711878788143337,0.036164088651242654,-0.27575328097430485,H2,"H1,H2,OOS,DD,CAGR"
A,SMALL,SMALLk40d13,SMALL,10.0,Q,0,4,False,1.4287148554473468,0.03657357710633158,0.4108950756403324,-0.2853277306033858,0.7259173093844584,0.2314677722683905,0.5450461013818834,0.3671760202015335,0.0355897247484771,-0.28532773060338545,"H1,H2","H1,H2,OOS,DD,CAGR"
A,SMALL,SMALLk40d14,SMALL,10.0,D,0,0,True,10.98249716073509,-0.003866307311498507,-0.009067802374855107,-0.3304174846361474,-0.07968631253176638,0.03701055739393016,0.17021997117994928,-0.08617110925331216,-0.011503148761325743,-0.3304174846361482,"H1,H2","H1,H2,OOS,DD,CAGR"
A,SMALL,SMALLk40d14,SMALL,10.0,2D,0,0,True,8.069767541664223,0.004912213718416991,0.10129740950270485,-0.3067184122781117,-0.062210262373617244,0.21268357877797014,0.15567648839847217,0.07992177510677947,0.0031587003874478103,-0.3067184122781119,"H1,H2","H1,H2,OOS,DD,CAGR"
A,SMALL,SMALLk40d14,SMALL,10.0,2D,1,0,False,8.035050715344969,-0.0023967994092606304,0.00965417151192569,-0.33599626337274424,-0.003595625066512744,0.018649701567762533,0.3332597373034039,-0.127600890160129,-0.015213779326698651,-0.3359962633727467,"H1,H2","H1,H2,OOS,DD,CAGR"
A,SMALL,SMALLk40d14,SMALL,10.0,W,0,0,True,5.5090638390289834,0.0012308608775943863,0.05560012234272645,-0.30680999371980444,0.006676671514911955,0.08929006417395742,0.29409281321402647,-0.043406998511725296,-0.00799731880878718,-0.30680999371980433,"H1,H2","H1,H2,OOS,DD,CAGR"
A,SMALL,SMALLk40d14,SMALL,10.0,W,0,1,False,5.515377830663758,0.006170317970704442,0.11652524882725948,-0.3034627342612387,0.029691689667599695,0.17728240647653282,0.37117425088805545,0.010561194587430956,-0.0031285835976154752,-0.30346273426123926,"H1,H2","H1,H2,OOS,DD,CAGR"
A,SMALL,SMALLk40d14,SMALL,10.0,W,0,2,False,5.490655621229248,0.009478732485904029,0.15730042869628577,-0.30426349444628953,0.0113546506208103,0.2593393423430419,0.3516782998733108,0.07747322939374639,0.002926663070385027,-0.30426349444628886,"H1,H2","H1,H2,OOS,DD,CAGR"
A,SMALL,SMALLk40d14,SMALL,10.0,W,0,3,False,5.492396425746256,0.00860402444275743,0.14647382856414892,-0.3108272414078834,0.0014774989776629055,0.24692148906295885,0.21700199676351434,0.1191610523679105,0.006703436963752862,-0.31082724140788254,"H1,H2","H1,H2,OOS,DD,CAGR"
A,SMALL,SMALLk40d14,SMALL,10.0,W,0,4,False,5.460372499173321,0.005377669396987139,0.10676047253900241,-0.3094204364990061,-0.04820465269413044,0.2122337059257407,0.1974476232879025,0.07024658586824599,0.0022683556981177855,-0.3094204364990063,"H1,H2","H1,H2,OOS,DD,CAGR"
A,SMALL,SMALLk40d14,SMALL,10.0,2W,0,0,True,3.9960464694435167,0.001827239276235737,0.06337728861518807,-0.3054109885221771,0.041066224953960714,0.08007662927599446,0.394460945158806,-0.07282966808236592,-0.010982920038267285,-0.3054109885221785,"H1,H2","H1,H2,OOS,DD,CAGR"
A,SMALL,SMALLk40d14,SMALL,10.0,2W,0,1,False,4.023808997980463,0.008725896783379872,0.1468147091688042,-0.2651051290670763,0.014498155924168863,0.23778684133382835,0.3621769183416216,0.05898169485744909,0.0011902812994475376,-0.26510512906707795,"H1,H2","H1,H2,OOS,DD,CAGR"
A,SMALL,SMALLk40d14,SMALL,10.0,2W,0,2,False,4.103696375372755,0.007520919539506066,0.1326165444965942,-0.2885253651971137,-0.022847697887615703,0.23740407227552793,0.2269235403167221,0.09668035576095749,0.004674110256678743,-0.2885253651971127,"H1,H2","H1,H2,OOS,DD,CAGR"
A,SMALL,SMALLk40d14,SMALL,10.0,2W,0,3,False,4.0330895028768685,0.009659973315886639,0.1579841614225638,-0.3017593863282918,0.08835386598275656,0.20867694235310827,0.342396865655558,0.08430698220770805,0.0035294500667737427,-0.3017593863282906,"H1,H2","H1,H2,OOS,DD,CAGR"
A,SMALL,SMALLk40d14,SMALL,10.0,2W,0,4,False,3.919015760451558,0.008016878982882947,0.13831876221529063,-0.31222440326938383,0.04945324950841958,0.20067106831315312,0.25807695542343617,0.09144953425138211,0.0041905406448274896,-0.3122244032693836,"H1,H2","H1,H2,OOS,DD,CAGR"
A,SMALL,SMALLk40d14,SMALL,10.0,2W,1,0,False,3.9415878915459186,0.0042968484738694634,0.09327012167755162,-0.33020462746097756,0.16027375232408067,0.053673292581841836,0.38916116642242987,-0.028497868470895884,-0.006854733708791194,-0.330204627460978,"H1,H2","H1,H2,OOS,DD,CAGR"
A,SMALL,SMALLk40d14,SMALL,10.0,2W,1,1,False,4.012551195315923,-0.0005701785265725956,0.033951058509722326,-0.34665850349983807,0.12375876219244535,-0.022694061898823753,0.41305773698294784,-0.12448537769726804,-0.015516849595748727,-0.3466585034998383,"H1,H2","H1,H2,OOS,DD,CAGR"
A,SMALL,SMALLk40d14,SMALL,10.0,2W,1,2,False,4.052787780238972,0.0035587159239769406,0.08432834160918341,-0.29650602880444077,0.0743944190755414,0.0936871259410607,0.40418692513033255,-0.051888102487579725,-0.00890868862472216,-0.29650602880444066,"H1,H2","H1,H2,OOS,DD,CAGR"
A,SMALL,SMALLk40d14,SMALL,10.0,2W,1,3,False,4.0081150049529395,0.004103881192154768,0.09093810122668877,-0.3073375860946854,0.04539534748932509,0.12417704491508641,0.31614080774518594,-0.0036386958478011907,-0.004534212526440262,-0.3073375860946861,"H1,H2","H1,H2,OOS,DD,CAGR"
A,SMALL,SMALLk40d14,SMALL,10.0,2W,1,4,False,4.047927826111415,-0.0008320471179409372,0.031206530952843304,-0.3074272502699209,0.04012367538379581,0.02667786004901245,0.36956040644675003,-0.10901939444367022,-0.014312031965888594,-0.30742725026992246,"H1,H2","H1,H2,OOS,DD,CAGR"
A,SMALL,SMALLk40d14,SMALL,10.0,M,0,0,True,2.799070567496118,0.010468861244606886,0.16798541989297228,-0.3060165008037924,0.26556060595175945,0.10953865422012286,0.6238446306063578,-0.02257987624906202,-0.006261215353298377,-0.3060165008037937,"H1,H2","H1,H2,OOS,DD,CAGR"
A,SMALL,SMALLk40d14,SMALL,10.0,M,0,1,False,2.8174019940807993,0.006652368054731683,0.12169154839077473,-0.3128860617477115,0.16922179400767853,0.09593284392570008,0.45409540344865634,-0.013722739841096222,-0.005544139928329028,-0.31288606174771183,"H1,H2","H1,H2,OOS,DD,CAGR"
A,SMALL,SMALLk40d14,SMALL,10.0,M,0,2,False,2.842838508731612,0.011588058709339988,0.1800205581528164,-0.24277149741440174,0.10369386377181504,0.23622093323065982,0.37234854485845703,0.10353862629046215,0.005322751662838909,-0.24277149741440063,"H1,H2","H1,H2,OOS,DD,CAGR"
A,SMALL,SMALLk40d14,SMALL,10.0,M,0,3,False,2.830192366261233,0.005831443589593421,0.1113880795397919,-0.2448255121286922,-0.020766011343044788,0.2023689340663388,0.11941901672753517,0.11028322868503564,0.005956270558090004,-0.2448255121286903,"H1,H2","H1,H2,OOS,DD,CAGR"
A,SMALL,SMALLk40d14,SMALL,10.0,M,0,4,False,2.8380290065194522,0.0012843494548961942,0.05742274035875736,-0.24882934243831623,0.04816533393299041,0.06555460366799154,0.23993157621618236,-0.016947764076836843,-0.006095314744789415,-0.24882934243831478,"H1,H2","H1,H2,OOS,DD,CAGR"
A,SMALL,SMALLk40d14,SMALL,10.0,6W,0,0,True,2.2718670452497385,-0.0024171968291419876,0.0142362779163346,-0.34193710547442413,-0.044615706224635544,0.052245668528958775,0.22008190640080055,-0.07116206472967423,-0.011338823518717622,-0.3419371054744248,"H1,H2","H1,H2,OOS,DD,CAGR"
A,SMALL,SMALLk40d14,SMALL,10.0,6W,0,1,False,2.2820380285386053,0.002593200512452709,0.07294991472291572,-0.2936115697950126,0.03270331098747431,0.1013865639615221,0.3635587367230561,-0.046271432394408195,-0.008874039790818578,-0.29361156979501235,"H1,H2","H1,H2,OOS,DD,CAGR"
A,SMALL,SMALLk40d14,SMALL,10.0,6W,0,2,False,2.219398944133578,0.01782961590819432,0.2529070504364651,-0.2637722492447505,0.165364437873832,0.3184092699099055,0.48449670135190137,0.16446951123719666,0.01113619844082736,-0.2637722492447492,"H1,H2","H1,H2,OOS,DD,CAGR"
A,SMALL,SMALLk40d14,SMALL,10.0,6W,0,3,False,2.2069588379859475,0.01180996564726633,0.18226193298744436,-0.303775164812771,0.3107086867002806,0.10850414753391642,0.5786624868546077,0.021958426954121767,-0.0023569468854967024,-0.3037751648127712,"H1,H2","H1,H2,OOS,DD,CAGR"
A,SMALL,SMALLk40d14,SMALL,10.0,6W,0,4,False,2.212754883284988,0.003164396346752474,0.07956285127915053,-0.33914958240242876,0.3030477373866171,-0.05922919058392088,0.623785306641228,-0.14268283905226414,-0.017432420807037108,-0.339149582402427,"H1,H2","H1,H2,OOS,DD,CAGR"
A,SMALL,SMALLk40d14,SMALL,10.0,6W,1,0,False,2.25358220984666,0.0021049674587196865,0.06686766533015517,-0.33692421544959605,0.3345817726275593,-0.10325315424416943,0.6460951477548943,-0.17297454995918538,-0.020260342572792855,-0.3369242154495974,"H1,H2","H1,H2,OOS,DD,CAGR"
A,SMALL,SMALLk40d14,SMALL,10.0,6W,1,1,False,2.269290136054399,0.007560910995311643,0.1310893276425746,-0.32292377601014266,0.33805640782518026,0.008360750397448068,0.6684108017465312,-0.08452923651920063,-0.012680617412042516,-0.3229237760101421,"H1,H2","H1,H2,OOS,DD,CAGR"
A,SMALL,SMALLk40d14,SMALL,10.0,6W,1,2,False,2.2498792002251418,0.01239305196615259,0.18526059176646545,-0.2942363773185549,0.19158408185827305,0.18965485370987606,0.5561051950048508,0.04314825869496069,-0.0006154773974710315,-0.2942363773185527,"H1,H2","H1,H2,OOS,DD,CAGR"
A,SMALL,SMALLk40d14,SMALL,10.0,6W,1,3,False,2.2744501727346345,0.0014358575723036893,0.05980506161517494,-0.3519538666209502,0.1315416707635617,0.017564594015507796,0.4669087669731287,-0.10166995138643227,-0.014607455419742732,-0.3519538666209512,"H1,H2","H1,H2,OOS,DD,CAGR"
A,SMALL,SMALLk40d14,SMALL,10.0,6W,1,4,False,2.27139073669127,0.00612758912287914,0.11393447887103289,-0.3301389600686594,0.2143428476865486,0.0562193283456913,0.5660412296439868,-0.06709444615732967,-0.011272747512097614,-0.33013896006865706,"H1,H2","H1,H2,OOS,DD,CAGR"
A,SMALL,SMALLk40d14,SMALL,10.0,6W,2,0,False,2.256723271862551,0.011917267435578305,0.1813581731449934,-0.30384929795558835,0.18248418337782618,0.18909931951847367,0.5276420121387295,0.050025795643295554,0.00013507043072857883,-0.3038492979555869,"H1,H2","H1,H2,OOS,DD,CAGR"
A,SMALL,SMALLk40d14,SMALL,10.0,6W,2,1,False,2.286076253061946,0.014051710937971862,0.2060353796966872,-0.28393638581743097,0.1643700644385404,0.24101860755077872,0.5325304863983893,0.08264899106662242,0.003312478946484232,-0.2839363858174312,"H1,H2","H1,H2,OOS,DD,CAGR"
A,SMALL,SMALLk40d14,SMALL,10.0,6W,2,2,False,2.2878858569956195,0.011241510882032069,0.17425934223442638,-0.25374473774606454,0.033820167282972886,0.2680121068186463,0.3844900806927425,0.09682883058852024,0.004698414468430112,-0.2537447377460649,"H1,H2","H1,H2,OOS,DD,CAGR"
A,SMALL,SMALLk40d14,SMALL,10.0,6W,2,3,False,2.293464890221917,0.009621763735148559,0.1548032299759303,-0.27431618766799415,-0.03481780267774875,0.2774712460082234,0.281490432091936,0.10906446470636841,0.005892247373200155,-0.2743161876679927,"H1,H2","H1,H2,OOS,DD,CAGR"
A,SMALL,SMALLk40d14,SMALL,10.0,6W,2,4,False,2.2121614252824027,0.007667497821773672,0.13268342240479472,-0.2591980425659095,-0.12247986510752909,0.296453715811384,0.14029134079745598,0.13299632455221932,0.008171661916194672,-0.25919804256591095,"H1,H2","H1,H2,OOS,DD,CAGR"
A,SMALL,SMALLk40d14,SMALL,10.0,6W,3,0,False,2.223603994296094,0.014125341866562557,0.20653647666020056,-0.2300028432795781,-0.060313853509350285,0.38034141772944074,0.1616031273235726,0.23000477514119716,0.017720029986512564,-0.2300028432795771,"H1,H2","H1,H2,OOS,DD,CAGR"
A,SMALL,SMALLk40d14,SMALL,10.0,6W,3,1,False,2.211536537843133,0.01607793469810259,0.23317542013793416,-0.19570170615977178,-0.011355490315681277,0.3986180991614811,0.21394441150445537,0.24635622827811257,0.018824040070879455,-0.19570170615977334,"H1,H2","H1,H2,OOS,CAGR"
A,SMALL,SMALLk40d14,SMALL,10.0,6W,3,2,False,2.2424242146318987,0.01832301096696143,0.2596595018791662,-0.21183338817092212,0.008080783617572466,0.4385434184127537,0.29335478337599336,0.24869182885795382,0.018830875490565502,-0.21183338817092434,H1,"H1,H2,OOS,DD,CAGR"
A,SMALL,SMALLk40d14,SMALL,10.0,6W,3,3,False,2.192047876221206,0.015282632599090684,0.22331820874565703,-0.22448548420296632,0.11421912030153113,0.302594365831081,0.4104687947179942,0.14756610952596314,0.009460671496299478,-0.2244854842029662,"H1,H2","H1,H2,OOS,DD,CAGR"
A,SMALL,SMALLk40d14,SMALL,10.0,6W,3,4,False,2.2165943227135547,0.013166158798233463,0.1997410246408396,-0.2190809810736899,0.14139769927270956,0.24484704559549222,0.4806102379276767,0.08529275038135849,0.0036190000819180668,-0.2190809810736899,"H1,H2","H1,H2,OOS,DD,CAGR"
A,SMALL,SMALLk40d14,SMALL,10.0,6W,4,0,False,2.1916582437068906,0.03060255570245718,0.4025245008136389,-0.19895221795755613,0.16797743053536965,0.5676456730020877,0.4619130480156903,0.38615080686478254,0.03229048516263422,-0.19895221795755846,H1,"H1,H2,OOS,CAGR"
A,SMALL,SMALLk40d14,SMALL,10.0,6W,4,1,False,2.234357494457168,0.023715476935036284,0.32176106605258115,-0.1971382118115692,0.15497200886740395,0.44397737468880266,0.4249303240155466,0.2814258578294743,0.022046076467666875,-0.19713821181156888,H1,"H1,H2,OOS,CAGR"
A,SMALL,SMALLk40d14,SMALL,10.0,6W,4,2,False,2.236213467056662,0.01848621784875304,0.2614392679987088,-0.207791238220414,0.15729097809216766,0.3398517093490322,0.38643653421652435,0.2110732786244269,0.015366021429052745,-0.20779123822041357,"H1,H2","H1,H2,OOS,DD,CAGR"
A,SMALL,SMALLk40d14,SMALL,10.0,6W,4,3,False,2.2687529314815222,0.016979244900365842,0.24130300485351788,-0.24078977728946416,0.19327428635655353,0.28124566241307886,0.3740535522953672,0.18750279358971744,0.013295581250147848,-0.2407897772894655,"H1,H2","H1,H2,OOS,DD,CAGR"
A,SMALL,SMALLk40d14,SMALL,10.0,6W,4,4,False,2.2244366411242713,0.012241280287548895,0.18503123456720075,-0.2758841601972676,0.16489198887352507,0.20479005153971355,0.35334738158663476,0.11794397425730373,0.006731170038722478,-0.2758841601972688,"H1,H2","H1,H2,OOS,DD,CAGR"
A,SMALL,SMALLk40d14,SMALL,10.0,6W,5,0,False,2.2091810794371285,0.003591538662216731,0.08471498804432145,-0.2947196361557878,0.12939177503882895,0.057779105204541256,0.3452650490675436,-0.025225361377555686,-0.006936696991326818,-0.2947196361557869,"H1,H2","H1,H2,OOS,DD,CAGR"
A,SMALL,SMALLk40d14,SMALL,10.0,6W,5,1,False,2.2835502708958235,0.0027549932712795933,0.07502997067201053,-0.2883662115420851,0.06189669376050008,0.08625791841045899,0.29967825031752887,-0.01961452301717905,-0.0064678144793137715,-0.28836621154208486,"H1,H2","H1,H2,OOS,DD,CAGR"
A,SMALL,SMALLk40d14,SMALL,10.0,6W,5,2,False,2.217386624521405,0.009892060154257365,0.15931763311459854,-0.25371290935999935,0.17467867236861978,0.15285922742287678,0.4748414356019804,0.02272502481065429,-0.002214470283650405,-0.25371290936000035,"H1,H2","H1,H2,OOS,DD,CAGR"
A,SMALL,SMALLk40d14,SMALL,10.0,6W,5,3,False,2.2754102196497747,0.006200944271138598,0.11541986515090648,-0.3100234184739932,0.03407617727046067,0.174319362795418,0.2960975115426172,0.03714502876647825,-0.0009090025646038002,-0.3100234184739925,"H1,H2","H1,H2,OOS,DD,CAGR"
A,SMALL,SMALLk40d14,SMALL,10.0,6W,5,4,False,2.302143958786126,0.004814165004478399,0.09898638608595588,-0.31664301395005157,0.07444813295542134,0.11854955752753163,0.2936484163869467,0.018662276494373506,-0.0027839710592473255,-0.3166430139500538,"H1,H2","H1,H2,OOS,DD,CAGR"
A,SMALL,SMALLk40d14,SMALL,10.0,Q,0,0,True,1.294707844873314,0.015087131588748193,0.21491344073921229,-0.3043622502908484,0.0488249331737874,0.33116874682191966,0.3640439802748234,0.1555266107173788,0.010477562450262878,-0.30436225029084785,"H1,H2","H1,H2,OOS,DD,CAGR"
A,SMALL,SMALLk40d14,SMALL,10.0,Q,0,1,False,1.2768198083160482,0.019213211674065978,0.26232459190218155,-0.3123853908746488,0.07932598475789275,0.3888693738874282,0.41522073300365153,0.20395360363251336,0.015252564707386007,-0.3123853908746479,"H1,H2","H1,H2,OOS,DD,CAGR"
A,SMALL,SMALLk40d14,SMALL,10.0,Q,0,2,False,1.2702641506838093,0.019722385012237442,0.2685021482335455,-0.29077102484428896,0.0880861965942468,0.3938022600850647,0.37156417621931054,0.23169984892142256,0.01799590468987544,-0.2907710248442871,"H1,H2","H1,H2,OOS,DD,CAGR"
A,SMALL,SMALLk40d14,SMALL,10.0,Q,0,3,False,1.2710332232024946,0.02169611836072316,0.29115215007230394,-0.2938789893131376,0.26600437170895275,0.3188455994425797,0.4046799457966404,0.2545722502722309,0.020416518397936123,-0.2938789893131374,"H1,H2","H1,H2,OOS,DD,CAGR"
A,SMALL,SMALLk40d14,SMALL,10.0,Q,0,4,False,1.2735646052911773,0.01537104484084928,0.22048913754855173,-0.2845646135476878,0.18857523830995856,0.2495475748642626,0.2822241653335017,0.20120130452578952,0.014938794604812733,-0.2845646135476878,"H1,H2","H1,H2,OOS,DD,CAGR"
A,SMALL,SMALLk40d15,SMALL,10.0,D,0,0,True,12.39719708771271,0.016141912522727564,0.21310792860382263,-0.23908665552084907,0.2211012721776092,0.2098292138777014,0.2453884342968069,0.19888178202864243,0.015479206688427949,-0.23908665552084907,"H1,H2","H1,H2,OOS,DD,CAGR"
A,SMALL,SMALLk40d15,SMALL,10.0,2D,0,0,True,9.083393853484795,0.02434207978494629,0.2944909160665129,-0.20118785800696026,0.21966476751955336,0.3566529752902991,0.2403104644880354,0.3236115522973113,0.029019694612106184,-0.20118785800696015,"H1,H2","H1,H2,OOS,CAGR"
A,SMALL,SMALLk40d15,SMALL,10.0,2D,1,0,False,9.226259174995333,0.02322709349290175,0.28328658096516984,-0.21509675154049868,0.31347181333092905,0.2636218288183673,0.36402724829866306,0.24553157466116568,0.020542774500592165,-0.21509675154049457,"H1,H2","H1,H2,OOS,DD,CAGR"
A,SMALL,SMALLk40d15,SMALL,10.0,W,0,0,True,6.120843237645922,0.043011120813732706,0.47414731725285897,-0.14068855767264854,0.4554066115505105,0.49575566997983445,0.4932300885895909,0.4692517143742469,0.04560815498589332,-0.14068855767264965,H1,"H1,H2,OOS,CAGR"
A,SMALL,SMALLk40d15,SMALL,10.0,W,0,1,False,6.293377932512081,0.023811512528341572,0.2899854085237649,-0.16352415469832826,0.30230939812267277,0.283704483643367,0.3880722606384087,0.242839187802495,0.020133525811113717,-0.16352415469832815,"H1,H2","H1,H2,OOS,CAGR"
A,SMALL,SMALLk40d15,SMALL,10.0,W,0,2,False,6.327514100799541,0.028180632787138782,0.32783156519774065,-0.1652759380673552,0.3034944627073898,0.35147994251669384,0.3834635192626509,0.3037937795318382,0.027387576141163716,-0.16527593806735486,"H1,H2","H1,H2,OOS,CAGR"
A,SMALL,SMALLk40d15,SMALL,10.0,W,0,3,False,6.13139804112687,0.02952227379315575,0.33922142106454106,-0.1969504907589653,0.37775684019975375,0.31518458312045294,0.43003595283592183,0.2980675453163205,0.02688729461350614,-0.19695049075896653,"H1,H2","H1,H2,OOS,CAGR"
A,SMALL,SMALLk40d15,SMALL,10.0,W,0,4,False,6.154634530959082,0.03290878559418875,0.37453292765549484,-0.17329071965037401,0.3570714594197435,0.3935894081398318,0.37533168449753906,0.3775010684686798,0.03549557653241586,-0.1732907196503778,"H1,H2","H1,H2,OOS,CAGR"
A,SMALL,SMALLk40d15,SMALL,10.0,2W,0,0,True,4.606942039856964,0.047247673205155216,0.5074205942064927,-0.13410109462143438,0.44598389873208055,0.5623660324115132,0.45727894661312996,0.5367581465468749,0.05437630674180771,-0.1341010946214345,H1,"H1,H2,OOS,CAGR"
A,SMALL,SMALLk40d15,SMALL,10.0,2W,0,1,False,4.702710145235433,0.03468598664268807,0.39284226854231546,-0.164236892331587,0.40960260175136703,0.38514552247110345,0.4078479152664314,0.38875224179943607,0.03656456456694923,-0.16423689233158656,"H1,H2","H1,H2,OOS,CAGR"
A,SMALL,SMALLk40d15,SMALL,10.0,2W,0,2,False,4.7198129229799,0.03360880056186888,0.378851430817932,-0.16927115397695225,0.3766369515729575,0.3862870294847429,0.39604385992333524,0.3737474473585641,0.035313754963887334,-0.16927115397695247,"H1,H2","H1,H2,OOS,CAGR"
A,SMALL,SMALLk40d15,SMALL,10.0,2W,0,3,False,4.614746397603639,0.03012480737342993,0.3429584332908069,-0.1712677997390979,0.41181569286082126,0.29443469689481394,0.44625004683565445,0.2942642126758178,0.026521649456615837,-0.17126779973909667,"H1,H2","H1,H2,OOS,CAGR"
A,SMALL,SMALLk40d15,SMALL,10.0,2W,0,4,False,4.460162132693901,0.0313562907426399,0.358347093268748,-0.17942722530121868,0.41228002970307714,0.32073172733789784,0.4539475604707309,0.31319650915857916,0.028287413453996102,-0.1794272253012198,"H1,H2","H1,H2,OOS,CAGR"
A,SMALL,SMALLk40d15,SMALL,10.0,2W,1,0,False,4.577368730745734,0.0369602300584535,0.4109447075684092,-0.21569951624044337,0.41038291426908835,0.4169506559296582,0.4812626684278206,0.3792393164748078,0.03582050850786289,-0.2156995162404418,H1,"H1,H2,OOS,DD,CAGR"
A,SMALL,SMALLk40d15,SMALL,10.0,2W,1,1,False,4.61836582535367,0.024266366393633332,0.28980094838621645,-0.19230631727036873,0.3038864413628038,0.28207906696378826,0.39237281894970344,0.2401481305001168,0.02018638802285566,-0.19230631727036906,"H1,H2","H1,H2,OOS,CAGR"
A,SMALL,SMALLk40d15,SMALL,10.0,2W,1,2,False,4.739586441680435,0.034803770817527724,0.3865084868615307,-0.21147490077417364,0.4086456530677845,0.37542308685887443,0.5237936873777145,0.32357888871063245,0.03006868172332311,-0.2114749007741732,"H1,H2","H1,H2,OOS,DD,CAGR"
A,SMALL,SMALLk40d15,SMALL,10.0,2W,1,3,False,4.670097700148013,0.03509463956134118,0.38848156974601833,-0.17382206101452335,0.42417235823919286,0.36866139550780536,0.5103208352098986,0.33425103091255115,0.03144875321177576,-0.17382206101452202,"H1,H2","H1,H2,OOS,CAGR"
A,SMALL,SMALLk40d15,SMALL,10.0,2W,1,4,False,4.553264599730797,0.04167187801002825,0.45285964958615965,-0.13756185940201926,0.4529026812354113,0.4601859178550102,0.4735501730177468,0.4472464185148589,0.04410321968654962,-0.13756185940201904,H1,"H1,H2,OOS,CAGR"
A,SMALL,SMALLk40d15,SMALL,10.0,M,0,0,True,3.2390221229484952,0.04623699735123932,0.4934152541732594,-0.17968476477269402,0.4966194823525334,0.49846128373642656,0.5038813115461526,0.49266583996103835,0.04947602438171739,-0.17968476477269513,H1,"H1,H2,OOS,CAGR"
A,SMALL,SMALLk40d15,SMALL,10.0,M,0,1,False,3.325569932759236,0.032551583283651375,0.3624073747910343,-0.22540963833332583,0.4710799453394664,0.2855185599490833,0.5285302292923142,0.28420007752637416,0.025754100784362688,-0.2254096383333256,"H1,H2","H1,H2,OOS,DD,CAGR"
A,SMALL,SMALLk40d15,SMALL,10.0,M,0,2,False,3.38097321850973,0.03703271780250805,0.4025325959239543,-0.21701023643938333,0.4362436266652353,0.3835555631296889,0.4716531011025111,0.3723562870028419,0.0360769050711629,-0.21701023643938122,"H1,H2","H1,H2,OOS,DD,CAGR"
A,SMALL,SMALLk40d15,SMALL,10.0,M,0,3,False,3.336633514384019,0.03975502210634341,0.42303325305272943,-0.24612399000649987,0.4820756751689674,0.3859021635219283,0.5065637540263406,0.3863922838789426,0.038234391777146604,-0.24612399000650054,"H1,H2","H1,H2,OOS,DD,CAGR"
A,SMALL,SMALLk40d15,SMALL,10.0,M,0,4,False,3.3301497141390355,0.03928245322294455,0.4193639911934448,-0.24389000316249965,0.47381595721242004,0.38410659008572196,0.5242049354234285,0.3717094153194242,0.036370535781146573,-0.24389000316249876,"H1,H2","H1,H2,OOS,DD,CAGR"
A,SMALL,SMALLk40d15,SMALL,10.0,6W,0,0,True,2.692321584587845,0.035886647784442394,0.3889868180008738,-0.2423273653883815,0.36212926909516385,0.4156862883109082,0.3574254570291471,0.40824545702574594,0.04086233448099352,-0.24232736538838118,H1,"H1,H2,OOS,DD,CAGR"
A,SMALL,SMALLk40d15,SMALL,10.0,6W,0,1,False,2.8096554045773217,0.03083911053333077,0.34477429321351794,-0.23676388145269878,0.368480998204659,0.3317130384509566,0.39562786204090244,0.323430832992403,0.03046866078460675,-0.23676388145269922,"H1,H2","H1,H2,OOS,DD,CAGR"
A,SMALL,SMALLk40d15,SMALL,10.0,6W,0,2,False,2.812499320065941,0.0346207502323963,0.37821236340440206,-0.22980453581990234,0.3263517503286157,0.4237732219554806,0.33571093326809615,0.4025781586479818,0.04010479409229384,-0.2298045358199029,H1,"H1,H2,OOS,DD,CAGR"
A,SMALL,SMALLk40d15,SMALL,10.0,6W,0,3,False,2.694070696326226,0.039452311223117986,0.42065282065470827,-0.2430312965622593,0.4731747015246714,0.3889638040537506,0.5200460992882391,0.37863742942639106,0.03752735428485021,-0.24303129656226163,"H1,H2","H1,H2,OOS,DD,CAGR"
A,SMALL,SMALLk40d15,SMALL,10.0,6W,0,4,False,2.6599799832987676,0.03829162850864054,0.4114234634931355,-0.2344283151222235,0.47105871405538996,0.37446592562272196,0.547824340176487,0.3525028194906491,0.03434313663272004,-0.2344283151222245,"H1,H2","H1,H2,OOS,DD,CAGR"
A,SMALL,SMALLk40d15,SMALL,10.0,6W,1,0,False,2.698822002206376,0.031784187276975295,0.34800189475721877,-0.2837596951606912,0.4589086281116559,0.2740905329507029,0.5491041804973606,0.2604904492988204,0.02383803080093494,-0.2837596951606909,"H1,H2","H1,H2,OOS,DD,CAGR"
A,SMALL,SMALLk40d15,SMALL,10.0,6W,1,1,False,2.683931099132026,0.027465749948753837,0.31028909599936383,-0.27650978576121765,0.3487266932697163,0.2874040270008169,0.354776629700945,0.2931550463162172,0.027440520491066822,-0.2765097857612172,"H1,H2","H1,H2,OOS,DD,CAGR"
A,SMALL,SMALLk40d15,SMALL,10.0,6W,1,2,False,2.75911356882693,0.02736245493645817,0.30543467521643697,-0.29385909317830916,0.36799351295876964,0.26717379154306914,0.42095859923910534,0.2573088381914598,0.023674127400124423,-0.29385909317830705,"H1,H2","H1,H2,OOS,DD,CAGR"
A,SMALL,SMALLk40d15,SMALL,10.0,6W,1,3,False,2.6815679396060763,0.021087298754096206,0.2508717520193144,-0.27551909168261146,0.3548927229484447,0.18182884430002996,0.4104170139586062,0.18161595245019277,0.014422206514887348,-0.27551909168261157,"H1,H2","H1,H2,OOS,DD,CAGR"
A,SMALL,SMALLk40d15,SMALL,10.0,6W,1,4,False,2.6342112799447404,0.02426703724505419,0.2816410570738573,-0.25679245837921294,0.38021906162015695,0.21631976577191417,0.34439746335738725,0.2567169534986403,0.023146424787967135,-0.25679245837921183,"H1,H2","H1,H2,OOS,DD,CAGR"
A,SMALL,SMALLk40d15,SMALL,10.0,6W,2,0,False,2.658142739402757,0.02766403520391525,0.3146035726075407,-0.21819529117636882,0.3845862999897832,0.27050199311686496,0.33751258312605703,0.30865331739216256,0.029164309629786,-0.21819529117636827,"H1,H2","H1,H2,OOS,DD,CAGR"
A,SMALL,SMALLk40d15,SMALL,10.0,6W,2,1,False,2.7326233074589443,0.03195621055218156,0.35305625609446806,-0.2627820287842194,0.47270744437687195,0.27332834064160794,0.503537495601804,0.2882935440349949,0.026843312637143235,-0.26278202878421786,"H1,H2","H1,H2,OOS,DD,CAGR"
A,SMALL,SMALLk40d15,SMALL,10.0,6W,2,2,False,2.688547550446222,0.030180785906631202,0.33664054213687217,-0.26632241146071445,0.4695591675489136,0.24443355394362234,0.5420260708655595,0.24333148128767687,0.02146274922487157,-0.2663224114607149,"H1,H2","H1,H2,OOS,DD,CAGR"
A,SMALL,SMALLk40d15,SMALL,10.0,6W,2,3,False,2.681976480663602,0.03204684125481405,0.3519630862549059,-0.22230191510261943,0.4393048891760283,0.2920734194318932,0.5005000060612557,0.2828332442220618,0.02607315462671478,-0.2223019151026181,"H1,H2","H1,H2,OOS,DD,CAGR"
A,SMALL,SMALLk40d15,SMALL,10.0,6W,2,4,False,2.6490735752844485,0.025903673723971732,0.2979862805670124,-0.24886705981746782,0.40439105020246785,0.22106065327347982,0.49904262384785886,0.20091281266097105,0.016352628185192897,-0.2488670598174667,"H1,H2","H1,H2,OOS,DD,CAGR"
A,SMALL,SMALLk40d15,SMALL,10.0,6W,3,0,False,2.6656531338460905,0.030933528240219,0.34645861126247957,-0.21474071883211787,0.36477841352965157,0.3374869137499045,0.4256911082636222,0.3100623975749213,0.028716215017036584,-0.2147407188321172,"H1,H2","H1,H2,OOS,DD,CAGR"
A,SMALL,SMALLk40d15,SMALL,10.0,6W,3,1,False,2.616558204472286,0.026387753692601823,0.3042657680898224,-0.1870744396563635,0.41885884545864827,0.21980816266552708,0.5162118658537415,0.2000530625676672,0.016127499137978285,-0.18707443965636372,"H1,H2","H1,H2,OOS,CAGR"
A,SMALL,SMALLk40d15,SMALL,10.0,6W,3,2,False,2.627815551475582,0.036989074062895755,0.4015786650264264,-0.18282173068701446,0.4541619091936109,0.3685507935241709,0.5273041166629301,0.3443980960165585,0.032939376594323555,-0.1828217306870139,"H1,H2","H1,H2,OOS,CAGR"
A,SMALL,SMALLk40d15,SMALL,10.0,6W,3,3,False,2.661063190010296,0.02871565324132863,0.32351140320927785,-0.20531528021569356,0.34446113167623127,0.312783303946973,0.48048678551907087,0.2494648015835861,0.02199684671917579,-0.20531528021569323,"H1,H2","H1,H2,OOS,DD,CAGR"
A,SMALL,SMALLk40d15,SMALL,10.0,6W,3,4,False,2.640448531727581,0.038108208709071834,0.4179641290500888,-0.1863454431226481,0.467462210130771,0.3836445262093417,0.554038627255692,0.3513271843311981,0.0328402108196042,-0.1863454431226489,"H1,H2","H1,H2,OOS,CAGR"
A,SMALL,SMALLk40d15,SMALL,10.0,6W,4,0,False,2.6238284157819525,0.04019159660308724,0.43574089727653836,-0.20933585903395235,0.41147861092318677,0.4609975770908571,0.47075440006426933,0.4218773243800855,0.04128519380051077,-0.20933585903395258,H1,"H1,H2,OOS,DD,CAGR"
A,SMALL,SMALLk40d15,SMALL,10.0,6W,4,1,False,2.6919329795565847,0.029783785076727964,0.33957256925967766,-0.19295059680121862,0.35485049374937333,0.3313532030603759,0.3423288955719531,0.34026701262568604,0.03153006404155567,-0.1929505968012193,"H1,H2","H1,H2,OOS,CAGR"
A,SMALL,SMALLk40d15,SMALL,10.0,6W,4,2,False,2.7044621575552252,0.03677046393546779,0.40620209556391546,-0.17873339978350422,0.36221271232292546,0.4458162224917519,0.33151944450867676,0.4467882408468227,0.043445273086078595,-0.17873339978350422,H1,"H1,H2,OOS,CAGR"
A,SMALL,SMALLk40d15,SMALL,10.0,6W,4,3,False,2.7609930033562367,0.02509365505611605,0.2942010790756041,-0.2243294050520479,0.39369269783314836,0.2171962880127654,0.42327687442689926,0.22941072027092513,0.019179502181515762,-0.22432940505205012,"H1,H2","H1,H2,OOS,DD,CAGR"
A,SMALL,SMALLk40d15,SMALL,10.0,6W,4,4,False,2.6710496133898807,0.016894193384840772,0.21702535845818044,-0.2538627815942256,0.35048710099647357,0.11054413417325734,0.3379023883202903,0.15609048848349943,0.011033439550653501,-0.2538627815942256,"H1,H2","H1,H2,OOS,DD,CAGR"
A,SMALL,SMALLk40d15,SMALL,10.0,6W,5,0,False,2.6366686013385534,0.02696774291626025,0.30891595909787867,-0.257786346662633,0.31396219730024816,0.30821184898854936,0.33484142219109236,0.2974010081435312,0.02707212329389974,-0.2577863466626312,"H1,H2","H1,H2,OOS,DD,CAGR"
A,SMALL,SMALLk40d15,SMALL,10.0,6W,5,1,False,2.6425369662204976,0.029289750364257516,0.33208222467299814,-0.22906272625378488,0.3496348677113455,0.32157575850955006,0.40774030361697294,0.29591872968869326,0.026854179688109214,-0.22906272625378699,"H1,H2","H1,H2,OOS,DD,CAGR"
A,SMALL,SMALLk40d15,SMALL,10.0,6W,5,2,False,2.64284588296607,0.024593603227130778,0.2845115890154167,-0.2872050296024491,0.37916248543000725,0.21506789525032322,0.40235041575447844,0.22949458888953564,0.019742104811564465,-0.28720502960244887,"H1,H2","H1,H2,OOS,DD,CAGR"
A,SMALL,SMALLk40d15,SMALL,10.0,6W,5,3,False,2.628502560373807,0.03157500291863746,0.34900341307816674,-0.25723067999627136,0.3716576235715443,0.3363828148973863,0.3795376998068938,0.3369672492277214,0.03221320666845151,-0.2572306799962709,"H1,H2","H1,H2,OOS,DD,CAGR"
A,SMALL,SMALLk40d15,SMALL,10.0,6W,5,4,False,2.7168483476237877,0.03640793204953785,0.39263979642386937,-0.2544833262517108,0.4500672186581497,0.35504522130862776,0.47033452898366396,0.3590363881096317,0.035036182330256294,-0.25448332625171055,"H1,H2","H1,H2,OOS,DD,CAGR"
A,SMALL,SMALLk40d15,SMALL,10.0,Q,0,0,True,1.5060277942055573,0.03765443401182855,0.3954464314684439,-0.2698909642580596,0.3213423413172496,0.4579589983278139,0.2577944844690119,0.4656762656832145,0.04895846486476185,-0.26989096425806025,H1,"H1,H2,OOS,DD,CAGR"
A,SMALL,SMALLk40d15,SMALL,10.0,Q,0,1,False,1.5326839730577362,0.031178299586493097,0.3437435994650134,-0.2654016097929297,0.36918352221422895,0.3303706631362714,0.34970147766767795,0.3439753707869121,0.033276304046974126,-0.2654016097929309,"H1,H2","H1,H2,OOS,DD,CAGR"
A,SMALL,SMALLk40d15,SMALL,10.0,Q,0,2,False,1.5171452769537483,0.03469208022319048,0.37465147452546715,-0.2701376234249856,0.41546860674850283,0.35105433187100005,0.3609565909984877,0.3848520180176408,0.03831607531180303,-0.2701376234249864,"H1,H2","H1,H2,OOS,DD,CAGR"
A,SMALL,SMALLk40d15,SMALL,10.0,Q,0,3,False,1.5606314743386247,0.04045964059483875,0.4249170423970427,-0.27555846926049044,0.4639794484854703,0.4062369436844807,0.44597635175595396,0.4206650050537327,0.04327180546777898,-0.27555846926049,H1,"H1,H2,OOS,DD,CAGR"
A,SMALL,SMALLk40d15,SMALL,10.0,Q,0,4,False,1.5815562272261214,0.03791926037961191,0.40636309194407316,-0.28467427565368086,0.39186059544643953,0.42525686341975044,0.36078177647024,0.43253757790274233,0.04397789610890701,-0.28467427565368064,H1,"H1,H2,OOS,DD,CAGR"
A,SMALL,SMALLk80d00,SMALL,10.0,D,0,0,True,26.71981969846908,0.016110522348786294,0.1869714011861464,-0.31858819670560057,0.15497702325771123,0.2156052708006842,0.07761545433812685,0.2497723934402874,0.025040923299731954,-0.31023952279802136,"H1,H2","H1,H2,OOS,DD,CAGR"
A,SMALL,SMALLk80d00,SMALL,10.0,2D,0,0,True,18.587143407433427,0.02455233206722407,0.24889524834122442,-0.3070961276584204,0.2321151720587405,0.2645608320682019,0.15962739529343128,0.3001265794113222,0.03222010411657816,-0.30709612765842,"H1,H2","H1,H2,OOS,DD,CAGR"
A,SMALL,SMALLk80d00,SMALL,10.0,2D,1,0,False,18.64698711357264,0.03003940692637852,0.29012571336758286,-0.35594618146211787,0.3320577179837806,0.25524195901558966,0.27360524779390677,0.2998226802939532,0.03206150776691952,-0.355946181462117,"H1,H2","H1,H2,OOS,DD,CAGR"
A,SMALL,SMALLk80d00,SMALL,10.0,W,0,0,True,11.898701404511478,0.038984836239330134,0.3533276470772426,-0.30210604034406574,0.3887933771350074,0.324399332908155,0.30881670307535514,0.3789330203825529,0.04364143397989406,-0.3021060403440653,"H1,H2","H1,H2,OOS,DD,CAGR"
A,SMALL,SMALLk80d00,SMALL,10.0,W,0,1,False,11.921137187160767,0.04363796654785146,0.3874280324591528,-0.30704484791660747,0.5026129034813756,0.28972367635452007,0.4642619846721998,0.3444331273914803,0.03861924894275193,-0.3070448479166076,"H1,H2","H1,H2,OOS,DD,CAGR"
A,SMALL,SMALLk80d00,SMALL,10.0,W,0,2,False,11.708533455864057,0.03775020278623664,0.3430878674600857,-0.3191119621098589,0.3849529444979356,0.3078461354108169,0.3450451904216116,0.3422007998242292,0.038381447875677877,-0.31911196210985915,"H1,H2","H1,H2,OOS,DD,CAGR"
A,SMALL,SMALLk80d00,SMALL,10.0,W,0,3,False,11.777997586429079,0.03487348328050843,0.3219965029980745,-0.3319232703420142,0.4087505613572241,0.249578918221007,0.35026377186084523,0.30661882607811514,0.03357324242615145,-0.3319232703420131,"H1,H2","H1,H2,OOS,DD,CAGR"
A,SMALL,SMALLk80d00,SMALL,10.0,W,0,4,False,11.967044868566258,0.026988937541622793,0.2647713955063685,-0.31081935769303004,0.2916071912727897,0.2429250352027255,0.21209628432348251,0.29502529385341864,0.03186565821819021,-0.3011854779754819,"H1,H2","H1,H2,OOS,DD,CAGR"
A,SMALL,SMALLk80d00,SMALL,10.0,2W,0,0,True,8.394216105935765,0.04723774754425114,0.40817981860027996,-0.29809376835374946,0.5343153954263752,0.3021458857015939,0.5077267488802127,0.35239221702752843,0.04033409042742875,-0.29809376835374923,"H1,H2","H1,H2,OOS,DD,CAGR"
A,SMALL,SMALLk80d00,SMALL,10.0,2W,0,1,False,8.441785182698185,0.04638164407237877,0.40179591673608406,-0.29769407197935205,0.5248214713673882,0.2963433923603017,0.534339011216033,0.3258816293298274,0.03635539180286207,-0.29769407197935127,"H1,H2","H1,H2,OOS,DD,CAGR"
A,SMALL,SMALLk80d00,SMALL,10.0,2W,0,2,False,8.428252143646347,0.03343376287945876,0.3089095238562613,-0.3330203670238665,0.44076503779866755,0.19709355348799135,0.43409337065312553,0.23805212190877126,0.023890803518552994,-0.3330203670238654,"H1,H2","H1,H2,OOS,DD,CAGR"
A,SMALL,SMALLk80d00,SMALL,10.0,2W,0,3,False,8.391653960690453,0.029283718167756323,0.27972919326851037,-0.29080321392544095,0.40840511088964454,0.17194265726343141,0.360749946933271,0.23486125457344653,0.023483062944260835,-0.29080321392544073,"H1,H2","H1,H2,OOS,DD,CAGR"
A,SMALL,SMALLk80d00,SMALL,10.0,2W,0,4,False,8.366515988633036,0.026364244033089568,0.2596569015164956,-0.30044543361008424,0.3195078256779778,0.20957657849941153,0.2804191460698276,0.24827206285215084,0.025292972931151958,-0.30044543361008547,"H1,H2","H1,H2,OOS,DD,CAGR"
A,SMALL,SMALLk80d00,SMALL,10.0,2W,1,0,False,8.369661379365061,0.03926557201105152,0.35362042445209063,-0.28030112248524597,0.4093624536974653,0.3066141480714026,0.32416046606586996,0.3707815799749102,0.042609668202579165,-0.2803011224852443,"H1,H2","H1,H2,OOS,DD,CAGR"
A,SMALL,SMALLk80d00,SMALL,10.0,2W,1,1,False,8.369251836230916,0.035884393713832896,0.3297806272137354,-0.29651870686874815,0.47058551870738186,0.21034837348219587,0.37449743126287205,0.3048711281316614,0.03318409012178236,-0.2965187068687476,"H1,H2","H1,H2,OOS,DD,CAGR"
A,SMALL,SMALLk80d00,SMALL,10.0,2W,1,2,False,8.241356517323489,0.03863048972254379,0.34671580686489345,-0.2736696548494689,0.4444942573553071,0.26472383166820385,0.38560184416492943,0.3250266875214972,0.036394390162805657,-0.27366965484947026,"H1,H2","H1,H2,OOS,DD,CAGR"
A,SMALL,SMALLk80d00,SMALL,10.0,2W,1,3,False,8.28768918236203,0.04472677043689455,0.3899837507225218,-0.29259969482956816,0.5349428397710072,0.2683531572273449,0.46190267604336527,0.3502769514605255,0.04017736912156389,-0.29259969482956905,"H1,H2","H1,H2,OOS,DD,CAGR"
A,SMALL,SMALLk80d00,SMALL,10.0,2W,1,4,False,8.472489980096524,0.03585661545561347,0.3257123249436593,-0.3133397776481893,0.4502671222952614,0.2215548265250763,0.4274153079729517,0.26911564668479365,0.02850030820911109,-0.31333977764819,"H1,H2","H1,H2,OOS,DD,CAGR"
A,SMALL,SMALLk80d00,SMALL,10.0,M,0,0,True,5.579101871094662,0.04685819171294714,0.4013352819845141,-0.32437863749008944,0.608025495204851,0.22359451842175276,0.6182576466619794,0.27827829908833285,0.029856942165700895,-0.324378637490089,"H1,H2","H1,H2,OOS,DD,CAGR"
A,SMALL,SMALLk80d00,SMALL,10.0,M,0,1,False,5.716119801250531,0.037293840175950166,0.33387507956579227,-0.35019478402994453,0.5228890042590341,0.17257842580565994,0.5384272542889319,0.21856414165056545,0.02123334710859348,-0.35019478402994364,"H1,H2","H1,H2,OOS,DD,CAGR"
A,SMALL,SMALLk80d00,SMALL,10.0,M,0,2,False,5.683784810077715,0.02927096814430641,0.27405268181687725,-0.43279939086086483,0.4780257374110087,0.10695513320301313,0.47110302548385685,0.16669724610145248,0.013787950785181913,-0.43279939086086405,"H1,H2,DD","H1,H2,OOS,DD,CAGR"
A,SMALL,SMALLk80d00,SMALL,10.0,M,0,3,False,5.62545985232343,0.0346413882716301,0.30884941981381087,-0.47256730601609653,0.5532236848573661,0.11368975576236887,0.5077866731955408,0.20291015234757523,0.019365145221769353,-0.47256730601609653,"H1,H2,DD","H1,H2,OOS,DD,CAGR"
A,SMALL,SMALLk80d00,SMALL,10.0,M,0,4,False,5.720219544752258,0.029100233070532555,0.2700132590960122,-0.47152967075660024,0.45731789738923295,0.12588895293782998,0.47060331492187085,0.16630610539490584,0.013778776541731874,-0.47152967075660035,"H1,H2,DD","H1,H2,OOS,DD,CAGR"
A,SMALL,SMALLk80d00,SMALL,10.0,6W,0,0,True,4.5806248252734845,0.021334756191095705,0.21819197734227017,-0.4366703272847392,0.43190495584352506,0.05279332382008889,0.45178570259839707,0.09765537516154552,0.0031178777816420755,-0.43667032728473887,"H1,H2,DD","H1,H2,OOS,DD,CAGR"
A,SMALL,SMALLk80d00,SMALL,10.0,6W,0,1,False,4.64481889372639,0.031558359415134074,0.28743693302580453,-0.38883234690257695,0.45199943549079497,0.16066481911797484,0.47722845881156806,0.18933210695308558,0.01736227868095641,-0.38883234690257706,"H1,H2,DD","H1,H2,OOS,DD,CAGR"
A,SMALL,SMALLk80d00,SMALL,10.0,6W,0,2,False,4.602010947863556,0.027214611152774904,0.2573077626128918,-0.4078957568604462,0.4168927101407122,0.13484922861910711,0.4189239025912481,0.1733226156681782,0.014889540936269041,-0.4078957568604463,"H1,H2,DD","H1,H2,OOS,DD,CAGR"
A,SMALL,SMALLk80d00,SMALL,10.0,6W,0,3,False,4.640484289023962,0.014128679444592285,0.1694978842623753,-0.4141258218826849,0.44949592845647585,-0.04551195135969828,0.4317824813837586,0.03594041428036397,-0.006498163612357777,-0.4141258218826842,"H1,H2,DD","H1,H2,OOS,DD,CAGR"
A,SMALL,SMALLk80d00,SMALL,10.0,6W,0,4,False,4.599958357503667,0.014936899425319172,0.17515856696101448,-0.3926584246146301,0.41568977977155713,-0.012171954226239876,0.3593774563343651,0.08110089833881622,0.0005458291458173559,-0.3926584246146303,"H1,H2,DD","H1,H2,OOS,DD,CAGR"
A,SMALL,SMALLk80d00,SMALL,10.0,6W,1,0,False,4.719552537657663,0.017029226502293104,0.18995809557263044,-0.40132492327580627,0.5226100260608352,-0.07064870030164279,0.48857278665052534,0.036177769348805226,-0.006068425390867049,-0.4013249232758055,"H1,H2,DD","H1,H2,OOS,DD,CAGR"
A,SMALL,SMALLk80d00,SMALL,10.0,6W,1,1,False,4.6553577391234455,0.027369259063866336,0.2601679756296376,-0.4025603238934502,0.5801911716429646,0.010205746259760784,0.4848711733196923,0.14431631897208422,0.010368955119537837,-0.4025603238934501,"H1,H2,DD","H1,H2,OOS,DD,CAGR"
A,SMALL,SMALLk80d00,SMALL,10.0,6W,1,2,False,4.647778848879167,0.032636974831350196,0.29325274418943176,-0.44129823760985576,0.5451949085389636,0.09590363814406111,0.48161324536553335,0.19451546016167998,0.01816655518103283,-0.44129823760985565,"H1,H2,DD","H1,H2,OOS,DD,CAGR"
A,SMALL,SMALLk80d00,SMALL,10.0,6W,1,3,False,4.637054208105522,0.031066387615095392,0.2856254669276083,-0.4109722931149018,0.6531784584976564,-0.004880510179553716,0.6200584489064617,0.11132379126931849,0.0053011229742201404,-0.4109722931149028,"H1,H2,DD","H1,H2,OOS,DD,CAGR"
A,SMALL,SMALLk80d00,SMALL,10.0,6W,1,4,False,4.616906482043629,0.04125588150753656,0.35352927821278557,-0.4247917132415441,0.597966022894147,0.15391154085044914,0.5546872152420877,0.24450729029615678,0.025672674054338707,-0.4247917132415425,"H1,H2,DD","H1,H2,OOS,DD,CAGR"
A,SMALL,SMALLk80d00,SMALL,10.0,6W,2,0,False,4.619018741901711,0.04885356723850376,0.41283093842358143,-0.31917321831506196,0.6292907827894445,0.23409128801685236,0.5935280843053349,0.3142586872446383,0.035609228084528155,-0.31917321831506074,"H1,H2","H1,H2,OOS,DD,CAGR"
A,SMALL,SMALLk80d00,SMALL,10.0,6W,2,1,False,4.617452224769326,0.04401133049879924,0.3796225288132734,-0.35830613363497676,0.5570662502768825,0.23370053458865386,0.5938002021780187,0.2622324741346333,0.02781431709855897,-0.35830613363497843,"H1,H2","H1,H2,OOS,DD,CAGR"
A,SMALL,SMALLk80d00,SMALL,10.0,6W,2,2,False,4.603442719147239,0.04364552091693841,0.379022122458166,-0.3299464129836105,0.4671622828596322,0.30451642705974047,0.467418814261911,0.3291274835319802,0.03731745582316681,-0.3299464129836095,"H1,H2","H1,H2,OOS,DD,CAGR"
A,SMALL,SMALLk80d00,SMALL,10.0,6W,2,3,False,4.6201491696881405,0.038460276388423864,0.34345561943827396,-0.30306384137236253,0.38586611486153444,0.3083433657272204,0.3195449278585728,0.3574037367841724,0.041434015813022196,-0.3030638413723631,"H1,H2","H1,H2,OOS,DD,CAGR"
A,SMALL,SMALLk80d00,SMALL,10.0,6W,2,4,False,4.665119430074547,0.044353925190338206,0.38733066965293794,-0.3252140862455455,0.4188019892325435,0.3612917004062773,0.394993581349127,0.38324012754899117,0.044728154430002,-0.32521408624554593,"H1,H2","H1,H2,OOS,DD,CAGR"
A,SMALL,SMALLk80d00,SMALL,10.0,6W,3,0,False,4.568340746330845,0.0544141162503593,0.45702942554663734,-0.24417433980668912,0.4596731370382123,0.45606245461909833,0.3938336929987082,0.4941197482853508,0.060839237089973075,-0.244174339806689,H1,"H1,H2,OOS,DD,CAGR"
A,SMALL,SMALLk80d00,SMALL,10.0,6W,3,1,False,4.637285346118063,0.0501113522051988,0.42894026785860423,-0.21924286229222945,0.5536906992266906,0.32060935894506115,0.517977159097756,0.37799484417839246,0.043789793420820455,-0.21924286229222867,"H1,H2","H1,H2,OOS,DD,CAGR"
A,SMALL,SMALLk80d00,SMALL,10.0,6W,3,2,False,4.635296943121398,0.05208671413018462,0.43837180441134604,-0.28667894333000987,0.6061001042702305,0.2951633925075897,0.5904954282686232,0.35212785164631283,0.040603798389677204,-0.2866789433300092,"H1,H2","H1,H2,OOS,DD,CAGR"
A,SMALL,SMALLk80d00,SMALL,10.0,6W,3,3,False,4.609109233611422,0.07119768642110236,0.5678897746957998,-0.22859502475328763,0.6067658634948863,0.537321035727924,0.5547605774862089,0.5759682616741283,0.07440996152290125,-0.22859502475328697,H1,"H1,H2,OOS,DD,CAGR"
A,SMALL,SMALLk80d00,SMALL,10.0,6W,3,4,False,4.620105091811626,0.06000606374198636,0.48878508546035476,-0.304656420958481,0.5285507080293437,0.4570262875123804,0.5676377373830449,0.44426196175067884,0.05477496973792406,-0.3046564209584822,H1,"H1,H2,OOS,DD,CAGR"
A,SMALL,SMALLk80d00,SMALL,10.0,6W,4,0,False,4.574747451897751,0.05850873458801953,0.48138686334527503,-0.27111869925660415,0.5039419365069001,0.4636601259190209,0.5571948312305727,0.4378734064850278,0.05325708853551392,-0.27111869925660415,H1,"H1,H2,OOS,DD,CAGR"
A,SMALL,SMALLk80d00,SMALL,10.0,6W,4,1,False,4.740364274194732,0.036229588383524414,0.3249554447961846,-0.3712205158129108,0.38521247472839726,0.27453844344148465,0.405674349614413,0.27901019840932023,0.030169708070577173,-0.37122051581291016,"H1,H2,DD","H1,H2,OOS,DD,CAGR"
A,SMALL,SMALLk80d00,SMALL,10.0,6W,4,2,False,4.713529835028581,0.0375115258752976,0.3282485160391408,-0.4135194115867009,0.41072089354699526,0.2625207345694524,0.42719365511532154,0.27415103006169006,0.030227084814589578,-0.41351941158670036,"H1,H2,DD","H1,H2,OOS,DD,CAGR"
A,SMALL,SMALLk80d00,SMALL,10.0,6W,4,3,False,4.715031511955704,0.04006618287239605,0.3414082233712322,-0.4237775954260221,0.5351723110674537,0.19203657545488323,0.5212434128498566,0.24703246051573877,0.02651447513121341,-0.42377759542602145,"H1,H2,DD","H1,H2,OOS,DD,CAGR"
A,SMALL,SMALLk80d00,SMALL,10.0,6W,4,4,False,4.676606444166431,0.027820607347174953,0.2596957141556723,-0.4568171563850416,0.49586057975004066,0.0797099514139874,0.5377901183675708,0.11563210260230261,0.0057721318154972945,-0.4568171563850426,"H1,H2,DD","H1,H2,OOS,DD,CAGR"
A,SMALL,SMALLk80d00,SMALL,10.0,6W,5,0,False,4.596475743962874,0.0368562732479758,0.31906602366603204,-0.43930934837249047,0.503902697501259,0.17718806820578684,0.5377419451669777,0.20433207307840723,0.019818858086097402,-0.4393093483724897,"H1,H2,DD","H1,H2,OOS,DD,CAGR"
A,SMALL,SMALLk80d00,SMALL,10.0,6W,5,1,False,4.721018437589998,0.0405473222089896,0.3443876194213697,-0.4128741531603911,0.5192451096776715,0.21025762221309052,0.5185750745940042,0.2529958685418245,0.027477862550947973,-0.41287415316039167,"H1,H2,DD","H1,H2,OOS,DD,CAGR"
A,SMALL,SMALLk80d00,SMALL,10.0,6W,5,2,False,4.642976274517608,0.029079116970555985,0.26992207836878923,-0.4349901607194526,0.48855948981975733,0.10179537883358716,0.5011042385003392,0.14974117469045134,0.01119555050200094,-0.43499016071945373,"H1,H2,DD","H1,H2,OOS,DD,CAGR"
A,SMALL,SMALLk80d00,SMALL,10.0,6W,5,3,False,4.631935126399432,0.035226961074696916,0.31154345975599546,-0.43299821013342954,0.5172598548938611,0.15198307364296226,0.5369812137355406,0.19379485076561007,0.01805527782720806,-0.43299821013342943,"H1,H2,DD","H1,H2,OOS,DD,CAGR"
A,SMALL,SMALLk80d00,SMALL,10.0,6W,5,4,False,4.6205669698500085,0.023849008134476657,0.23574742881321234,-0.4204945235985891,0.4727313776068262,0.051781845771618845,0.5059420218940762,0.0953892904492805,0.002848580568268755,-0.42049452359858874,"H1,H2,DD","H1,H2,OOS,DD,CAGR"
A,SMALL,SMALLk80d00,SMALL,10.0,Q,0,0,True,2.8284615105281357,0.02639168807604375,0.25004390577637,-0.4718857291085885,0.3630137492390065,0.1624533356966429,0.3859704605868515,0.17917977698152351,0.015844238049959714,-0.47188572910858895,"H1,H2,DD","H1,H2,OOS,DD,CAGR"
A,SMALL,SMALLk80d00,SMALL,10.0,Q,0,1,False,2.8785830996841266,0.028872849371572196,0.2664710198954576,-0.45200420553747833,0.4176070776814532,0.14819920683255103,0.4471588846742523,0.1714180908677059,0.014600750163622722,-0.4520042055374779,"H1,H2,DD","H1,H2,OOS,DD,CAGR"
A,SMALL,SMALLk80d00,SMALL,10.0,Q,0,2,False,2.818112345156861,0.02685701282198183,0.25437612304262197,-0.4256157433031186,0.3558765611770769,0.17726458060403744,0.37437099285882186,0.19298711501349017,0.018000498306662616,-0.42561574330311935,"H1,H2,DD","H1,H2,OOS,DD,CAGR"
A,SMALL,SMALLk80d00,SMALL,10.0,Q,0,3,False,2.7763976316712573,0.04060693906986912,0.34540638063486556,-0.46220703611333047,0.5499235694086816,0.18538054337567916,0.5898377053691468,0.2166126713495787,0.021666485103792654,-0.46220703611333136,"H1,H2,DD","H1,H2,OOS,DD,CAGR"
A,SMALL,SMALLk80d00,SMALL,10.0,Q,0,4,False,2.787539595220495,0.027460497591367927,0.25868943943916073,-0.4753416947156667,0.48747264440583826,0.08128646835684651,0.5224974317525637,0.12305228942230498,0.006981325417402928,-0.4753416947156659,"H1,H2,DD","H1,H2,OOS,DD,CAGR"
A,SMALL,SMALLk80d01,SMALL,10.0,D,0,0,True,24.66457892209831,0.006776035169911321,0.11709450018615196,-0.2984008901710359,0.12587694765422328,0.11072039578644481,0.017428153314559325,0.16996301393267169,0.014021345356503456,-0.2984008901710322,"H1,H2","H1,H2,OOS,DD,CAGR"
A,SMALL,SMALLk80d01,SMALL,10.0,2D,0,0,True,17.363510584941373,0.020716533225381806,0.2219433995194882,-0.2641658284039191,0.1962983674406659,0.24489305364168437,0.08392935159890011,0.2948383719172908,0.03183938705008438,-0.2641658284039192,"H1,H2","H1,H2,OOS,DD,CAGR"
A,SMALL,SMALLk80d01,SMALL,10.0,2D,1,0,False,17.447478250003783,0.007923124830259809,0.1258405224850503,-0.30962713762083427,0.1931839048633519,0.07114733607285081,0.07314278411124507,0.15402366512996987,0.011801202054331439,-0.3096271376208334,"H1,H2","H1,H2,OOS,DD,CAGR"
A,SMALL,SMALLk80d01,SMALL,10.0,W,0,0,True,11.068270658468156,0.021550182781747917,0.22735034860698408,-0.3113433446157634,0.33064785694502824,0.14525349366737406,0.21494252454543442,0.2349718552166644,0.023429791112285603,-0.3113433446157631,"H1,H2","H1,H2,OOS,DD,CAGR"
A,SMALL,SMALLk80d01,SMALL,10.0,W,0,1,False,11.062576939177186,0.02046301924118299,0.21975969771939716,-0.2789664309355956,0.257998019860664,0.19060488665068662,0.21206774097235542,0.22481305551016956,0.02186346840743525,-0.27896643093559415,"H1,H2","H1,H2,OOS,DD,CAGR"
A,SMALL,SMALLk80d01,SMALL,10.0,W,0,2,False,11.099587957892558,0.032308338804099224,0.3054779458587572,-0.31019647836169595,0.37677640790627814,0.2483737280206383,0.30903335972754287,0.3048418687696095,0.03351476700545852,-0.31019647836169684,"H1,H2","H1,H2,OOS,DD,CAGR"
A,SMALL,SMALLk80d01,SMALL,10.0,W,0,3,False,11.167432967755156,0.028613905746277313,0.27747012000562654,-0.2942629881704786,0.3530607734175535,0.21767544674252304,0.22045123116510565,0.30851557389088763,0.034326773047692605,-0.2942629881704787,"H1,H2","H1,H2,OOS,DD,CAGR"
A,SMALL,SMALLk80d01,SMALL,10.0,W,0,4,False,11.149862491208504,0.03554048305025481,0.32947009536130134,-0.299244870246132,0.39449884709028626,0.27942321486401334,0.2652641214817039,0.3644792975894857,0.04227831503546664,-0.299244870246133,"H1,H2","H1,H2,OOS,DD,CAGR"
A,SMALL,SMALLk80d01,SMALL,10.0,2W,0,0,True,7.823529768078415,0.021417653939746373,0.22473398107940445,-0.3265423585959565,0.3724971187057794,0.10376066592522198,0.2747427736995413,0.19928272563296734,0.018390568240844285,-0.32654235859595704,"H1,H2","H1,H2,OOS,DD,CAGR"
A,SMALL,SMALLk80d01,SMALL,10.0,2W,0,1,False,7.864003792175698,0.021506915117968983,0.22535617507946246,-0.33683662675098325,0.2806398010134272,0.18168825242440534,0.25141615659418187,0.21255774245166584,0.020323544136528593,-0.3368366267509829,"H1,H2","H1,H2,OOS,DD,CAGR"
A,SMALL,SMALLk80d01,SMALL,10.0,2W,0,2,False,8.03220050587432,0.02369373248190576,0.24121688770624725,-0.33732612978479193,0.306852898884031,0.18964767440563185,0.22596142425878715,0.25031602803645014,0.02588059243651819,-0.3373261297847925,"H1,H2","H1,H2,OOS,DD,CAGR"
A,SMALL,SMALLk80d01,SMALL,10.0,2W,0,3,False,8.034579716175363,0.02765395314902963,0.26828822896538934,-0.32586435166303873,0.3091724814312316,0.23752562217475662,0.22960205429737757,0.28971712345212103,0.031944480905660155,-0.32586435166303973,"H1,H2","H1,H2,OOS,DD,CAGR"
A,SMALL,SMALLk80d01,SMALL,10.0,2W,0,4,False,7.861854747542151,0.029697039973910266,0.283548699513837,-0.3250117612331447,0.39452972661967045,0.1961601804533656,0.20243693839798407,0.3269166551638817,0.03744843211415838,-0.32501176123314457,"H1,H2","H1,H2,OOS,DD,CAGR"
A,SMALL,SMALLk80d01,SMALL,10.0,2W,1,0,False,7.88723094135565,0.03298366440213618,0.30727523458656614,-0.308936166812697,0.38213363667589895,0.25079561910444376,0.25691216149268925,0.3347929171970984,0.03870497282141283,-0.30893616681269553,"H1,H2","H1,H2,OOS,DD,CAGR"
A,SMALL,SMALLk80d01,SMALL,10.0,2W,1,1,False,8.03365631469286,0.03405372540980589,0.31544297146074635,-0.27321004833715856,0.468890425752137,0.19700970953364597,0.33438321844508573,0.3077105599528937,0.03455456613240937,-0.2732100483371602,"H1,H2","H1,H2,OOS,DD,CAGR"
A,SMALL,SMALLk80d01,SMALL,10.0,2W,1,2,False,7.8693587387749355,0.03868167147195778,0.34651214980952716,-0.3146484213714995,0.48424055061845783,0.23702368208402508,0.34016089379879394,0.3514429942639001,0.04116251011027927,-0.31464842137149884,"H1,H2","H1,H2,OOS,DD,CAGR"
A,SMALL,SMALLk80d01,SMALL,10.0,2W,1,3,False,7.811565165458709,0.033690693114910575,0.3109798662031653,-0.3080057403438916,0.4488774848651688,0.20003282186280474,0.3035496489811708,0.3162734867164283,0.035893791891532745,-0.3080057403438904,"H1,H2","H1,H2,OOS,DD,CAGR"
A,SMALL,SMALLk80d01,SMALL,10.0,2W,1,4,False,7.773710880729178,0.02750807273096223,0.2688818349070938,-0.3332871205448792,0.4505102576689638,0.12198476922806087,0.3829507890688898,0.21029365160534272,0.01999745195985847,-0.3332871205448793,"H1,H2","H1,H2,OOS,DD,CAGR"
A,SMALL,SMALLk80d01,SMALL,10.0,M,0,0,True,5.4053227059660305,0.029490811694337538,0.2780718828081476,-0.38900298727477234,0.5347718077049175,0.06915289046104763,0.4538102795658336,0.1871099550811184,0.016856072742629014,-0.3890029872747721,"H1,H2,DD","H1,H2,OOS,DD,CAGR"
A,SMALL,SMALLk80d01,SMALL,10.0,M,0,1,False,5.4763351379962275,0.034205694952431864,0.31040337977771953,-0.37227624825676275,0.5657284929865807,0.10362045184774019,0.4803043397482044,0.22288301600797913,0.022278378800093535,-0.37227624825676153,"H1,H2,DD","H1,H2,OOS,DD,CAGR"
A,SMALL,SMALLk80d01,SMALL,10.0,M,0,2,False,5.608679160458943,0.028197768606688545,0.26763658096032344,-0.40903020891499586,0.5381973071273151,0.04848823537728032,0.41022535688260153,0.1939156660082354,0.01794389689207221,-0.4090302089149954,"H1,H2,DD","H1,H2,OOS,DD,CAGR"
A,SMALL,SMALLk80d01,SMALL,10.0,M,0,3,False,5.582307778287042,0.029270458684929057,0.2743740259047105,-0.41930285167523274,0.5341073102173837,0.06379008779771722,0.38036872374815955,0.21958339190828016,0.021888694348362492,-0.4193028516752326,"H1,H2,DD","H1,H2,OOS,DD,CAGR"
A,SMALL,SMALLk80d01,SMALL,10.0,M,0,4,False,5.501077937165094,0.013380793171736238,0.16487988018727598,-0.43589664012723917,0.4165438434216122,-0.03501457513212005,0.28170762050260234,0.10548745300588476,0.004462767007977542,-0.4358966401272385,"H1,H2,DD","H1,H2,OOS,DD,CAGR"
A,SMALL,SMALLk80d01,SMALL,10.0,6W,0,0,True,4.3373861227876676,0.023037956993463782,0.23074821208940977,-0.4513082313318372,0.5022806268979683,0.02404613629130059,0.43852844499801824,0.12961906529429637,0.008044138771866605,-0.4513082313318376,"H1,H2,DD","H1,H2,OOS,DD,CAGR"
A,SMALL,SMALLk80d01,SMALL,10.0,6W,0,1,False,4.506991480458806,0.025810635890397116,0.24943880458948567,-0.4178508365728829,0.44413100900856184,0.10063817006437224,0.38574096518718926,0.18312513019681845,0.016421549137675573,-0.417850836572883,"H1,H2,DD","H1,H2,OOS,DD,CAGR"
A,SMALL,SMALLk80d01,SMALL,10.0,6W,0,2,False,4.5144769405738225,0.033248860088266774,0.3002034306568461,-0.42717679895693483,0.4861209427859195,0.16039109708415922,0.40567103744052513,0.2504503568483004,0.027038074506513077,-0.42717679895693517,"H1,H2,DD","H1,H2,OOS,DD,CAGR"
A,SMALL,SMALLk80d01,SMALL,10.0,6W,0,3,False,4.366295837845431,0.025617953140058214,0.24855199176501594,-0.4363441631236368,0.4458332845402439,0.09765146836380986,0.29164078573478447,0.22893302433561158,0.02360092001353209,-0.4363441631236359,"H1,H2,DD","H1,H2,OOS,DD,CAGR"
A,SMALL,SMALLk80d01,SMALL,10.0,6W,0,4,False,4.340360058036973,0.030290070240694744,0.2828110910689414,-0.41378697441662926,0.5153866105817003,0.09991613585986543,0.3253944778377306,0.2631525197706787,0.028622525935048104,-0.4137869744166289,"H1,H2,DD","H1,H2,OOS,DD,CAGR"
A,SMALL,SMALLk80d01,SMALL,10.0,6W,1,0,False,4.379405560108608,0.03157882842611026,0.29042396365428946,-0.41852162549160177,0.5561617353984285,0.08807056639624139,0.3919652058535427,0.2427221309028017,0.025675065900658156,-0.41852162549160177,"H1,H2,DD","H1,H2,OOS,DD,CAGR"
A,SMALL,SMALLk80d01,SMALL,10.0,6W,1,1,False,4.426309983884324,0.03734723684569774,0.32918687552115805,-0.3959106021045853,0.604507788973196,0.12261581144520295,0.4416025960040105,0.27667989437081536,0.031084542585819053,-0.39591060210458595,"H1,H2,DD","H1,H2,OOS,DD,CAGR"
A,SMALL,SMALLk80d01,SMALL,10.0,6W,1,2,False,4.489018108778791,0.028939554385159827,0.2713649065088549,-0.4090734383427279,0.4715203763334891,0.11072878773956973,0.3068233516124174,0.2538972510541346,0.02725550880333749,-0.40907343834272847,"H1,H2,DD","H1,H2,OOS,DD,CAGR"
A,SMALL,SMALLk80d01,SMALL,10.0,6W,1,3,False,4.381272299391598,0.03863998719593975,0.3379060537203293,-0.36607641143514524,0.5430241358774,0.17548902785358295,0.4099184651469407,0.3021989302055757,0.03475930156884899,-0.36607641143514513,"H1,H2,DD","H1,H2,OOS,DD,CAGR"
A,SMALL,SMALLk80d01,SMALL,10.0,6W,1,4,False,4.410581526797456,0.02507236140816249,0.24578183916778196,-0.37450258521302526,0.5093805121918042,0.03355964685976388,0.3996893822156553,0.1664451268210291,0.013738408495817644,-0.37450258521302493,"H1,H2,DD","H1,H2,OOS,DD,CAGR"
A,SMALL,SMALLk80d01,SMALL,10.0,6W,2,0,False,4.357775641502629,0.030352362124541177,0.2852606261939755,-0.3245315366763931,0.4580195628739163,0.142950720755184,0.2950681641532273,0.2811066981973296,0.03081660577912082,-0.32453153667639345,"H1,H2","H1,H2,OOS,DD,CAGR"
A,SMALL,SMALLk80d01,SMALL,10.0,6W,2,1,False,4.418333188485253,0.035427033974766875,0.32067024667434,-0.35593785152165447,0.48569467686589085,0.18604498129706992,0.34983335718540953,0.30623365355914955,0.03458136513467558,-0.35593785152165347,"H1,H2","H1,H2,OOS,DD,CAGR"
A,SMALL,SMALLk80d01,SMALL,10.0,6W,2,2,False,4.520272898779092,0.030853663580407087,0.28922771267382485,-0.3381053611134327,0.4215572015420319,0.18024135637936828,0.2811920573799099,0.2944504293417641,0.03267423591952534,-0.3381053611134337,"H1,H2","H1,H2,OOS,DD,CAGR"
A,SMALL,SMALLk80d01,SMALL,10.0,6W,2,3,False,4.454057768732025,0.03696188402246525,0.328912572285333,-0.30605024153655913,0.4011664935614695,0.27121826713124025,0.2581734657485591,0.36794265990861236,0.04432450772286178,-0.3060502415365597,"H1,H2","H1,H2,OOS,DD,CAGR"
A,SMALL,SMALLk80d01,SMALL,10.0,6W,2,4,False,4.552618248351172,0.0337523591130835,0.3077810249539701,-0.3252142648077827,0.40829116056213427,0.22436409642653007,0.2081009304645714,0.36245593944971943,0.04324054293867574,-0.3252142648077814,"H1,H2","H1,H2,OOS,DD,CAGR"
A,SMALL,SMALLk80d01,SMALL,10.0,6W,3,0,False,4.50868916255848,0.0415845183238166,0.3608257437602969,-0.27899841823938853,0.39885316181426866,0.33101470087753104,0.22541530279739666,0.43499967702120573,0.05457202766916236,-0.27899841823938953,"H1,H2","H1,H2,OOS,DD,CAGR"
A,SMALL,SMALLk80d01,SMALL,10.0,6W,3,1,False,4.496148815696703,0.052960645659655414,0.44040565239423207,-0.2830893033840114,0.4599322698102446,0.4271146046687717,0.3110774419188378,0.5113144825672947,0.06615234080875299,-0.28308930338401206,H1,"H1,H2,OOS,DD,CAGR"
A,SMALL,SMALLk80d01,SMALL,10.0,6W,3,2,False,4.582412559601099,0.048732296343066306,0.4073638514780148,-0.2850333260277531,0.3911491216264457,0.42383566956048435,0.24835937343609404,0.4936964079832913,0.06435236201765204,-0.28503332602775333,H1,"H1,H2,OOS,DD,CAGR"
A,SMALL,SMALLk80d01,SMALL,10.0,6W,3,3,False,4.596265211111827,0.03844102562606788,0.3378436789770252,-0.3439019008789188,0.423336276907033,0.26796170985668016,0.29672958667617855,0.3610607816799385,0.043389047364767785,-0.3439019008789195,"H1,H2","H1,H2,OOS,DD,CAGR"
A,SMALL,SMALLk80d01,SMALL,10.0,6W,3,4,False,4.532591933686763,0.051146238415902046,0.4259879249864541,-0.32025179155659234,0.4273875841583346,0.42787281019245116,0.33271222299093384,0.47749362293531683,0.061247695642509425,-0.3202517915565919,H1,"H1,H2,OOS,DD,CAGR"
A,SMALL,SMALLk80d01,SMALL,10.0,6W,4,0,False,4.5010645156275215,0.05399574675978891,0.44325909536243047,-0.3337467125090222,0.47389566920766774,0.42155350869714764,0.39742443897354485,0.4692727786680924,0.06053929000932512,-0.33374671250901944,H1,"H1,H2,OOS,DD,CAGR"
A,SMALL,SMALLk80d01,SMALL,10.0,6W,4,1,False,4.399781521683512,0.03427629653768505,0.31015976911507026,-0.3593702373205925,0.32802235629454485,0.2980758593562334,0.23051751304482235,0.35355118454708007,0.042292937358014315,-0.3593702373205927,"H1,H2","H1,H2,OOS,DD,CAGR"
A,SMALL,SMALLk80d01,SMALL,10.0,6W,4,2,False,4.472069200412689,0.039368976359292374,0.34234193947194586,-0.3682632484888947,0.410208408877517,0.29230643096707287,0.34562213257734453,0.34275438870770886,0.041384552619758486,-0.36826324848889525,"H1,H2,DD","H1,H2,OOS,DD,CAGR"
A,SMALL,SMALLk80d01,SMALL,10.0,6W,4,3,False,4.523451642840934,0.03793838747880418,0.32955016438496015,-0.40488195834210683,0.45775806393462976,0.23422093168676975,0.37713089439281533,0.30804467397950985,0.03642368570711474,-0.4048819583421074,"H1,H2,DD","H1,H2,OOS,DD,CAGR"
A,SMALL,SMALLk80d01,SMALL,10.0,6W,4,4,False,4.532851952472669,0.030905743284654008,0.2817100459132986,-0.4405348227505118,0.5075253907849151,0.11358347396084226,0.3657932711384949,0.24226466250770898,0.026006527641586397,-0.4405348227505119,"H1,H2,DD","H1,H2,OOS,DD,CAGR"
A,SMALL,SMALLk80d01,SMALL,10.0,6W,5,0,False,4.447018358672335,0.025291697763732524,0.24479048625719627,-0.44250591125215166,0.5342888126111928,0.026473035276328532,0.46169407334445534,0.13918418866785698,0.009528368399902565,-0.4425059112521522,"H1,H2,DD","H1,H2,OOS,DD,CAGR"
A,SMALL,SMALLk80d01,SMALL,10.0,6W,5,1,False,4.528865618355396,0.04068626237312345,0.34816114779897517,-0.40313544177120664,0.5420603788451579,0.20479739195812527,0.45903445210425764,0.295957273800344,0.034498909021833946,-0.40313544177120686,"H1,H2,DD","H1,H2,OOS,DD,CAGR"
A,SMALL,SMALLk80d01,SMALL,10.0,6W,5,2,False,4.448779404781818,0.04091660024391053,0.35182649969149865,-0.4422576530725679,0.6275674169707799,0.14440349576624667,0.5271542032617164,0.2679892610401161,0.029823088798207165,-0.4422576530725675,"H1,H2,DD","H1,H2,OOS,DD,CAGR"
A,SMALL,SMALLk80d01,SMALL,10.0,6W,5,3,False,4.489680131533244,0.02891489918023571,0.27008394583938483,-0.4637383650554361,0.5477446588481726,0.06316507989933592,0.49011732743174535,0.16432362505628634,0.013476417195197765,-0.4637383650554372,"H1,H2,DD","H1,H2,OOS,DD,CAGR"
A,SMALL,SMALLk80d01,SMALL,10.0,6W,5,4,False,4.444436059252909,0.027845812812924864,0.26380561600656227,-0.4351796638557863,0.5973228155956347,0.012210623439896488,0.5513447255187052,0.12468290302341009,0.007281414468012226,-0.43517966385578555,"H1,H2,DD","H1,H2,OOS,DD,CAGR"
A,SMALL,SMALLk80d01,SMALL,10.0,Q,0,0,True,2.70814400639383,0.02046764173543747,0.21137280938388214,-0.4119943210073316,0.31096792443254956,0.1316438452780465,0.17348142445196668,0.23221447444928198,0.024290422801217737,-0.41199432100733235,"H1,H2,DD","H1,H2,OOS,DD,CAGR"
A,SMALL,SMALLk80d01,SMALL,10.0,Q,0,1,False,2.707307105391029,0.019783792760481145,0.2076743252868904,-0.40215014118416914,0.32499528655219434,0.11155330203043733,0.191014174491709,0.21729841493398797,0.021730803497190143,-0.40215014118417125,"H1,H2,DD","H1,H2,OOS,DD,CAGR"
A,SMALL,SMALLk80d01,SMALL,10.0,Q,0,2,False,2.7452665627360684,0.027749970381235833,0.2597508403167814,-0.36208311504299306,0.3746178585272277,0.16786300816923103,0.1658842670544982,0.3104170103198884,0.036789585714819495,-0.3620831150429936,"H1,H2,DD","H1,H2,OOS,DD,CAGR"
A,SMALL,SMALLk80d01,SMALL,10.0,Q,0,3,False,2.7577251414699813,0.03838947801403991,0.33124514904752445,-0.4032389327688005,0.464506689784617,0.2235093481618782,0.22744610560399905,0.38691245371493116,0.04903585166153168,-0.4032389327688002,"H1,H2,DD","H1,H2,OOS,DD,CAGR"
A,SMALL,SMALLk80d01,SMALL,10.0,Q,0,4,False,2.7957371569075575,0.031154821014207412,0.2844014737350464,-0.38998255219701805,0.43222669814141956,0.16459902417932318,0.19527801676868212,0.3322462693806511,0.039970234079170996,-0.3899825521970177,"H1,H2,DD","H1,H2,OOS,DD,CAGR"
A,SMALL,SMALLk80d02,SMALL,10.0,D,0,0,True,25.890754303149908,0.003703611629555459,0.0949420905862874,-0.37853480453368815,0.12157970163139244,0.07413057587861537,0.09294836685085944,0.09634315571028149,0.003600277858337275,-0.37853480453368815,"H1,H2,DD","H1,H2,OOS,DD,CAGR"
A,SMALL,SMALLk80d02,SMALL,10.0,2D,0,0,True,18.29439598914434,0.012016415594817698,0.15595743979524335,-0.3735795725426948,0.19374168658693283,0.12667777463506283,0.191244986444423,0.1376663489890907,0.009508233205471894,-0.37357957254269425,"H1,H2,DD","H1,H2,OOS,DD,CAGR"
A,SMALL,SMALLk80d02,SMALL,10.0,2D,1,0,False,18.455970477271695,0.018148483434507146,0.200284632817788,-0.3925098367620874,0.3008888167557813,0.1200321193153773,0.33321244107079145,0.13002048019307377,0.008401812536986908,-0.39250983676208684,"H1,H2,DD","H1,H2,OOS,DD,CAGR"
A,SMALL,SMALLk80d02,SMALL,10.0,W,0,0,True,11.718535924489066,0.02905987483560324,0.2774595404787521,-0.34136072124688954,0.35990928519594517,0.21363590127802487,0.41743826923874316,0.20386159464877632,0.01919411687686501,-0.3413607212468893,"H1,H2","H1,H2,OOS,DD,CAGR"
A,SMALL,SMALLk80d02,SMALL,10.0,W,0,1,False,11.788758805762432,0.02034250144939409,0.2158574162233165,-0.3905151977305754,0.34931965552362515,0.11075692897914044,0.40475979058350936,0.11727796803859124,0.0065329058189316225,-0.3905151977305752,"H1,H2,DD","H1,H2,OOS,DD,CAGR"
A,SMALL,SMALLk80d02,SMALL,10.0,W,0,2,False,11.707055016874014,0.017313797413660126,0.19341204309037924,-0.4167492167710203,0.3531644397180167,0.0662957751492499,0.4291153173227069,0.06858176006970768,-0.000609911622731496,-0.4167492167710207,"H1,H2,DD","H1,H2,OOS,DD,CAGR"
A,SMALL,SMALLk80d02,SMALL,10.0,W,0,3,False,11.898868769083192,0.01717755569054602,0.19266263577202117,-0.41102768673881585,0.2936937260912007,0.11117536360648586,0.3230558385287596,0.12244720252790048,0.007289315046555833,-0.41102768673881596,"H1,H2,DD","H1,H2,OOS,DD,CAGR"
A,SMALL,SMALLk80d02,SMALL,10.0,W,0,4,False,11.746478630878306,0.02133130971518904,0.22215283186198462,-0.3761635751403538,0.24274276205926754,0.2072090781482385,0.28138044112901583,0.19090981635493282,0.017295560097632112,-0.3761635751403555,"H1,H2,DD","H1,H2,OOS,DD,CAGR"
A,SMALL,SMALLk80d02,SMALL,10.0,2W,0,0,True,8.281385856359393,0.044467392754995894,0.3839242540807285,-0.34820860467443404,0.4616882608614189,0.3237252563589955,0.5559934115394675,0.2922377340089733,0.03236314468812895,-0.34820860467443515,"H1,H2","H1,H2,OOS,DD,CAGR"
A,SMALL,SMALLk80d02,SMALL,10.0,2W,0,1,False,8.422391821996113,0.02919390913692821,0.2769852185096432,-0.398567720991867,0.41578579244695224,0.16638369811668638,0.5054625093223716,0.15519085387624365,0.012062948901186754,-0.3985677209918672,"H1,H2,DD","H1,H2,OOS,DD,CAGR"
A,SMALL,SMALLk80d02,SMALL,10.0,2W,0,2,False,8.46245744255856,0.020727134083846188,0.2172391131200926,-0.39032134932833196,0.32435220580560714,0.13487311886269915,0.4103702748076381,0.11675611152805362,0.006379121239688423,-0.39032134932833296,"H1,H2,DD","H1,H2,OOS,DD,CAGR"
A,SMALL,SMALLk80d02,SMALL,10.0,2W,0,3,False,8.444332332910088,0.02737062661187295,0.2633853067714244,-0.3528579953751092,0.32297776100904724,0.2178289104922158,0.4021805523629361,0.18974488607101947,0.01721146854013189,-0.3528579953751073,"H1,H2","H1,H2,OOS,DD,CAGR"
A,SMALL,SMALLk80d02,SMALL,10.0,2W,0,4,False,8.312881405642305,0.038146333766347906,0.338964613849603,-0.350280425663582,0.3973179039151845,0.29565613237584076,0.45571635608503835,0.2785409542248225,0.030545358967809966,-0.3502804256635832,"H1,H2","H1,H2,OOS,DD,CAGR"
A,SMALL,SMALLk80d02,SMALL,10.0,2W,1,0,False,8.495767735732452,0.02542628686269377,0.24956155667292815,-0.36187729218208353,0.3755113422343541,0.1512379194258721,0.47561258486562963,0.12987457342779124,0.008314608725591643,-0.36187729218208475,"H1,H2,DD","H1,H2,OOS,DD,CAGR"
A,SMALL,SMALLk80d02,SMALL,10.0,2W,1,1,False,8.438886292734427,0.026937316239382225,0.2606128637058824,-0.39354820124658774,0.4065908406646968,0.14593701112701285,0.5087565957172292,0.13010725906849846,0.008355602810792284,-0.39354820124658807,"H1,H2,DD","H1,H2,OOS,DD,CAGR"
A,SMALL,SMALLk80d02,SMALL,10.0,2W,1,2,False,8.327843106279305,0.033416564476909105,0.3030694046148476,-0.3591306265436146,0.48557077172632496,0.16047477777725103,0.620116882750308,0.13564046121165216,0.009135773740435615,-0.3591306265436135,"H1,H2","H1,H2,OOS,DD,CAGR"
A,SMALL,SMALLk80d02,SMALL,10.0,2W,1,3,False,8.405482762829099,0.03639101524739252,0.32592134988108723,-0.3837470736821037,0.5146425808181608,0.17425810822579302,0.587737800617342,0.18492017174459432,0.01647492654157401,-0.3837470736821038,"H1,H2,DD","H1,H2,OOS,DD,CAGR"
A,SMALL,SMALLk80d02,SMALL,10.0,2W,1,4,False,8.413589321359694,0.030454786595953243,0.2844854509617168,-0.3737503203027561,0.38483044445232734,0.20574212463762723,0.4981124023929183,0.17089801001649987,0.014409408564871162,-0.37375032030275535,"H1,H2,DD","H1,H2,OOS,DD,CAGR"
A,SMALL,SMALLk80d02,SMALL,10.0,M,0,0,True,5.546467540468831,0.044140148222582276,0.37541269291486157,-0.37765367167846675,0.548065220498757,0.2384592063471954,0.7114686840581108,0.1945291466925838,0.01801942355604469,-0.37765367167846653,"H1,H2,DD","H1,H2,OOS,DD,CAGR"
A,SMALL,SMALLk80d02,SMALL,10.0,M,0,1,False,5.5437513285184945,0.04860981873192327,0.406893240132853,-0.3752626167336087,0.5126154422560939,0.32258393861179535,0.653318239695496,0.27303592751852684,0.029804775982558596,-0.3752626167336076,"H1,H2,DD","H1,H2,OOS,DD,CAGR"
A,SMALL,SMALLk80d02,SMALL,10.0,M,0,2,False,5.643844378160848,0.028889195202124407,0.27091042077127914,-0.3728132516935878,0.3927636787225144,0.17537468470695103,0.5317302162061573,0.1313765107542102,0.008477747983014483,-0.3728132516935866,"H1,H2,DD","H1,H2,OOS,DD,CAGR"
A,SMALL,SMALLk80d02,SMALL,10.0,M,0,3,False,5.579222707776839,0.031067692625212917,0.2846833453274141,-0.3573373875569261,0.42356172486088967,0.17529138691747329,0.5265529598525268,0.15453360109272957,0.011984597777179529,-0.3573373875569259,"H1,H2","H1,H2,OOS,DD,CAGR"
A,SMALL,SMALLk80d02,SMALL,10.0,M,0,4,False,5.50907667836922,0.03351696616146471,0.2993854807565998,-0.3891488358088666,0.501235849061404,0.15112345993538423,0.5971118901906821,0.14971337600393486,0.01121596917027512,-0.3891488358088657,"H1,H2,DD","H1,H2,OOS,DD,CAGR"
A,SMALL,SMALLk80d02,SMALL,10.0,6W,0,0,True,4.474538775919629,0.04825718647249233,0.399412638823814,-0.3548351179539567,0.5282879536437592,0.30599963795805496,0.5621257447502059,0.31809431332017263,0.037679594912878756,-0.3548351179539585,"H1,H2","H1,H2,OOS,DD,CAGR"
A,SMALL,SMALLk80d02,SMALL,10.0,6W,0,1,False,4.506477912518791,0.02935436124179347,0.2725004936421223,-0.38760665812352535,0.4001686361617654,0.1792506191681566,0.4302972927629498,0.19384482006392775,0.018136648878352313,-0.3876066581235249,"H1,H2,DD","H1,H2,OOS,DD,CAGR"
A,SMALL,SMALLk80d02,SMALL,10.0,6W,0,2,False,4.527260096726747,0.03144539483196951,0.28785730714302693,-0.37451706308153787,0.38326745996369443,0.22080987631785523,0.4922177424681772,0.18713158787394604,0.017053286676172563,-0.3745170630815383,"H1,H2,DD","H1,H2,OOS,DD,CAGR"
A,SMALL,SMALLk80d02,SMALL,10.0,6W,0,3,False,4.585981437241349,0.03418366609605972,0.30500960278633854,-0.38898662234801096,0.5689996434698759,0.10516779105115615,0.6468472751276183,0.1308575816678652,0.008292531591064023,-0.3889866223480086,"H1,H2,DD","H1,H2,OOS,DD,CAGR"
A,SMALL,SMALLk80d02,SMALL,10.0,6W,0,4,False,4.4779352276876,0.039830295438748387,0.3440629186214616,-0.3744195995022238,0.5982080946354931,0.15121041187569487,0.6947070720323485,0.16378430878781355,0.013395590676373192,-0.3744195995022227,"H1,H2,DD","H1,H2,OOS,DD,CAGR"
A,SMALL,SMALLk80d02,SMALL,10.0,6W,1,0,False,4.525662797782377,0.029059652595543328,0.2708349791211492,-0.40500683686085515,0.511439901026454,0.08825966825036666,0.617505142717567,0.09247357231267445,0.0023906265612345656,-0.40500683686085626,"H1,H2,DD","H1,H2,OOS,DD,CAGR"
A,SMALL,SMALLk80d02,SMALL,10.0,6W,1,1,False,4.532568435713116,0.03087164064368797,0.2822217959833924,-0.39487543368931166,0.5197294391877677,0.10551180139590334,0.6084982297952466,0.11738024012725873,0.0061446931503643665,-0.3948754336893133,"H1,H2,DD","H1,H2,OOS,DD,CAGR"
A,SMALL,SMALLk80d02,SMALL,10.0,6W,1,2,False,4.591495162033107,0.020561129945942058,0.21186585256089369,-0.39814199191395583,0.43804217922428257,0.03973017236433526,0.5514351351711548,0.03583231656926049,-0.006701367756473897,-0.3981419919139557,"H1,H2,DD","H1,H2,OOS,DD,CAGR"
A,SMALL,SMALLk80d02,SMALL,10.0,6W,1,3,False,4.6010758844887985,0.024759775803047335,0.24123066178940064,-0.3926782813701212,0.48996650013443604,0.04901225483929294,0.5684350962402422,0.07029979895171884,-0.001064098389571111,-0.3926782813701216,"H1,H2,DD","H1,H2,OOS,DD,CAGR"
A,SMALL,SMALLk80d02,SMALL,10.0,6W,1,4,False,4.553216823998474,0.013113739934672353,0.1625748143950167,-0.41449234567357884,0.40858501721358215,-0.035119527677349605,0.4668173702165647,-0.0023995683910046557,-0.011987585258387723,-0.41449234567358006,"H1,H2,DD","H1,H2,OOS,DD,CAGR"
A,SMALL,SMALLk80d02,SMALL,10.0,6W,2,0,False,4.546148783566524,0.027052500492926512,0.2573285547478005,-0.39909557770600435,0.5219598079613896,0.04756954874946838,0.545869489411088,0.10344276134229502,0.004162832401019001,-0.3990955777060028,"H1,H2,DD","H1,H2,OOS,DD,CAGR"
A,SMALL,SMALLk80d02,SMALL,10.0,6W,2,1,False,4.4807928683268665,0.02365331203982013,0.23469316392163608,-0.37758513351917133,0.514811355399854,0.008438004260783474,0.5314253225237672,0.07476701614283472,-0.00010841999532262836,-0.3775851335191691,"H1,H2,DD","H1,H2,OOS,DD,CAGR"
A,SMALL,SMALLk80d02,SMALL,10.0,6W,2,2,False,4.5469094488768205,0.02605927445106393,0.2516534643609045,-0.3587266273299362,0.3843744560526256,0.143769802321656,0.47481004230266005,0.13013266785708655,0.008314014382134083,-0.3587266273299393,"H1,H2","H1,H2,OOS,DD,CAGR"
A,SMALL,SMALLk80d02,SMALL,10.0,6W,2,3,False,4.58133341222692,0.0310858162118417,0.28496198733560213,-0.3677228470656194,0.3500664990325401,0.23444029330190827,0.3496922756057549,0.25076748829152523,0.02676563894747952,-0.36772284706561964,"H1,H2,DD","H1,H2,OOS,DD,CAGR"
A,SMALL,SMALLk80d02,SMALL,10.0,6W,2,4,False,4.55245153386915,0.03457884573394732,0.3122619311233054,-0.35127321892197916,0.4568197399857225,0.19557688908223247,0.498973388310656,0.21210739721799474,0.0205905711883132,-0.35127321892197994,"H1,H2","H1,H2,OOS,DD,CAGR"
A,SMALL,SMALLk80d02,SMALL,10.0,6W,3,0,False,4.607034585217363,0.03693350454353861,0.32436231407872484,-0.3281715397578474,0.42627180505541934,0.2447939105174512,0.5476148793110902,0.2047419502140041,0.019674528994083174,-0.3281715397578454,"H1,H2","H1,H2,OOS,DD,CAGR"
A,SMALL,SMALLk80d02,SMALL,10.0,6W,3,1,False,4.586463110222163,0.04504405834998959,0.3825569980992409,-0.3199173544048993,0.4859006357225037,0.30074234132917493,0.572141076706924,0.2800413623545683,0.0309045092661393,-0.3199173544049002,"H1,H2","H1,H2,OOS,DD,CAGR"
A,SMALL,SMALLk80d02,SMALL,10.0,6W,3,2,False,4.5458995828659665,0.04947613830476949,0.409235012704434,-0.3058201797556057,0.5267553346740451,0.31703805185643763,0.6265466310569927,0.29273890337780417,0.033162426007419255,-0.3058201797556055,"H1,H2","H1,H2,OOS,DD,CAGR"
A,SMALL,SMALLk80d02,SMALL,10.0,6W,3,3,False,4.522483498831189,0.05785120162644675,0.46692552072739857,-0.3139139809895858,0.5580890920114386,0.3955139889308954,0.6537869262173894,0.36599440489785523,0.044249036102723016,-0.31391398098958556,"H1,H2","H1,H2,OOS,DD,CAGR"
A,SMALL,SMALLk80d02,SMALL,10.0,6W,3,4,False,4.5923774686426375,0.052718428339822765,0.4318033261853229,-0.35597847372858127,0.5660598781668205,0.32474067354467406,0.6523204417810048,0.3126976297169808,0.036116104406237914,-0.35597847372858005,"H1,H2","H1,H2,OOS,DD,CAGR"
A,SMALL,SMALLk80d02,SMALL,10.0,6W,4,0,False,4.484659759775779,0.05885735932692571,0.4752890713936479,-0.32089712202448895,0.4660347451496075,0.48739840473523205,0.5390878735887287,0.44302859837451186,0.05639825431931489,-0.32089712202448917,H1,"H1,H2,OOS,DD,CAGR"
A,SMALL,SMALLk80d02,SMALL,10.0,6W,4,1,False,4.550597211376322,0.04941697668840761,0.41107423291968115,-0.34842106366509873,0.40074212629890066,0.4234762455409196,0.46617890220242386,0.38279374979008857,0.04698751732877815,-0.34842106366509806,H1,"H1,H2,OOS,DD,CAGR"
A,SMALL,SMALLk80d02,SMALL,10.0,6W,4,2,False,4.593468123231922,0.06549080517730776,0.5077738731278929,-0.30772416387627244,0.5015908494266264,0.5199918575010838,0.5489731131088585,0.4894816715671376,0.06606953051338404,-0.307724163876274,H1,"H1,H2,OOS,DD,CAGR"
A,SMALL,SMALLk80d02,SMALL,10.0,6W,4,3,False,4.562559225667613,0.06470042863950942,0.5013758213972789,-0.31110074876639293,0.47207917288628326,0.530771513462005,0.5333576551677464,0.4865898899898172,0.06534717927513078,-0.31110074876639116,H1,"H1,H2,OOS,DD,CAGR"
A,SMALL,SMALLk80d02,SMALL,10.0,6W,4,4,False,4.61572614039494,0.042825163699662605,0.3555026189364177,-0.3697741541540157,0.42535268247468433,0.3095830186059077,0.441534801012699,0.3150407697592488,0.038346836122158834,-0.36977415415401504,"H1,H2,DD","H1,H2,OOS,DD,CAGR"
A,SMALL,SMALLk80d02,SMALL,10.0,6W,5,0,False,4.568804618421214,0.04243022661610052,0.35458371595729554,-0.37133608901746584,0.4502567276815786,0.2880156751881391,0.5164520998479718,0.2746305861084444,0.03140397897947822,-0.37133608901746584,"H1,H2,DD","H1,H2,OOS,DD,CAGR"
A,SMALL,SMALLk80d02,SMALL,10.0,6W,5,1,False,4.579802350317476,0.04224715923122124,0.3555288738426759,-0.364341813973751,0.42939219889678437,0.30369720088862784,0.5038137646003615,0.2808414628180713,0.03211180518513279,-0.36434181397375165,"H1,H2,DD","H1,H2,OOS,DD,CAGR"
A,SMALL,SMALLk80d02,SMALL,10.0,6W,5,2,False,4.460567026129232,0.05613729230583209,0.4455805383436686,-0.3576084362888099,0.5494050221201905,0.37315148112803165,0.6391437494537549,0.34918389413779133,0.043281212759759935,-0.35760843628880923,"H1,H2","H1,H2,OOS,DD,CAGR"
A,SMALL,SMALLk80d02,SMALL,10.0,6W,5,3,False,4.488695705034189,0.05113548562310055,0.41493486009616576,-0.37747405931947087,0.4779618480069104,0.37144941551700383,0.5588696995412119,0.34160533639080704,0.041659332524681014,-0.3774740593194702,"H1,H2,DD","H1,H2,OOS,DD,CAGR"
A,SMALL,SMALLk80d02,SMALL,10.0,6W,5,4,False,4.476204700968272,0.05098292156915418,0.4161053752487185,-0.3502437857139914,0.47922484555555994,0.3743274788325304,0.5227248983852479,0.36389872734544576,0.04518900586630137,-0.35024378571399106,"H1,H2","H1,H2,OOS,DD,CAGR"
A,SMALL,SMALLk80d02,SMALL,10.0,Q,0,0,True,2.6963468677980895,0.03963198685550906,0.3344325595038628,-0.4103083257198201,0.45589260637786727,0.24646362410661435,0.525105286414931,0.23815110296312875,0.025545007320158852,-0.4103083257198198,"H1,H2,DD","H1,H2,OOS,DD,CAGR"
A,SMALL,SMALLk80d02,SMALL,10.0,Q,0,1,False,2.7146476638159935,0.03747476652058612,0.32085990643512663,-0.4146510660174527,0.4571437144403982,0.2203551903291138,0.5313972930716858,0.21303191149997022,0.021394121786740605,-0.41465106601745305,"H1,H2,DD","H1,H2,OOS,DD,CAGR"
A,SMALL,SMALLk80d02,SMALL,10.0,Q,0,2,False,2.743603400603939,0.021128683078275534,0.21467178309851065,-0.4101512474147514,0.3043793145300352,0.14972355064901322,0.3998708705554536,0.12105203818730402,0.00653407609452028,-0.4101512474147514,"H1,H2,DD","H1,H2,OOS,DD,CAGR"
A,SMALL,SMALLk80d02,SMALL,10.0,Q,0,3,False,2.803125910121932,0.037392310538980844,0.3212077403548778,-0.4045013863415088,0.46120727400597034,0.21567817682092133,0.503337959665876,0.22805977091667182,0.023773841005352958,-0.40450138634151034,"H1,H2,DD","H1,H2,OOS,DD,CAGR"
A,SMALL,SMALLk80d02,SMALL,10.0,Q,0,4,False,2.7056877215559423,0.034792559132887035,0.3062809725838958,-0.4011717924862397,0.3982082386702537,0.23657358785074903,0.4151827750957595,0.2502516083794043,0.027133250381969676,-0.4011717924862389,"H1,H2,DD","H1,H2,OOS,DD,CAGR"
A,SMALL,SMALLk80d03,SMALL,10.0,D,0,0,True,25.90294485835365,0.007419525545656835,0.12226597100645409,-0.2913530167449989,0.24341841728131916,0.023110778984098985,0.18659360432868888,0.08807910839467734,0.0024716925141385904,-0.2913530167449978,"H1,H2","H1,H2,OOS,DD,CAGR"
A,SMALL,SMALLk80d03,SMALL,10.0,2D,0,0,True,18.017285097877085,0.017725381434191778,0.19773150788495922,-0.29002352703688705,0.3602279809606937,0.06542903925790125,0.30941995004769796,0.13879151472243229,0.00966482981720973,-0.2900235270368856,"H1,H2","H1,H2,OOS,DD,CAGR"
A,SMALL,SMALLk80d03,SMALL,10.0,2D,1,0,False,18.02610905696353,0.016938832518067493,0.19208544748839254,-0.3087017126074222,0.33913335502155945,0.07237287391020464,0.31116125463028815,0.12876245574304443,0.008236812514763603,-0.3087017126074225,"H1,H2","H1,H2,OOS,DD,CAGR"
A,SMALL,SMALLk80d03,SMALL,10.0,W,0,0,True,11.420656086506513,0.030528782868362248,0.2897493835669621,-0.29130343312260754,0.4517973360492579,0.15655864895900043,0.42451716881351204,0.2179225740272465,0.021085085203266463,-0.29130343312260765,"H1,H2","H1,H2,OOS,DD,CAGR"
A,SMALL,SMALLk80d03,SMALL,10.0,W,0,1,False,11.423664947071924,0.023329753507848716,0.23741505031585475,-0.30696001015057617,0.4031983359207804,0.10317838352417472,0.4258909578965644,0.1375633995247172,0.009481632627572623,-0.30696001015057683,"H1,H2","H1,H2,OOS,DD,CAGR"
A,SMALL,SMALLk80d03,SMALL,10.0,W,0,2,False,11.370433103775506,0.03427042423555271,0.3148125766651912,-0.28126716979356226,0.5028100983241003,0.1636643603719424,0.5041682666308884,0.2151450274699239,0.020826415778616658,-0.2812671697935628,"H1,H2","H1,H2,OOS,DD,CAGR"
A,SMALL,SMALLk80d03,SMALL,10.0,W,0,3,False,11.452654713478498,0.02426619075631531,0.2435070477671417,-0.31958187877689836,0.5125036952129856,0.02107477428716552,0.479886618545433,0.11564076686841826,0.00631390257459552,-0.3195818787768988,"H1,H2","H1,H2,OOS,DD,CAGR"
A,SMALL,SMALLk80d03,SMALL,10.0,W,0,4,False,11.570048523964045,0.025747487258205304,0.2550535231811982,-0.27318906543564925,0.45839289776864783,0.08674639151839152,0.420465708346069,0.16572956172149336,0.013539257594382681,-0.27318906543565047,"H1,H2","H1,H2,OOS,DD,CAGR"
A,SMALL,SMALLk80d03,SMALL,10.0,2W,0,0,True,7.957411721948674,0.0338011814477972,0.31183000914974873,-0.3032369535505548,0.48576689748872603,0.16563775143749745,0.49095232983036985,0.21380500429702962,0.020493115922471716,-0.3032369535505528,"H1,H2","H1,H2,OOS,DD,CAGR"
A,SMALL,SMALLk80d03,SMALL,10.0,2W,0,1,False,8.019642372103245,0.029472489513860278,0.28064390701270087,-0.33695842738409865,0.46875638186479496,0.124610546792935,0.4978712776176033,0.16282743376533623,0.01313920033989513,-0.3369584273840993,"H1,H2","H1,H2,OOS,DD,CAGR"
A,SMALL,SMALLk80d03,SMALL,10.0,2W,0,2,False,7.944583407878198,0.028968829310793698,0.276226171600942,-0.3165799201268501,0.4617197288069848,0.1264138387482433,0.4700322036214236,0.17405140394596763,0.014830592247225827,-0.3165799201268492,"H1,H2","H1,H2,OOS,DD,CAGR"
A,SMALL,SMALLk80d03,SMALL,10.0,2W,0,3,False,8.075790364956987,0.02585714224023472,0.2537313732109431,-0.31577712651775114,0.4582705774714338,0.08913185906586511,0.44054465619535915,0.1556663350210728,0.01213318034747024,-0.3157771265177506,"H1,H2","H1,H2,OOS,DD,CAGR"
A,SMALL,SMALLk80d03,SMALL,10.0,2W,0,4,False,8.094360358293681,0.030335564073770582,0.2861564143507129,-0.3352743182410354,0.5244001433990833,0.09361548365696346,0.49136685717764944,0.17910029348241477,0.015574926709180925,-0.33527431824103515,"H1,H2","H1,H2,OOS,DD,CAGR"
A,SMALL,SMALLk80d03,SMALL,10.0,2W,1,0,False,8.05220820975197,0.032208527542769705,0.29949215251591943,-0.32441610916750885,0.4788099986171783,0.15279286989850469,0.43645992470466133,0.22733121968140718,0.02266247283531886,-0.3244161091675085,"H1,H2","H1,H2,OOS,DD,CAGR"
A,SMALL,SMALLk80d03,SMALL,10.0,2W,1,1,False,8.134923124910541,0.0214584037848351,0.22257700490110116,-0.34712471172382353,0.46393961220192403,0.027547512296309484,0.4568101914473872,0.09931061612020978,0.0038394387589089085,-0.34712471172382486,"H1,H2","H1,H2,OOS,DD,CAGR"
A,SMALL,SMALLk80d03,SMALL,10.0,2W,1,2,False,8.123679201570663,0.036110614866843305,0.3245828638674181,-0.3361684662693031,0.5571205979021592,0.13931271541162255,0.546937822819629,0.20855175890246228,0.02004230334958801,-0.33616846626930286,"H1,H2","H1,H2,OOS,DD,CAGR"
A,SMALL,SMALLk80d03,SMALL,10.0,2W,1,3,False,8.141823253541714,0.030335083018406817,0.28519752912218144,-0.2852623991245926,0.523654052011506,0.08769186259252387,0.4705152209599787,0.1845826248735233,0.016358876922377696,-0.2852623991245953,"H1,H2","H1,H2,OOS,DD,CAGR"
A,SMALL,SMALLk80d03,SMALL,10.0,2W,1,4,False,8.098008039865565,0.024974897853974554,0.24810070196432657,-0.3187256013675406,0.47832804767106035,0.05544830503264959,0.498332343642108,0.11123314043799998,0.005667673855863864,-0.31872560136754047,"H1,H2","H1,H2,OOS,DD,CAGR"
A,SMALL,SMALLk80d03,SMALL,10.0,M,0,0,True,5.515205457759948,0.03589279043266269,0.3219106601493177,-0.3342733685165533,0.5893683501742257,0.09872789902626197,0.5587981993272332,0.19328078413789448,0.017726581804619945,-0.33427336851655365,"H1,H2","H1,H2,OOS,DD,CAGR"
A,SMALL,SMALLk80d03,SMALL,10.0,M,0,1,False,5.539193812391699,0.033903273419217284,0.3074919588433705,-0.3362213452778897,0.5009342995675828,0.14899083409439406,0.4771591431179584,0.21714809696210777,0.021378663985365032,-0.33622134527789005,"H1,H2","H1,H2,OOS,DD,CAGR"
A,SMALL,SMALLk80d03,SMALL,10.0,M,0,2,False,5.556714936947684,0.01892606136781838,0.20300993207977577,-0.3761129912959785,0.38740051983989676,0.05412748935663682,0.30848864648016594,0.14757587367441174,0.010935949137509837,-0.3761129912959784,"H1,H2,DD","H1,H2,OOS,DD,CAGR"
A,SMALL,SMALLk80d03,SMALL,10.0,M,0,3,False,5.515497053172552,0.02299937472215441,0.23110418103093056,-0.41169476269976935,0.44717055122906746,0.05870312855559182,0.4225357640424835,0.13119329145081068,0.008440396587759524,-0.4116947626997691,"H1,H2,DD","H1,H2,OOS,DD,CAGR"
A,SMALL,SMALLk80d03,SMALL,10.0,M,0,4,False,5.4335573374621,0.016495394961555165,0.18595250720412052,-0.4656719710795534,0.4946523203721646,-0.055330689721949,0.47272390108779994,0.039266004811805325,-0.005696681940609016,-0.4656719710795525,"H1,H2,DD","H1,H2,OOS,DD,CAGR"
A,SMALL,SMALLk80d03,SMALL,10.0,6W,0,0,True,4.5315778409513,0.020573990989432245,0.2130246632725283,-0.46778117037506395,0.4177703909780417,0.05648335850809504,0.40343834070278617,0.117559690987007,0.006188010215147699,-0.4677811703750644,"H1,H2,DD","H1,H2,OOS,DD,CAGR"
A,SMALL,SMALLk80d03,SMALL,10.0,6W,0,1,False,4.564607678682842,0.0200039626108528,0.20917966769982904,-0.4839881403909414,0.457138568295758,0.017769433818174262,0.46490757017764867,0.08001529603147306,0.00034668896312384234,-0.4839881403909415,"H1,H2,DD","H1,H2,OOS,DD,CAGR"
A,SMALL,SMALLk80d03,SMALL,10.0,6W,0,2,False,4.483109859069561,0.019956473110916306,0.20880518100409004,-0.4604105017614446,0.5326783891008023,-0.03830515238856867,0.48926831466242715,0.06907577841259778,-0.0014213156724417475,-0.46041050176144416,"H1,H2,DD","H1,H2,OOS,DD,CAGR"
A,SMALL,SMALLk80d03,SMALL,10.0,6W,0,3,False,4.481742467394585,0.014256235876829226,0.17027445726532708,-0.4377014259656258,0.5003816450992571,-0.0808205850619186,0.5165058063341734,-0.0016049040814232914,-0.012416583844606865,-0.4377014259656259,"H1,H2,DD","H1,H2,OOS,DD,CAGR"
A,SMALL,SMALLk80d03,SMALL,10.0,6W,0,4,False,4.570869905779114,0.005901872734567659,0.11322385797310253,-0.45641877995530555,0.4762450935348283,-0.1678594116876235,0.4355249761964945,-0.04953446179668447,-0.019398859942162616,-0.45641877995530555,"H1,H2,DD","H1,H2,OOS,DD,CAGR"
A,SMALL,SMALLk80d03,SMALL,10.0,6W,1,0,False,4.542770012862185,0.0173438573992426,0.19154381472909887,-0.4208636066504826,0.5585983773995299,-0.095550261928339,0.5392112726652913,0.014020719497775115,-0.009637633403657975,-0.4208636066504833,"H1,H2,DD","H1,H2,OOS,DD,CAGR"
A,SMALL,SMALLk80d03,SMALL,10.0,6W,1,1,False,4.588963951265116,0.01049857126450493,0.1447559864116926,-0.3862566786436822,0.47780805121619324,-0.11817068638362342,0.47014024426381307,-0.023653295659370153,-0.015294958199802533,-0.38625667864368196,"H1,H2,DD","H1,H2,OOS,DD,CAGR"
A,SMALL,SMALLk80d03,SMALL,10.0,6W,1,2,False,4.573777332566941,0.026157900148262136,0.25112511457700476,-0.38533193379505537,0.44475973155574927,0.0984266810121558,0.4443331219935951,0.15051609227641388,0.011339954968856647,-0.38533193379505537,"H1,H2,DD","H1,H2,OOS,DD,CAGR"
A,SMALL,SMALLk80d03,SMALL,10.0,6W,1,3,False,4.570539462402948,0.02377199834716537,0.23452430461002421,-0.3707760470928595,0.46326172333411303,0.05103618254504239,0.5396006428633832,0.07211742994115558,-0.0007179571317033062,-0.3707760470928605,"H1,H2,DD","H1,H2,OOS,DD,CAGR"
A,SMALL,SMALLk80d03,SMALL,10.0,6W,1,4,False,4.510774255201456,0.023335922700502554,0.2317926938812411,-0.40529991098523765,0.3923457359748831,0.10079616487250621,0.4101375482816712,0.13524847408827412,0.00899834315305803,-0.4052999109852381,"H1,H2,DD","H1,H2,OOS,DD,CAGR"
A,SMALL,SMALLk80d03,SMALL,10.0,6W,2,0,False,4.510274861045397,0.023906163687540172,0.2378021464135972,-0.32594889861516485,0.36113040002824226,0.13573128751978428,0.37860181059884457,0.16103260471809278,0.012929907091222104,-0.32594889861516474,"H1,H2","H1,H2,OOS,DD,CAGR"
A,SMALL,SMALLk80d03,SMALL,10.0,6W,2,1,False,4.603395234808012,0.03103074673713402,0.28636769889493935,-0.3614110216191385,0.33340760525173235,0.2497261514960054,0.3677191392070801,0.2430906227145996,0.02538442469960356,-0.3614110216191373,"H1,H2,DD","H1,H2,OOS,DD,CAGR"
A,SMALL,SMALLk80d03,SMALL,10.0,6W,2,2,False,4.660657982394155,0.026608109969927574,0.2566984295384351,-0.32914078539619307,0.3218846747182314,0.2050001638397885,0.3191267032833379,0.22405311930486865,0.022472896174508428,-0.3291407853961904,"H1,H2","H1,H2,OOS,DD,CAGR"
A,SMALL,SMALLk80d03,SMALL,10.0,6W,2,3,False,4.591082463224332,0.021244487965749848,0.21981170395518676,-0.3262652219934581,0.27874594627761323,0.17406258234965372,0.2283184148197521,0.21621414806781025,0.02130667494936911,-0.3262652219934581,"H1,H2","H1,H2,OOS,DD,CAGR"
A,SMALL,SMALLk80d03,SMALL,10.0,6W,2,4,False,4.539188825567195,0.02909622226205877,0.2739304475733813,-0.3465863178126337,0.3455950951254276,0.218129009229879,0.3613032216872167,0.22905995495926748,0.023293935335621185,-0.34658631781263416,"H1,H2","H1,H2,OOS,DD,CAGR"
A,SMALL,SMALLk80d03,SMALL,10.0,6W,3,0,False,4.544184671081853,0.0336700361587956,0.30518990870620255,-0.29739623854680763,0.3132802690659874,0.30070786578044656,0.29739384512583117,0.31033308504426316,0.03562226956794046,-0.29739623854680786,"H1,H2","H1,H2,OOS,DD,CAGR"
A,SMALL,SMALLk80d03,SMALL,10.0,6W,3,1,False,4.593101333326981,0.03526135436595634,0.3158213945553964,-0.31939127705256876,0.45108980236536267,0.20699625096761737,0.46406775585149274,0.23742216708659294,0.02453692013561959,-0.31939127705256987,"H1,H2","H1,H2,OOS,DD,CAGR"
A,SMALL,SMALLk80d03,SMALL,10.0,6W,3,2,False,4.5343647856906735,0.03618017436364673,0.3228917680891191,-0.2986825709516795,0.4661692171828446,0.2082006121529284,0.4755720169458914,0.24247035875593465,0.025256376905902878,-0.29868257095167994,"H1,H2","H1,H2,OOS,DD,CAGR"
A,SMALL,SMALLk80d03,SMALL,10.0,6W,3,3,False,4.603989595026913,0.0430937644344318,0.37091555427215706,-0.28897909410832234,0.4874515468536558,0.2778677539351044,0.4960303836706422,0.30490026658600516,0.03465812636119203,-0.28897909410832223,"H1,H2","H1,H2,OOS,DD,CAGR"
A,SMALL,SMALLk80d03,SMALL,10.0,6W,3,4,False,4.639657612618697,0.041741613418150525,0.36197756960479543,-0.3091060834718832,0.4699625729525944,0.2752962737786333,0.4794667653271414,0.29980071669768044,0.033825299941713016,-0.3091060834718826,"H1,H2","H1,H2,OOS,DD,CAGR"
A,SMALL,SMALLk80d03,SMALL,10.0,6W,4,0,False,4.486495333743615,0.051536721172045885,0.43154041403571297,-0.30879550578758663,0.5162545627744141,0.3631263716782481,0.5209805871496549,0.38401694851247103,0.04624229845714889,-0.30879550578758685,"H1,H2","H1,H2,OOS,DD,CAGR"
A,SMALL,SMALLk80d03,SMALL,10.0,6W,4,1,False,4.52569723599109,0.041349006694492596,0.36023350266770243,-0.3578006343044777,0.4428301232934228,0.29495059657355877,0.4514036573883886,0.3125288037510204,0.035688298864286594,-0.3578006343044784,"H1,H2","H1,H2,OOS,DD,CAGR"
A,SMALL,SMALLk80d03,SMALL,10.0,6W,4,2,False,4.628645822605442,0.048099301354514346,0.40336151055353764,-0.37034890699005796,0.5603456375336665,0.2821162163604939,0.5323581085491766,0.3381694965421223,0.040209447306175594,-0.3703489069900596,"H1,H2,DD","H1,H2,OOS,DD,CAGR"
A,SMALL,SMALLk80d03,SMALL,10.0,6W,4,3,False,4.574775696902704,0.042946374043638436,0.36770731107223786,-0.4023238881209057,0.5814482650253439,0.198928831627095,0.5635329773789001,0.2659576722411004,0.029000348546270427,-0.4023238881209049,"H1,H2,DD","H1,H2,OOS,DD,CAGR"
A,SMALL,SMALLk80d03,SMALL,10.0,6W,4,4,False,4.597782602877309,0.03315811132687241,0.29858320613609796,-0.44807009414105436,0.5664269944585226,0.0924963959265205,0.526668471431626,0.18400980901872516,0.016573239710660603,-0.44807009414105603,"H1,H2,DD","H1,H2,OOS,DD,CAGR"
A,SMALL,SMALLk80d03,SMALL,10.0,6W,5,0,False,4.528232407976528,0.04162023244809032,0.35355388830915296,-0.43275158882631737,0.6502594003743996,0.12422387594999684,0.651284895916075,0.2018648955263073,0.01940651074548927,-0.43275158882631704,"H1,H2,DD","H1,H2,OOS,DD,CAGR"
A,SMALL,SMALLk80d03,SMALL,10.0,6W,5,1,False,4.561499909658047,0.047045982855488555,0.3890188203109749,-0.43683840895225257,0.6565100433629921,0.1843958561175248,0.6655335574331228,0.24992147738658194,0.02705394775381076,-0.43683840895225245,"H1,H2,DD","H1,H2,OOS,DD,CAGR"
A,SMALL,SMALLk80d03,SMALL,10.0,6W,5,2,False,4.579163308455584,0.03405188720556951,0.3021784230183244,-0.4383924231790851,0.548224411928869,0.11938279429480672,0.5245919027303164,0.19332906109685058,0.01815820026059156,-0.4383924231790858,"H1,H2,DD","H1,H2,OOS,DD,CAGR"
A,SMALL,SMALLk80d03,SMALL,10.0,6W,5,3,False,4.513497271255508,0.03429275319153202,0.3037504762140993,-0.4532737414533916,0.5571038284601428,0.10661186383924755,0.48490272937149764,0.2118286109603039,0.021032841406229297,-0.45327374145339205,"H1,H2,DD","H1,H2,OOS,DD,CAGR"
A,SMALL,SMALLk80d03,SMALL,10.0,6W,5,4,False,4.531371490673472,0.026562637406407408,0.253680417235366,-0.45660847279359906,0.5229577955400521,0.045320896819492716,0.5198017452438661,0.11848062548755917,0.006366058541455777,-0.4566084727935995,"H1,H2,DD","H1,H2,OOS,DD,CAGR"
A,SMALL,SMALLk80d03,SMALL,10.0,Q,0,0,True,2.864840423921991,0.02663520035057143,0.2508485107149151,-0.41317610738939425,0.3991244595090286,0.14059051595719413,0.37198648261991435,0.1919151208944655,0.018026308190377538,-0.41317610738939425,"H1,H2,DD","H1,H2,OOS,DD,CAGR"
A,SMALL,SMALLk80d03,SMALL,10.0,Q,0,1,False,2.853858662303119,0.03467574385789618,0.30320625050926037,-0.41049416536908356,0.41429180184490516,0.22165506124135792,0.41173123384490107,0.25005113799368894,0.027490699146542674,-0.410494165369084,"H1,H2,DD","H1,H2,OOS,DD,CAGR"
A,SMALL,SMALLk80d03,SMALL,10.0,Q,0,2,False,2.845314307575629,0.037401435309864395,0.31991751480108177,-0.38256746263423314,0.3987469517116448,0.26536466298307365,0.3272572350398657,0.31874114194524394,0.03911932257324846,-0.3825674626342328,"H1,H2,DD","H1,H2,OOS,DD,CAGR"
A,SMALL,SMALLk80d03,SMALL,10.0,Q,0,3,False,2.8807004778175513,0.04242235605974387,0.3528908716456693,-0.404565306232464,0.48996575447579865,0.2493916863282339,0.49677918397134735,0.280099507518489,0.03232930683770041,-0.4045653062324638,"H1,H2,DD","H1,H2,OOS,DD,CAGR"
A,SMALL,SMALLk80d03,SMALL,10.0,Q,0,4,False,2.872324395104305,0.033110232488727576,0.29500333631137177,-0.42562170700769586,0.5154366202819739,0.12694521910113238,0.5014880879731163,0.19087414073985845,0.017743933060866413,-0.4256217070076954,"H1,H2,DD","H1,H2,OOS,DD,CAGR"
A,SMALL,SMALLk80d04,SMALL,10.0,D,0,0,True,25.627793204090917,0.024775884427514328,0.2528628924532378,-0.30571770362946593,0.3425563130362371,0.18410984669508065,0.31534803775750714,0.22220226927564488,0.021439420449091307,-0.3057177036294676,"H1,H2","H1,H2,OOS,DD,CAGR"
A,SMALL,SMALLk80d04,SMALL,10.0,2D,0,0,True,17.90213736776892,0.027948963071699362,0.2766066839510622,-0.3171715898371552,0.38916881332272046,0.18906621446798103,0.35396466034142987,0.23819234350630544,0.023687972479629282,-0.3171715898371561,"H1,H2","H1,H2,OOS,DD,CAGR"
A,SMALL,SMALLk80d04,SMALL,10.0,2D,1,0,False,18.200234016272287,0.03616732680571544,0.33671413132818345,-0.27147351749500714,0.4015907202675737,0.28865002450855076,0.38519593796595125,0.31352468477020273,0.03455735783995295,-0.2714735174950055,"H1,H2","H1,H2,OOS,DD,CAGR"
A,SMALL,SMALLk80d04,SMALL,10.0,W,0,0,True,11.630706816888159,0.03229392318994173,0.3062649972445538,-0.2650356692351955,0.41841311079813787,0.22031815451081974,0.44074678411450935,0.23935691853444932,0.024108482184005853,-0.26503566923519484,"H1,H2","H1,H2,OOS,DD,CAGR"
A,SMALL,SMALLk80d04,SMALL,10.0,W,0,1,False,11.69775049559156,0.03437298524308652,0.3225834397036281,-0.29451899534685955,0.3986435051432207,0.2660354733705492,0.39755673652993034,0.2861181036662618,0.030762203392285192,-0.2945189953468601,"H1,H2","H1,H2,OOS,DD,CAGR"
A,SMALL,SMALLk80d04,SMALL,10.0,W,0,2,False,11.533216087210457,0.04597209893013576,0.4052239935031713,-0.24798341023664716,0.4260309271208081,0.39352307830480115,0.41169493930576245,0.4044379399672732,0.04838108910412342,-0.24798341023664805,"H1,H2","H1,H2,OOS,DD,CAGR"
A,SMALL,SMALLk80d04,SMALL,10.0,W,0,3,False,11.614056089101531,0.043084058051820806,0.3877921566279816,-0.27338381005994883,0.3955473583758951,0.3855534397031995,0.3634854754994467,0.40237852566297794,0.04736486146195151,-0.2733838100599486,"H1,H2","H1,H2,OOS,DD,CAGR"
A,SMALL,SMALLk80d04,SMALL,10.0,W,0,4,False,11.642011572901854,0.036946533826860195,0.3413989797144087,-0.2835203738098232,0.4075283480312307,0.2926222883030927,0.4350138328802134,0.2955735495209212,0.032144456729650495,-0.28352037380982364,"H1,H2","H1,H2,OOS,DD,CAGR"
A,SMALL,SMALLk80d04,SMALL,10.0,2W,0,0,True,8.349069523295364,0.04420373166192415,0.3923349951034295,-0.24098279822286872,0.48257964613666504,0.32424210536523196,0.5682339301327515,0.30454619757122364,0.03361608152109263,-0.24098279822286783,"H1,H2","H1,H2,OOS,DD,CAGR"
A,SMALL,SMALLk80d04,SMALL,10.0,2W,0,1,False,8.32431316373013,0.0526634886477102,0.45331438781094047,-0.22417167305266528,0.4908736771399624,0.42880780077097796,0.5464191370850157,0.40798774531856075,0.048785904135988156,-0.22417167305266583,H1,"H1,H2,OOS,DD,CAGR"
A,SMALL,SMALLk80d04,SMALL,10.0,2W,0,2,False,8.254059504745504,0.04867926749355456,0.4237765658288515,-0.23919030024297339,0.40758092820141956,0.44160182810748316,0.39994096840012133,0.4385268077403975,0.05359948520170876,-0.23919030024297427,H1,"H1,H2,OOS,DD,CAGR"
A,SMALL,SMALLk80d04,SMALL,10.0,2W,0,3,False,8.087730056971061,0.052175892264831214,0.44977010744686136,-0.24507505369666127,0.4511328728371472,0.4539806604166169,0.4447938390612236,0.45514695534351374,0.05597830541716542,-0.2450750536966625,H1,"H1,H2,OOS,DD,CAGR"
A,SMALL,SMALLk80d04,SMALL,10.0,2W,0,4,False,8.243344643118737,0.029951858783481056,0.2882706290343066,-0.2848485310857276,0.4216790884415976,0.18586511130471245,0.44017692284042437,0.21225330260655212,0.02024102385102311,-0.28484853108572683,"H1,H2","H1,H2,OOS,DD,CAGR"
A,SMALL,SMALLk80d04,SMALL,10.0,2W,1,0,False,8.256534896030974,0.03308853821348201,0.31025349642274985,-0.29704787831376445,0.4396313049135113,0.21131201292381302,0.42449027032679076,0.2539540158114127,0.026403278416694098,-0.2970478783137652,"H1,H2","H1,H2,OOS,DD,CAGR"
A,SMALL,SMALLk80d04,SMALL,10.0,2W,1,1,False,8.215068572547608,0.028600157035340912,0.2779098007618814,-0.33029762420052877,0.335641652776917,0.23578150646119042,0.3201566739666033,0.25811448786561975,0.026994283351318815,-0.3302976242005292,"H1,H2","H1,H2,OOS,DD,CAGR"
A,SMALL,SMALLk80d04,SMALL,10.0,2W,1,2,False,8.33870253946837,0.03545223781093765,0.32425845007270604,-0.27145115386751884,0.4168328192085873,0.258050266496924,0.39919026624437126,0.28938908700575655,0.0320989830309697,-0.27145115386751884,"H1,H2","H1,H2,OOS,DD,CAGR"
A,SMALL,SMALLk80d04,SMALL,10.0,2W,1,3,False,8.408176197068833,0.023697494213383408,0.24207584232086815,-0.28928334941336087,0.2795905051271586,0.21506312425177795,0.25756584608461214,0.2354302868995232,0.023640555580613842,-0.2892833494133591,"H1,H2","H1,H2,OOS,DD,CAGR"
A,SMALL,SMALLk80d04,SMALL,10.0,2W,1,4,False,8.340308164216081,0.03780710929169473,0.34252614588403085,-0.27658244020415046,0.5183041517862214,0.2112106243727519,0.6040123315600789,0.21479562396181157,0.020826654781331166,-0.27658244020414946,"H1,H2","H1,H2,OOS,DD,CAGR"
A,SMALL,SMALLk80d04,SMALL,10.0,M,0,0,True,5.454940985875139,0.044851660993813436,0.3924517677821295,-0.26543828741342645,0.5235212479241442,0.2919188102755909,0.6125200367003262,0.2813817336827908,0.030560429725917215,-0.2654382874134258,"H1,H2","H1,H2,OOS,DD,CAGR"
A,SMALL,SMALLk80d04,SMALL,10.0,M,0,1,False,5.615230749995033,0.045594263164658644,0.3991753337493294,-0.2749314287831235,0.5795084011928135,0.2607868025354908,0.6371531243764905,0.27980129592425107,0.030250336286641533,-0.2749314287831225,"H1,H2","H1,H2,OOS,DD,CAGR"
A,SMALL,SMALLk80d04,SMALL,10.0,M,0,2,False,5.637857563494419,0.043294345866648376,0.3775486075484164,-0.3207030688083756,0.49252246378698544,0.2959613456138963,0.5665687154209942,0.2873038229427723,0.032022204904426976,-0.32070306880837585,"H1,H2","H1,H2,OOS,DD,CAGR"
A,SMALL,SMALLk80d04,SMALL,10.0,M,0,3,False,5.678112949254513,0.04204080384494979,0.36875281735683973,-0.3325320302154363,0.6019139505729635,0.19266842497656186,0.6792966489427592,0.2148791798171916,0.02097506027343976,-0.3325320302154354,"H1,H2","H1,H2,OOS,DD,CAGR"
A,SMALL,SMALLk80d04,SMALL,10.0,M,0,4,False,5.737605251910247,0.03289821358513745,0.30158708337707113,-0.38186725169894675,0.586777927009207,0.09507000594177951,0.6639653584451449,0.12844358998215522,0.007954458618790516,-0.38186725169894675,"H1,H2,DD","H1,H2,OOS,DD,CAGR"
A,SMALL,SMALLk80d04,SMALL,10.0,6W,0,0,True,4.4413118490806625,0.04253248437173873,0.36621688244807565,-0.3298051110676927,0.5058635046133905,0.26617076961599406,0.5509464824091289,0.277175499317485,0.030936734988327608,-0.32980511106769206,"H1,H2","H1,H2,OOS,DD,CAGR"
A,SMALL,SMALLk80d04,SMALL,10.0,6W,0,1,False,4.517919503385364,0.05156284121937582,0.42686474793372536,-0.31487680270325136,0.5212956476287491,0.3620288789374168,0.5883614425306366,0.34932305184291645,0.042282856949587,-0.31487680270325114,"H1,H2","H1,H2,OOS,DD,CAGR"
A,SMALL,SMALLk80d04,SMALL,10.0,6W,0,2,False,4.564874441039096,0.06239470003616443,0.5059894070461353,-0.30168720596298615,0.5644970078477348,0.46888262611234716,0.597001415574582,0.464791611628441,0.05988875253295434,-0.3016872059629855,H1,"H1,H2,OOS,DD,CAGR"
A,SMALL,SMALLk80d04,SMALL,10.0,6W,0,3,False,4.4564920048471555,0.045815420702016496,0.3902864463567779,-0.3369485555372116,0.5086990806720733,0.3067053505237719,0.5080428367640667,0.3351986411326941,0.03988388137263921,-0.3369485555372115,"H1,H2","H1,H2,OOS,DD,CAGR"
A,SMALL,SMALLk80d04,SMALL,10.0,6W,0,4,False,4.501666349175058,0.029360485080582643,0.2766782523810376,-0.3698174086807323,0.5556798760905106,0.07171966397133954,0.5275156200947976,0.15752204425560493,0.01240817045137943,-0.369817408680732,"H1,H2,DD","H1,H2,OOS,DD,CAGR"
A,SMALL,SMALLk80d04,SMALL,10.0,6W,1,0,False,4.503437898246013,0.03842277502846758,0.33793088857672027,-0.39437995123251024,0.6001505725616593,0.14522504862478072,0.5406827462717785,0.24198616365135955,0.025541716412773585,-0.39437995123250946,"H1,H2,DD","H1,H2,OOS,DD,CAGR"
A,SMALL,SMALLk80d04,SMALL,10.0,6W,1,1,False,4.4647431992553015,0.04968257975793522,0.4166266686265673,-0.35978988270280254,0.51612497445945,0.3473812120007839,0.4825209185661717,0.38783257368142937,0.048243323208877475,-0.35978988270280143,"H1,H2","H1,H2,OOS,DD,CAGR"
A,SMALL,SMALLk80d04,SMALL,10.0,6W,1,2,False,4.466139893855293,0.04818194875996995,0.40239515337074544,-0.3561190700159673,0.5145619903637093,0.32576623815078265,0.45347398950015416,0.381459957599313,0.04792391381716121,-0.3561190700159662,"H1,H2","H1,H2,OOS,DD,CAGR"
A,SMALL,SMALLk80d04,SMALL,10.0,6W,1,3,False,4.468465468869412,0.029897524457055402,0.28026751046150056,-0.3516520679937427,0.5002539218413352,0.11799504785207272,0.42207913325681845,0.21298823359940713,0.020940085463143854,-0.35165206799374327,"H1,H2","H1,H2,OOS,DD,CAGR"
A,SMALL,SMALLk80d04,SMALL,10.0,6W,1,4,False,4.467311659553654,0.0345478497430296,0.3139850204161629,-0.3501217832265675,0.5518596308633777,0.13725614517934817,0.5103396179434183,0.21910740920445446,0.021766419304988016,-0.35012178322656895,"H1,H2","H1,H2,OOS,DD,CAGR"
A,SMALL,SMALLk80d04,SMALL,10.0,6W,2,0,False,4.504678676587776,0.03750277620554576,0.3388805435963138,-0.3060457305884987,0.504246593453287,0.21348274199735226,0.4438642392584804,0.28818760314553216,0.031825097312996986,-0.30604573058849815,"H1,H2","H1,H2,OOS,DD,CAGR"
A,SMALL,SMALLk80d04,SMALL,10.0,6W,2,1,False,4.519159097634494,0.04262641640760001,0.3737223675059392,-0.308023616301522,0.5613553109573451,0.23357740079303163,0.5001022054438793,0.3128128569091024,0.03570170740738998,-0.30802361630152164,"H1,H2","H1,H2,OOS,DD,CAGR"
A,SMALL,SMALLk80d04,SMALL,10.0,6W,2,2,False,4.6221492434851275,0.041352961058795046,0.3683082990167749,-0.25966073848328053,0.3856858565027723,0.3593592221199494,0.3342143235035684,0.38798947002782264,0.046598377257887735,-0.25966073848328186,"H1,H2","H1,H2,OOS,DD,CAGR"
A,SMALL,SMALLk80d04,SMALL,10.0,6W,2,3,False,4.585733559158603,0.052529589122110476,0.44534582579765347,-0.2218145170511059,0.4064090750768852,0.4814984245350889,0.3370616184391733,0.5031006544400342,0.06440918963082476,-0.2218145170511061,H1,"H1,H2,OOS,DD,CAGR"
A,SMALL,SMALLk80d04,SMALL,10.0,6W,2,4,False,4.60747329310476,0.041691436867461684,0.37108409022264993,-0.2560544371087887,0.46680505003067846,0.29868146387907296,0.4748539039295509,0.31941802158370075,0.03605938847752643,-0.2560544371087877,"H1,H2","H1,H2,OOS,DD,CAGR"
A,SMALL,SMALLk80d04,SMALL,10.0,6W,3,0,False,4.546678694970111,0.05037680815296253,0.4312774991665744,-0.24678100491041066,0.5459749346251587,0.34518851800975037,0.5195080683309852,0.38818321110318715,0.04652513323543017,-0.24678100491041244,"H1,H2","H1,H2,OOS,DD,CAGR"
A,SMALL,SMALLk80d04,SMALL,10.0,6W,3,1,False,4.690234153053106,0.04667105456473197,0.40608048168284927,-0.31221796545218705,0.4909797312800644,0.34171795879583594,0.4928932451985799,0.3627796745233614,0.042476935947596495,-0.3122179654521837,"H1,H2","H1,H2,OOS,DD,CAGR"
A,SMALL,SMALLk80d04,SMALL,10.0,6W,3,2,False,4.7554757267184655,0.0437652446237371,0.3824848221571225,-0.2930878384258264,0.5405994141999904,0.2622348403625285,0.5343459795069908,0.30726392637431765,0.03468374187768486,-0.2930878384258292,"H1,H2","H1,H2,OOS,DD,CAGR"
A,SMALL,SMALLk80d04,SMALL,10.0,6W,3,3,False,4.661931712463426,0.04095632544525696,0.36399877763819904,-0.2660251074545362,0.48418793050029274,0.2696426490094821,0.5185812008823197,0.2837964230205077,0.030823280971385536,-0.26602510745453767,"H1,H2","H1,H2,OOS,DD,CAGR"
A,SMALL,SMALLk80d04,SMALL,10.0,6W,3,4,False,4.600720346966929,0.05167774379589951,0.43597168283872884,-0.2692865724594673,0.6709246361240443,0.2544130663927827,0.7719408316212322,0.26641862130401145,0.028647446019653078,-0.26928657245946674,"H1,H2","H1,H2,OOS,DD,CAGR"
A,SMALL,SMALLk80d04,SMALL,10.0,6W,4,0,False,4.535481934059201,0.05762489564379014,0.47994157930320586,-0.2594807014418541,0.7006183309257458,0.30602786797548065,0.7400951822312017,0.3469077351866749,0.040424972238723544,-0.25948070144185253,"H1,H2","H1,H2,OOS,DD,CAGR"
A,SMALL,SMALLk80d04,SMALL,10.0,6W,4,1,False,4.608255464096925,0.04875090879983035,0.4187835045119715,-0.3197523610235389,0.63481706947741,0.24781273756060024,0.6627021659531327,0.2928351128943214,0.03223261960699286,-0.31975236102354077,"H1,H2","H1,H2,OOS,DD,CAGR"
A,SMALL,SMALLk80d04,SMALL,10.0,6W,4,2,False,4.596398847629047,0.0435456887657113,0.3760372512977578,-0.2896635477279955,0.5975800637741101,0.21037304011663807,0.619299288297393,0.2561980090008637,0.02742167873338963,-0.2896635477279951,"H1,H2","H1,H2,OOS,DD,CAGR"
A,SMALL,SMALLk80d04,SMALL,10.0,6W,4,3,False,4.590201080911717,0.045108373377040545,0.3893568310600866,-0.2936392932988905,0.6389383796534309,0.20163905198116375,0.6895132139369887,0.2417993352823472,0.025093396943005164,-0.29363929329889005,"H1,H2","H1,H2,OOS,DD,CAGR"
A,SMALL,SMALLk80d04,SMALL,10.0,6W,4,4,False,4.516877683082081,0.04565315634803224,0.3873119654016366,-0.35742801827878723,0.7071450731720029,0.15660681687551053,0.7386378911164415,0.2210416462642415,0.022281577133836272,-0.357428018278787,"H1,H2","H1,H2,OOS,DD,CAGR"
A,SMALL,SMALLk80d04,SMALL,10.0,6W,5,0,False,4.471260278668289,0.03683708820928633,0.32634398636448964,-0.372944200171034,0.5773940331394318,0.14223850836621207,0.6457184461473066,0.17113213250767298,0.014514026596127438,-0.37294420017103425,"H1,H2,DD","H1,H2,OOS,DD,CAGR"
A,SMALL,SMALLk80d04,SMALL,10.0,6W,5,1,False,4.454309500037824,0.04306548181571146,0.3682935689104653,-0.34141449822939585,0.5810290366792582,0.21265257722061293,0.6622871970392582,0.22401875047988806,0.02271753436147783,-0.3414144982293962,"H1,H2","H1,H2,OOS,DD,CAGR"
A,SMALL,SMALLk80d04,SMALL,10.0,6W,5,2,False,4.447077678137791,0.05864165892425244,0.47435572881546456,-0.37782300900109167,0.7141470349798045,0.3018413823330624,0.8042330759620208,0.315021879330682,0.03695266825935151,-0.3778230090010932,"H1,H2,DD","H1,H2,OOS,DD,CAGR"
A,SMALL,SMALLk80d04,SMALL,10.0,6W,5,3,False,4.57372747219031,0.051318929524796886,0.42388025703218984,-0.3493539302067342,0.4677358789719258,0.3971423951612126,0.5579575269515488,0.35985539380242476,0.044093328481283445,-0.3493539302067338,"H1,H2","H1,H2,OOS,DD,CAGR"
A,SMALL,SMALLk80d04,SMALL,10.0,6W,5,4,False,4.560038319465876,0.03964900215973066,0.34524990747602463,-0.3361251870018066,0.4375691749971147,0.2818762790476528,0.5853336261697692,0.22917908521670774,0.02355699259698385,-0.3361251870018075,"H1,H2","H1,H2,OOS,DD,CAGR"
A,SMALL,SMALLk80d04,SMALL,10.0,Q,0,0,True,2.721167379264164,0.060040602840132795,0.4761595684355392,-0.32899614450505343,0.5060225482290179,0.4618594817226615,0.43046126629099546,0.5026964525175452,0.0684262562959721,-0.32899614450505277,H1,"H1,H2,OOS,DD,CAGR"
A,SMALL,SMALLk80d04,SMALL,10.0,Q,0,1,False,2.7581598199863437,0.05846773486008128,0.4712280483403167,-0.3324449199132855,0.5163249746813401,0.4456157190009408,0.48770979781852297,0.4678747387881114,0.06198833175306473,-0.33244491991328595,H1,"H1,H2,OOS,DD,CAGR"
A,SMALL,SMALLk80d04,SMALL,10.0,Q,0,2,False,2.7880163079616342,0.052175092185936967,0.4280893196524258,-0.3393768985079876,0.4856804087442137,0.3941198285738471,0.4065798973377382,0.4430292653728587,0.058345006329402205,-0.33937689850798847,"H1,H2","H1,H2,OOS,DD,CAGR"
A,SMALL,SMALLk80d04,SMALL,10.0,Q,0,3,False,2.7476733445788906,0.0514410546661741,0.42573055862642,-0.3409337342436607,0.5564816268751245,0.3367237364282088,0.46226831861036893,0.4131459166319714,0.05307497567771313,-0.340933734243659,"H1,H2","H1,H2,OOS,DD,CAGR"
A,SMALL,SMALLk80d04,SMALL,10.0,Q,0,4,False,2.7307388207621184,0.059226878527695925,0.48261895261479193,-0.3416239138225975,0.573488530457895,0.4233513461239892,0.4690908995032053,0.49398563729195044,0.06528951408200645,-0.3416239138225965,H1,"H1,H2,OOS,DD,CAGR"
A,SMALL,SMALLk80d05,SMALL,10.0,D,0,0,True,27.131934854939324,0.014908428420173703,0.17712537246072654,-0.4678725199220314,0.5078263485940103,-0.10302853939853264,0.6714321974829695,-0.09830018108211923,-0.023354124318220815,-0.4678725199220324,"H1,H2,DD","H1,H2,OOS,DD,CAGR"
A,SMALL,SMALLk80d05,SMALL,10.0,2D,0,0,True,19.01922986747754,0.026901158846804663,0.2639907488049761,-0.43710653671323396,0.5926601819881009,-0.01457453096708754,0.7438965418977455,-0.0025415351246719834,-0.0101606073014463,-0.43710653671323363,"H1,H2,DD","H1,H2,OOS,DD,CAGR"
A,SMALL,SMALLk80d05,SMALL,10.0,2D,1,0,False,19.083860793763296,0.020261033211776303,0.2154411432885575,-0.45688017189485186,0.573540343905134,-0.08578651720998905,0.7579064735173966,-0.08616868080343948,-0.02193100480406418,-0.4568801718948511,"H1,H2,DD","H1,H2,OOS,DD,CAGR"
A,SMALL,SMALLk80d05,SMALL,10.0,W,0,0,True,12.142194970385152,0.028706817135565332,0.27474747065148075,-0.42043372706328264,0.6372889644813635,-0.03222154156115332,0.7551302722685768,0.0059954751232779106,-0.009230304530925104,-0.42043372706328197,"H1,H2,DD","H1,H2,OOS,DD,CAGR"
A,SMALL,SMALLk80d05,SMALL,10.0,W,0,1,False,12.239694236540897,0.027415911620592315,0.2658045451208772,-0.4752464223455649,0.6290561602562248,-0.04156811895997357,0.8327171831713004,-0.04845605579220544,-0.016916803198722685,-0.4752464223455667,"H1,H2,DD","H1,H2,OOS,DD,CAGR"
A,SMALL,SMALLk80d05,SMALL,10.0,W,0,2,False,12.235773006683447,0.025858512294301583,0.2545005527113793,-0.41276888299364933,0.6338490494983152,-0.06586060056966679,0.802239998713712,-0.05083777626467306,-0.017263018022571464,-0.412768882993651,"H1,H2,DD","H1,H2,OOS,DD,CAGR"
A,SMALL,SMALLk80d05,SMALL,10.0,W,0,3,False,12.230993525182521,0.03379476835530393,0.31070788904992785,-0.4261970711267953,0.7058542273205095,-0.02530732318512544,0.8783196806034812,-0.0068014739011061824,-0.011027112137976136,-0.42619707112679495,"H1,H2,DD","H1,H2,OOS,DD,CAGR"
A,SMALL,SMALLk80d05,SMALL,10.0,W,0,4,False,12.34622323094142,0.0339119552876872,0.3114384197990219,-0.3986532201546711,0.665947677929996,0.012747202399704895,0.8910280759493406,-0.01095338026422828,-0.011670295346019377,-0.39865322015467186,"H1,H2,DD","H1,H2,OOS,DD,CAGR"
A,SMALL,SMALLk80d05,SMALL,10.0,2W,0,0,True,8.650166212873987,0.04138477567888699,0.36105901783551914,-0.3821868196265118,0.7986822122530105,-0.010553037052065464,0.9350918759293925,0.038666001185482794,-0.004779833250410093,-0.3821868196265119,"H2,DD","H1,H2,OOS,DD,CAGR"
A,SMALL,SMALLk80d05,SMALL,10.0,2W,0,1,False,8.691643518327423,0.042061230630983326,0.36451554125882984,-0.3752460695828529,0.787926583832488,0.006515355543729686,1.0169412437409746,-0.0010571009552816344,-0.010582062765656763,-0.37524606958285256,"H2,DD","H1,H2,OOS,DD,CAGR"
A,SMALL,SMALLk80d05,SMALL,10.0,2W,0,2,False,8.506072641224268,0.042544985874991115,0.36995354382287066,-0.397369056523739,0.7658213617375008,0.040388805228568615,0.934379999055476,0.059228108246936084,-0.0018754878370041972,-0.3973690565237402,"H2,DD","H1,H2,OOS,DD,CAGR"
A,SMALL,SMALLk80d05,SMALL,10.0,2W,0,3,False,8.58230764268642,0.036778976189705714,0.3295329258015931,-0.40138217221993744,0.8076082073039607,-0.06943011738911166,0.9709961560655913,-0.022450638545927576,-0.013656014686785234,-0.401382172219939,"H2,DD","H1,H2,OOS,DD,CAGR"
A,SMALL,SMALLk80d05,SMALL,10.0,2W,0,4,False,8.724692513684492,0.03823791257929421,0.34128104244451235,-0.4035837794192957,0.6775865262165177,0.054720575600725706,0.9185907702566939,0.019578759643592056,-0.007393929874917937,-0.40358377941929835,"H1,H2,DD","H1,H2,OOS,DD,CAGR"
A,SMALL,SMALLk80d05,SMALL,10.0,2W,1,0,False,8.694040398498107,0.03436396478592463,0.3125390668119549,-0.4060201155833506,0.6222499367149577,0.050479378996013236,0.7858487802384666,0.04846871189374316,-0.0033983720506911563,-0.4060201155833497,"H1,H2,DD","H1,H2,OOS,DD,CAGR"
A,SMALL,SMALLk80d05,SMALL,10.0,2W,1,1,False,8.700490586352908,0.037456254164724756,0.3347444696382781,-0.4305432075113762,0.6367746783856286,0.08019919637424798,0.8511412148835166,0.050215235602459156,-0.00314839933507316,-0.43054320751137776,"H1,H2,DD","H1,H2,OOS,DD,CAGR"
A,SMALL,SMALLk80d05,SMALL,10.0,2W,1,2,False,8.77783287888218,0.028921245604770274,0.27347431279233764,-0.4115189875274621,0.644466848457611,-0.03763030887126555,0.8471818991463149,-0.04373907686288491,-0.01687279157408972,-0.4115189875274635,"H1,H2,DD","H1,H2,OOS,DD,CAGR"
A,SMALL,SMALLk80d05,SMALL,10.0,2W,1,3,False,8.84945094456449,0.029213209612442448,0.27681447235080997,-0.4485437775041907,0.6582054361899453,-0.04930469280444988,0.8341220102469189,-0.035948605962035356,-0.015377179930021079,-0.44854377750418906,"H1,H2,DD","H1,H2,OOS,DD,CAGR"
A,SMALL,SMALLk80d05,SMALL,10.0,2W,1,4,False,8.938992794699352,0.028038192559501907,0.26679270214362893,-0.43754905291417934,0.7489238801926872,-0.1349205166670678,0.9490179766523726,-0.10838042541072068,-0.026337254659160148,-0.437549052914179,"H2,DD","H1,H2,OOS,DD,CAGR"
A,SMALL,SMALLk80d05,SMALL,10.0,M,0,0,True,5.825121296904618,0.04966022070758003,0.4134413669118431,-0.3693923126260914,0.7559961305957821,0.11940614572448033,0.9859826881114041,0.08717829446600102,0.00208851830465151,-0.36939231262609185,"H2,DD","H1,H2,OOS,DD,CAGR"
A,SMALL,SMALLk80d05,SMALL,10.0,M,0,1,False,5.870094053589326,0.036570179650827095,0.32240363543484635,-0.4045460685188734,0.6763559086500752,0.017661027874363817,0.9037333204032812,-0.008271127085094658,-0.012052637784219389,-0.40454606851887387,"H1,H2,DD","H1,H2,OOS,DD,CAGR"
A,SMALL,SMALLk80d05,SMALL,10.0,M,0,2,False,5.885074627391252,0.03657911341569342,0.3215791680845929,-0.40653806798558123,0.7640038314022969,-0.043918743802250665,1.0457927374903846,-0.07412444379278849,-0.02221627990512609,-0.4065380679855818,"H2,DD","H1,H2,OOS,DD,CAGR"
A,SMALL,SMALLk80d05,SMALL,10.0,M,0,3,False,5.851950033464977,0.03041512566417892,0.2801846222160224,-0.4506400552969787,0.8013321450082068,-0.14731265169886276,1.0567172808264456,-0.14190896764159505,-0.03224937820705287,-0.4506400552969789,"H2,DD","H1,H2,OOS,DD,CAGR"
A,SMALL,SMALLk80d05,SMALL,10.0,M,0,4,False,5.952568458897282,0.03067569861234576,0.2819558000511472,-0.4311588587431677,0.7551780798062498,-0.10144221854996362,0.95814926257239,-0.08236017128541948,-0.023609264587878598,-0.4311588587431672,"H2,DD","H1,H2,OOS,DD,CAGR"
A,SMALL,SMALLk80d05,SMALL,10.0,6W,0,0,True,4.722767240994754,0.05211350422069927,0.42046255597258586,-0.3923865040034318,0.7626122534775576,0.14695172268748466,0.8625155430277415,0.18545044402782798,0.016805916626901007,-0.39238650400343045,"H2,DD","H1,H2,OOS,DD,CAGR"
A,SMALL,SMALLk80d05,SMALL,10.0,6W,0,1,False,4.779138764340059,0.04785762539222649,0.39004059312539185,-0.427096906699301,0.829298916738656,0.0437507847160255,0.9251666145952128,0.10710211988690632,0.004498440426715877,-0.4270969066993009,"H2,DD","H1,H2,OOS,DD,CAGR"
A,SMALL,SMALLk80d05,SMALL,10.0,6W,0,2,False,4.748041201445702,0.04318249077688896,0.36242225481256946,-0.41147139441946234,0.7345524853837668,0.06901669245692361,0.8057715943860663,0.12864271188834267,0.007926535455748285,-0.4114713944194631,"H1,H2,DD","H1,H2,OOS,DD,CAGR"
A,SMALL,SMALLk80d05,SMALL,10.0,6W,0,3,False,4.703088602621561,0.044626071457022576,0.37209137172048523,-0.4246114003484668,0.8841961901080937,-0.04013949977945321,0.9258270294774441,0.07680012696480415,-3.433924714213443e-05,-0.42461140034846834,"H2,DD","H1,H2,OOS,DD,CAGR"
A,SMALL,SMALLk80d05,SMALL,10.0,6W,0,4,False,4.713792156826478,0.03508494842895904,0.31028788719086703,-0.4325332074928847,0.8061564092530843,-0.09373638471726983,0.9699456496319067,-0.044599489174795656,-0.01826680840857653,-0.4325332074928826,"H2,DD","H1,H2,OOS,DD,CAGR"
A,SMALL,SMALLk80d05,SMALL,10.0,6W,1,0,False,4.760149901997435,0.03546577570703158,0.31218490419365114,-0.4354561290051504,0.8202919965620697,-0.0923592624747026,0.9911034233157764,-0.044832570445552146,-0.01863818732327982,-0.43545612900515085,"H2,DD","H1,H2,OOS,DD,CAGR"
A,SMALL,SMALLk80d05,SMALL,10.0,6W,1,1,False,4.703060252798026,0.03870258829039597,0.33328203209131796,-0.429441896365219,0.9445894087674779,-0.15297015376016515,1.1074885799192475,-0.07535337826798477,-0.023295550594212955,-0.42944189636521823,"H2,DD","H2,OOS,DD,CAGR"
A,SMALL,SMALLk80d05,SMALL,10.0,6W,1,2,False,4.7839529159061,0.029229580681192635,0.2677591871028241,-0.45245647050771887,0.8134302015361151,-0.1635457111093244,1.0000025967127595,-0.11963489993561169,-0.03088470881432137,-0.4524564705077204,"H2,DD","H1,H2,OOS,DD,CAGR"
A,SMALL,SMALLk80d05,SMALL,10.0,6W,1,3,False,4.757983754830689,0.022412246889093268,0.22449543810436573,-0.4970784207284913,0.8161559571712346,-0.2528400339406936,1.0320229075026204,-0.21024428029589173,-0.04355598401244065,-0.4970784207284903,"H2,DD","H1,H2,OOS,DD,CAGR"
A,SMALL,SMALLk80d05,SMALL,10.0,6W,1,4,False,4.809647408070983,0.02820991510391324,0.26381569308423874,-0.5254697377709026,0.9089687360635385,-0.265233896845143,1.0411257129886555,-0.1610248884824953,-0.03563123818502101,-0.5254697377709024,"H2,DD","H2,OOS,DD,CAGR"
A,SMALL,SMALLk80d05,SMALL,10.0,6W,2,0,False,4.768613080763366,0.03641464797161742,0.3213517904643737,-0.4577395836658307,0.8749550314484159,-0.137491411325424,0.9998899345821496,-0.05403026701683078,-0.019007363919577136,-0.45773958366583045,"H2,DD","H1,H2,OOS,DD,CAGR"
A,SMALL,SMALLk80d05,SMALL,10.0,6W,2,1,False,4.697649354705782,0.03546602560370382,0.31439611058432027,-0.4198766653705973,0.7632125355646447,-0.06310772336560269,0.9777773392371785,-0.05271290071536928,-0.018912965090015277,-0.41987666537059753,"H2,DD","H1,H2,OOS,DD,CAGR"
A,SMALL,SMALLk80d05,SMALL,10.0,6W,2,2,False,4.738341570322988,0.040134718753615184,0.34849374101200414,-0.4003306638389178,0.7330011498904552,0.0251690445874671,0.9280804711536483,0.02503222989298008,-0.007103932335911334,-0.40033066383891847,"H1,H2,DD","H1,H2,OOS,DD,CAGR"
A,SMALL,SMALLk80d05,SMALL,10.0,6W,2,3,False,4.79277753494474,0.03855739305295813,0.33811408971949375,-0.3884089210349738,0.6293124199181506,0.09296768275915769,0.7850004600858709,0.0905899862583307,0.0024990405294325058,-0.3884089210349758,"H1,H2,DD","H1,H2,OOS,DD,CAGR"
A,SMALL,SMALLk80d05,SMALL,10.0,6W,2,4,False,4.721311333502361,0.039469416464172014,0.34684691985434485,-0.36622544545219415,0.6471859103256602,0.0896348823812623,0.8297760232850507,0.07538344562961019,0.0004399858356267661,-0.36622544545219315,"H1,H2,DD","H1,H2,OOS,DD,CAGR"
A,SMALL,SMALLk80d05,SMALL,10.0,6W,3,0,False,4.749723916893162,0.05362670691092153,0.4372828106816851,-0.3436956453789134,0.7361676966599503,0.18660770141516853,0.8774257974392565,0.19226406038594931,0.01765635362692919,-0.3436956453789115,"H1,H2","H1,H2,OOS,DD,CAGR"
A,SMALL,SMALLk80d05,SMALL,10.0,6W,3,1,False,4.731580796701229,0.06381125046315739,0.5082111970694309,-0.34171207569879214,0.7753580334621509,0.2835454061856826,0.9634284389482568,0.254811836083883,0.026963571945547216,-0.34171207569879103,H2,"H1,H2,OOS,DD,CAGR"
A,SMALL,SMALLk80d05,SMALL,10.0,6W,3,2,False,4.677202110472029,0.06855737335918421,0.5349722279325202,-0.32882917278561463,0.8533793311751879,0.26656401448711703,1.0243742937070737,0.26220733095376886,0.028278175609288914,-0.3288291727856141,H2,"H1,H2,OOS,DD,CAGR"
A,SMALL,SMALLk80d05,SMALL,10.0,6W,3,3,False,4.724834078889421,0.06916553554233862,0.5422890740380891,-0.35086832289760417,0.9410430787573744,0.20116633470833,1.0475480754080722,0.25628978805759717,0.027156938412923548,-0.3508683228976024,H2,"H2,OOS,DD,CAGR"
A,SMALL,SMALLk80d05,SMALL,10.0,6W,3,4,False,4.7102452031949475,0.07095581075290691,0.5461250685907968,-0.3913809163870797,1.0100635219484122,0.15833551965776455,1.1802733926326814,0.19229605216476822,0.01773604810420193,-0.3913809163870805,"H2,DD","H2,OOS,DD,CAGR"
A,SMALL,SMALLk80d05,SMALL,10.0,6W,4,0,False,4.729514150433713,0.07432991437027536,0.5733989566183995,-0.382871808645018,0.9971387419339607,0.2195158551433133,1.1456295326303227,0.25619887452330925,0.027358869007478415,-0.3828718086450176,"H2,DD","H2,OOS,DD,CAGR"
A,SMALL,SMALLk80d05,SMALL,10.0,6W,4,1,False,4.77967376498976,0.04793550339845565,0.40043744305465434,-0.39376395182985535,0.8167745416421046,0.054082461803842664,0.9732958667081748,0.08488142660682167,0.0016009705512152195,-0.3937639518298528,"H2,DD","H1,H2,OOS,DD,CAGR"
A,SMALL,SMALLk80d05,SMALL,10.0,6W,4,2,False,4.835377897816213,0.03611968317707781,0.31843847917349544,-0.44462122111701063,0.8092409783729234,-0.08022437947067419,0.9336776723916893,-0.013091981963171748,-0.013317014270823546,-0.4446212211170102,"H2,DD","H1,H2,OOS,DD,CAGR"
A,SMALL,SMALLk80d05,SMALL,10.0,6W,4,3,False,4.862840667908769,0.04336060187019308,0.3638455999346259,-0.45102560075341913,0.7952334366231482,0.011809056810299395,0.9364324731487431,0.055845758159238396,-0.003210941605929274,-0.4510256007534187,"H2,DD","H1,H2,OOS,DD,CAGR"
A,SMALL,SMALLk80d05,SMALL,10.0,6W,4,4,False,4.821569345388226,0.03241212487281975,0.29323930919953256,-0.4369545007910556,0.719780000326481,-0.059013782193076826,0.8332293715239462,-0.0004515568506346233,-0.011445308302114876,-0.43695450079105524,"H1,H2,DD","H1,H2,OOS,DD,CAGR"
A,SMALL,SMALLk80d05,SMALL,10.0,6W,5,0,False,4.834673721587654,0.025253665876249443,0.2441217928480306,-0.4700026001761046,0.6847059808038548,-0.11895204762188967,0.8306406174823521,-0.07772451109514976,-0.023164013163890385,-0.4700026001761055,"H1,H2,DD","H1,H2,OOS,DD,CAGR"
A,SMALL,SMALLk80d05,SMALL,10.0,6W,5,1,False,4.876733451622758,0.03367820025952439,0.3000965423095049,-0.42861373241578193,0.7388623545155094,-0.05207748121476861,0.9218632678748011,-0.032810216724322015,-0.01668536747661742,-0.4286137324157816,"H1,H2,DD","H1,H2,OOS,DD,CAGR"
A,SMALL,SMALLk80d05,SMALL,10.0,6W,5,2,False,4.847884130704985,0.035920004278787276,0.3150360093923565,-0.4528124510036108,0.7566715916282625,-0.036023832595107726,0.9483320832293912,-0.020303616135706793,-0.014887708396689847,-0.45281245100361045,"H2,DD","H1,H2,OOS,DD,CAGR"
A,SMALL,SMALLk80d05,SMALL,10.0,6W,5,3,False,4.798876320017588,0.025993702790903406,0.2488279856308812,-0.4387731655048689,0.6615532966993458,-0.08683680521882464,0.8410600832110999,-0.07052562135288985,-0.022331687758725405,-0.43877316550486867,"H1,H2,DD","H1,H2,OOS,DD,CAGR"
A,SMALL,SMALLk80d05,SMALL,10.0,6W,5,4,False,4.776633030435472,0.037909386570932346,0.3274921989925809,-0.40678762483884123,0.7189441711795502,0.014062984525529744,0.8655451616802915,0.040630624211554334,-0.005604326728549158,-0.4067876248388411,"H1,H2,DD","H1,H2,OOS,DD,CAGR"
A,SMALL,SMALLk80d05,SMALL,10.0,Q,0,0,True,2.8227047393706273,0.03344562967994502,0.29765387651275726,-0.4321443902104919,0.7601977776873562,-0.07805164666299116,0.830478389035118,0.008522142851525681,-0.0104808261554582,-0.43214439021049145,"H2,DD","H1,H2,OOS,DD,CAGR"
A,SMALL,SMALLk80d05,SMALL,10.0,Q,0,1,False,2.880787769939208,0.03332043028089671,0.2968133521572482,-0.4371638088117962,0.7691514041342412,-0.08890419483663445,0.8531164321106457,-0.00821883891561174,-0.012941793157970394,-0.43716380881179606,"H2,DD","H1,H2,OOS,DD,CAGR"
A,SMALL,SMALLk80d05,SMALL,10.0,Q,0,2,False,2.802553386019888,0.035325713903513245,0.30953090879843165,-0.4600102413732493,0.8538739244910534,-0.13157079188533438,0.9442699686007608,-0.034369680298653234,-0.01708602887099031,-0.4600102413732502,"H2,DD","H1,H2,OOS,DD,CAGR"
A,SMALL,SMALLk80d05,SMALL,10.0,Q,0,3,False,2.8470918951319883,0.057852128268749414,0.45128564841970153,-0.4361989532364796,1.007216632660944,-0.004928681117671812,1.0353245364006418,0.13387372497865824,0.008703836576569701,-0.4361989532364795,"H2,DD","H2,OOS,DD,CAGR"
A,SMALL,SMALLk80d05,SMALL,10.0,Q,0,4,False,2.8166599796513148,0.04708386999215297,0.38475753816702774,-0.4482240589172609,0.8882519563549793,-0.02571023577942365,0.8970574960475907,0.1099764031895133,0.004964207766365636,-0.4482240589172608,"H2,DD","H1,H2,OOS,DD,CAGR"
A,SMALL,SMALLk80d06,SMALL,10.0,D,0,0,True,26.35894641073395,-0.008124535652032638,0.004143619544723002,-0.3435999421710695,0.009742721367100159,-0.0005520681134970511,-0.0737348848990545,0.046968717739832966,-0.0029883276854749674,-0.31419194364373804,"H1,H2","H1,H2,OOS,DD,CAGR"
A,SMALL,SMALLk80d06,SMALL,10.0,2D,0,0,True,18.679994934487297,-0.0020321840858736895,0.05090648723571816,-0.3250840713633336,0.01960635383707177,0.07756190487228627,-0.055432178718864814,0.10907140274189932,0.005529975962143885,-0.2966906502938419,"H1,H2","H1,H2,OOS,DD,CAGR"
A,SMALL,SMALLk80d06,SMALL,10.0,2D,1,0,False,18.34042602265413,0.004692709825924846,0.10160510016032573,-0.3080043634933535,0.21008085908644974,0.010882330335902083,0.19113076984473182,0.05255547590239606,-0.0022487792226711933,-0.3080043634933519,"H1,H2","H1,H2,OOS,DD,CAGR"
A,SMALL,SMALLk80d06,SMALL,10.0,W,0,0,True,11.675059711498296,0.010563326213436808,0.14573602274991093,-0.2862948274885767,0.2044178974332677,0.09687047714824272,0.15298005477622947,0.14204229753616118,0.010121841238560414,-0.277036623726006,"H1,H2","H1,H2,OOS,DD,CAGR"
A,SMALL,SMALLk80d06,SMALL,10.0,W,0,1,False,11.819284718109154,0.01847271522136218,0.20466092562349567,-0.27641413793987246,0.20251418760995613,0.20781368252412596,0.22304785267240462,0.19497340137473143,0.017515377484619288,-0.27332602790918237,"H1,H2","H1,H2,OOS,DD,CAGR"
A,SMALL,SMALLk80d06,SMALL,10.0,W,0,2,False,11.962041943226962,0.014537675339114209,0.17478097484645894,-0.3025758215934361,0.26338525474500246,0.10202608184832117,0.21540164927140992,0.15300601109308062,0.011682186524656135,-0.3025758215934363,"H1,H2","H1,H2,OOS,DD,CAGR"
A,SMALL,SMALLk80d06,SMALL,10.0,W,0,3,False,11.938028714003476,0.01019853341846666,0.1427902713744928,-0.3218551290076379,0.24324783620528137,0.05925720067396834,0.2127923777478715,0.10473779148238903,0.004837592524978174,-0.32185512900763824,"H1,H2","H1,H2,OOS,DD,CAGR"
A,SMALL,SMALLk80d06,SMALL,10.0,W,0,4,False,11.927878146923229,0.0014369690661533152,0.07758419362383735,-0.29691218384331886,0.19729899249196964,-0.022908976002543206,0.13260351824417912,0.04740493481719275,-0.0030639234830064366,-0.2969121838433192,"H1,H2","H1,H2,OOS,DD,CAGR"
A,SMALL,SMALLk80d06,SMALL,10.0,2W,0,0,True,8.463436516858366,0.004756442942206451,0.10270386992927254,-0.3474804917717027,0.18776540448196327,0.03051106829937164,0.18958723300979802,0.054408568956720776,-0.0021672730147307417,-0.3291045998957177,"H1,H2","H1,H2,OOS,DD,CAGR"
A,SMALL,SMALLk80d06,SMALL,10.0,2W,0,1,False,8.544565827262456,0.016748072477788423,0.1906849061694625,-0.3285919566821208,0.20304304369816858,0.18114727998757343,0.25016405230265093,0.15754436205379718,0.01231970539161642,-0.3285919566821206,"H1,H2","H1,H2,OOS,DD,CAGR"
A,SMALL,SMALLk80d06,SMALL,10.0,2W,0,2,False,8.590686970216982,0.01625299950271497,0.18662152964163675,-0.3342111967484358,0.19500761272214923,0.18090443172792803,0.16394013341908598,0.19947565769175782,0.018412826850991326,-0.33421119674843414,"H1,H2","H1,H2,OOS,DD,CAGR"
A,SMALL,SMALLk80d06,SMALL,10.0,2W,0,3,False,8.544075485631696,0.01620194506727546,0.18616878460119754,-0.3197986337034022,0.21429264919464747,0.16416383348658561,0.24344333429409273,0.1556459422598142,0.012091257908546371,-0.31979863370340156,"H1,H2","H1,H2,OOS,DD,CAGR"
A,SMALL,SMALLk80d06,SMALL,10.0,2W,0,4,False,8.355428765450847,0.01899670675438392,0.20773236765386854,-0.31919612182439694,0.2599584170438131,0.16507750828117532,0.21725249900444724,0.2029437606493486,0.01873430071755311,-0.3191961218243963,"H1,H2","H1,H2,OOS,DD,CAGR"
A,SMALL,SMALLk80d06,SMALL,10.0,2W,1,0,False,8.327292146581684,0.030599989266670846,0.2918660401334663,-0.3015645259329076,0.28592687630529245,0.2989919950215265,0.250838967434258,0.3149121460881434,0.03497245597544918,-0.30156452593290684,"H1,H2","H1,H2,OOS,DD,CAGR"
A,SMALL,SMALLk80d06,SMALL,10.0,2W,1,1,False,8.36480741863028,0.03439442529186021,0.31831550053688273,-0.3175606472406912,0.3913230889706531,0.2612148019548258,0.40936437399213627,0.2705601497369169,0.02869622477330558,-0.317560647240692,"H1,H2","H1,H2,OOS,DD,CAGR"
A,SMALL,SMALLk80d06,SMALL,10.0,2W,1,2,False,8.461915280577326,0.022297943586280677,0.23011548653588015,-0.31869423033733235,0.4071237701926247,0.08823253071806984,0.42889508926569586,0.12433773164420941,0.007569803854560853,-0.3186942303373316,"H1,H2","H1,H2,OOS,DD,CAGR"
A,SMALL,SMALLk80d06,SMALL,10.0,2W,1,3,False,8.349101260557498,0.02020120642228096,0.21494034522804353,-0.3043515765680448,0.3686559012955331,0.08627765676137633,0.39281736630220626,0.11655938656045405,0.006486809884334699,-0.3043515765680451,"H1,H2","H1,H2,OOS,DD,CAGR"
A,SMALL,SMALLk80d06,SMALL,10.0,2W,1,4,False,8.5807749951897,0.0036276059787534454,0.09497635967216991,-0.3686330377758412,0.30945371749184636,-0.08474271878800763,0.32926752351230854,-0.03346357875051806,-0.014812979973702123,-0.36863303777584233,"H1,H2,DD","H1,H2,OOS,DD,CAGR"
A,SMALL,SMALLk80d06,SMALL,10.0,M,0,0,True,5.710868722565704,0.037528922614044724,0.3353469157615355,-0.358925414914226,0.513280322356344,0.18653302196837154,0.5598395292829267,0.21063135929403895,0.020130907146416632,-0.35892541491422625,"H1,H2","H1,H2,OOS,DD,CAGR"
A,SMALL,SMALLk80d06,SMALL,10.0,M,0,1,False,5.691792305100754,0.03705748957145372,0.3323028091160169,-0.34629434373554857,0.4078298620238582,0.2688653139018022,0.48276383536187173,0.24806389715424695,0.025571236812474973,-0.346294343735549,"H1,H2","H1,H2,OOS,DD,CAGR"
A,SMALL,SMALLk80d06,SMALL,10.0,M,0,2,False,5.704223466891145,0.026044879124006437,0.252084574609535,-0.38680158652184327,0.47481204962962537,0.0720072017758694,0.5053697938782695,0.11594873503367382,0.0061542890049608445,-0.3868015865218426,"H1,H2,DD","H1,H2,OOS,DD,CAGR"
A,SMALL,SMALLk80d06,SMALL,10.0,M,0,3,False,5.7415733976139345,0.019939308809630463,0.21051787855174514,-0.3985333444992182,0.42531532805180555,0.03550160152636686,0.3903356283611623,0.11399705996508125,0.005884892244275575,-0.3985333444992186,"H1,H2,DD","H1,H2,OOS,DD,CAGR"
A,SMALL,SMALLk80d06,SMALL,10.0,M,0,4,False,5.726172642429931,0.015086834928036863,0.17644963874771408,-0.4384075464847669,0.3586563563254148,0.034096379377660684,0.33264140794347674,0.09555535152209409,0.0029186872734723313,-0.438407546484768,"H1,H2,DD","H1,H2,OOS,DD,CAGR"
A,SMALL,SMALLk80d06,SMALL,10.0,6W,0,0,True,4.522912358758536,0.01657220829291428,0.18625148763533733,-0.42649037086986674,0.30135063993051125,0.10030832953389911,0.26975334302955023,0.14464212415762256,0.010412209315345589,-0.4264903708698665,"H1,H2,DD","H1,H2,OOS,DD,CAGR"
A,SMALL,SMALLk80d06,SMALL,10.0,6W,0,1,False,4.693096449161915,0.0021798923484470656,0.08784304462141079,-0.443073774382881,0.2631069910946518,-0.04408056504325635,0.2940932842132141,-0.01604203501907936,-0.014464222617727285,-0.4430737743828812,"H1,H2,DD","H1,H2,OOS,DD,CAGR"
A,SMALL,SMALLk80d06,SMALL,10.0,6W,0,2,False,4.545519972577153,0.013174750093813525,0.16334837788949577,-0.41418722861104373,0.3330834783517896,0.035476552827373824,0.34135048059950135,0.07421198502820475,-0.00042495847274759413,-0.4141872286110435,"H1,H2,DD","H1,H2,OOS,DD,CAGR"
A,SMALL,SMALLk80d06,SMALL,10.0,6W,0,3,False,4.540466850385103,0.0054134948497335245,0.10981311829279956,-0.42546487260503174,0.2830542081161963,-0.023680625841466192,0.3525894466634261,-0.013642715354073284,-0.013819979266907367,-0.4254648726050321,"H1,H2,DD","H1,H2,OOS,DD,CAGR"
A,SMALL,SMALLk80d06,SMALL,10.0,6W,0,4,False,4.5458105948527034,0.022422990379046492,0.2270309300265001,-0.4147880565977462,0.4681960578140977,0.04461026403541379,0.4124493848215197,0.1351370098179038,0.008944802082655023,-0.4147880565977463,"H1,H2,DD","H1,H2,OOS,DD,CAGR"
A,SMALL,SMALLk80d06,SMALL,10.0,6W,1,0,False,4.5322104518163275,0.031680208099469365,0.2901461720321424,-0.4032805302134346,0.5302323507101545,0.11199830037024902,0.510190735067323,0.18267948008439233,0.016324538084494744,-0.4032805302134346,"H1,H2,DD","H1,H2,OOS,DD,CAGR"
A,SMALL,SMALLk80d06,SMALL,10.0,6W,1,1,False,4.544950227843976,0.0342910151846787,0.30842258285152785,-0.38540490593790555,0.5385030769409787,0.13426418895474065,0.5253636733062701,0.20007910157376746,0.018978354859491287,-0.3854049059379039,"H1,H2,DD","H1,H2,OOS,DD,CAGR"
A,SMALL,SMALLk80d06,SMALL,10.0,6W,1,2,False,4.673988936446307,0.018806822113013322,0.20155004273565746,-0.42152439532757724,0.41818148481393463,0.0322337544058892,0.4738245443119054,0.05984936902249506,-0.0026589090283470895,-0.42152439532757746,"H1,H2,DD","H1,H2,OOS,DD,CAGR"
A,SMALL,SMALLk80d06,SMALL,10.0,6W,1,3,False,4.633022159078044,0.017646549180518445,0.1940615603270296,-0.35200629440930853,0.4050314224757025,0.02542454574572375,0.42760136803112175,0.06961256659438152,-0.0009705213405214463,-0.3520062944093094,"H1,H2","H1,H2,OOS,DD,CAGR"
A,SMALL,SMALLk80d06,SMALL,10.0,6W,1,4,False,4.615198952503123,0.00834293529457808,0.13010801038772596,-0.39185929948396614,0.3721792779365957,-0.06498814295452893,0.34654133758057193,0.013800583872729092,-0.00931033217696342,-0.3918592994839667,"H1,H2,DD","H1,H2,OOS,DD,CAGR"
A,SMALL,SMALLk80d06,SMALL,10.0,6W,2,0,False,4.583953883360578,0.013624066388452372,0.16711189320494993,-0.3388031393026957,0.3516002762987804,0.010389918205234935,0.3134431803918599,0.08564607431937672,0.0019424737199327247,-0.33880313930269446,"H1,H2","H1,H2,OOS,DD,CAGR"
A,SMALL,SMALLk80d06,SMALL,10.0,6W,2,1,False,4.600292589116413,0.028352975183226325,0.27099503257227403,-0.31019216269528016,0.37129090511892837,0.1860557517015081,0.38607068029221614,0.2069219282873771,0.01957870010342755,-0.31019216269527916,"H1,H2","H1,H2,OOS,DD,CAGR"
A,SMALL,SMALLk80d06,SMALL,10.0,6W,2,2,False,4.7003798167312985,0.026835914632212354,0.26006966605974025,-0.29649087254562045,0.318537041462701,0.21120547158675326,0.29490084917519294,0.24093148261813255,0.024617425242210667,-0.2964908725456201,"H1,H2","H1,H2,OOS,DD,CAGR"
A,SMALL,SMALLk80d06,SMALL,10.0,6W,2,3,False,4.683148224627463,0.028050084064865866,0.2675530752361245,-0.25989364832506334,0.2793010991398647,0.2590258317459583,0.17367688086182484,0.3203818810928666,0.036660680192285744,-0.259893648325063,"H1,H2","H1,H2,OOS,DD,CAGR"
A,SMALL,SMALLk80d06,SMALL,10.0,6W,2,4,False,4.588875283470771,0.04134037067850049,0.36528419315726773,-0.24320680510505177,0.3949523257276857,0.3401974196209345,0.2974718231075561,0.40448719349962303,0.04797471943366438,-0.24320680510505155,"H1,H2","H1,H2,OOS,DD,CAGR"
A,SMALL,SMALLk80d06,SMALL,10.0,6W,3,0,False,4.529792771230004,0.040223990413590816,0.35499151039787363,-0.2664190879416197,0.41584131116548323,0.30377965875962154,0.29559795327253385,0.38902541369754745,0.04628822344286854,-0.2664190879416196,"H1,H2","H1,H2,OOS,DD,CAGR"
A,SMALL,SMALLk80d06,SMALL,10.0,6W,3,1,False,4.608767479112815,0.05289329611489535,0.44439870100084566,-0.2722032135351262,0.5270534458409667,0.37648436122942674,0.44640940998264844,0.4441045460635139,0.05457644369353454,-0.27220321353512567,"H1,H2","H1,H2,OOS,DD,CAGR"
A,SMALL,SMALLk80d06,SMALL,10.0,6W,3,2,False,4.620024944199037,0.0441085457944157,0.3837454758324784,-0.28026010759640796,0.5372707988910246,0.2558895532848447,0.4758600349267437,0.3337237514025005,0.03812168821136619,-0.28026010759640796,"H1,H2","H1,H2,OOS,DD,CAGR"
A,SMALL,SMALLk80d06,SMALL,10.0,6W,3,3,False,4.615349070340622,0.03866027361935376,0.34396195105714916,-0.32185272138346066,0.5166762722726232,0.19815137485102707,0.44518409549017013,0.28807951846335306,0.03147475414668288,-0.3218527213834601,"H1,H2","H1,H2,OOS,DD,CAGR"
A,SMALL,SMALLk80d06,SMALL,10.0,6W,3,4,False,4.567176989832968,0.036495684488239144,0.3267882747569354,-0.3484499473212498,0.5881297825343875,0.1094891395547354,0.5049647406003839,0.22940520402773235,0.02303196509772154,-0.34844994732124857,"H1,H2","H1,H2,OOS,DD,CAGR"
A,SMALL,SMALLk80d06,SMALL,10.0,6W,4,0,False,4.49183699172021,0.05118267574664537,0.4282554098151626,-0.3557845546123589,0.60597114412161,0.282049612013716,0.5700212427582523,0.35063040133290113,0.041101593901623934,-0.35578455461235814,"H1,H2","H1,H2,OOS,DD,CAGR"
A,SMALL,SMALLk80d06,SMALL,10.0,6W,4,1,False,4.554075154590679,0.04211676059992042,0.3673682297570588,-0.38124213465680057,0.44011719274306477,0.30873999911827094,0.4233350052687322,0.33692210009802037,0.03883225854610517,-0.38124213465680057,"H1,H2,DD","H1,H2,OOS,DD,CAGR"
A,SMALL,SMALLk80d06,SMALL,10.0,6W,4,2,False,4.611111724272471,0.03934803930330322,0.3386829853102936,-0.42729905421925507,0.3932575091112013,0.30010637011195856,0.32289762363919267,0.348535221503345,0.04265492458617648,-0.4272990542192546,"H1,H2,DD","H1,H2,OOS,DD,CAGR"
A,SMALL,SMALLk80d06,SMALL,10.0,6W,4,3,False,4.623599182704751,0.045151256475103985,0.3788264300014192,-0.4132612514240196,0.41904679243443055,0.3520479451538456,0.33785602624556477,0.40198719613865386,0.050941521645898824,-0.41326125142401915,"H1,H2,DD","H1,H2,OOS,DD,CAGR"
A,SMALL,SMALLk80d06,SMALL,10.0,6W,4,4,False,4.532424352414868,0.022294216897709385,0.2249815194450728,-0.43041715304249295,0.40517961731400004,0.08873877260778312,0.2825479069461331,0.19648006287903405,0.018511076116731306,-0.4304171530424933,"H1,H2,DD","H1,H2,OOS,DD,CAGR"
A,SMALL,SMALLk80d06,SMALL,10.0,6W,5,0,False,4.473260241628526,0.0394163030489072,0.3401712586115416,-0.41593017216604133,0.47167103504594715,0.24046570680424786,0.38289998697612126,0.3190500429423645,0.03767854649701752,-0.4159301721660412,"H1,H2,DD","H1,H2,OOS,DD,CAGR"
A,SMALL,SMALLk80d06,SMALL,10.0,6W,5,1,False,4.627255919962047,0.048791951996539185,0.40075561120015507,-0.36229922638823253,0.5238000410798079,0.3096150443475121,0.4607030627515595,0.37102271585857954,0.04620157812303982,-0.36229922638823375,"H1,H2,DD","H1,H2,OOS,DD,CAGR"
A,SMALL,SMALLk80d06,SMALL,10.0,6W,5,2,False,4.59439776719356,0.03963644674965239,0.34051427594993977,-0.3685149626753119,0.47767952814567904,0.2418999010928174,0.4021262184693999,0.3112381682599346,0.036854379767731205,-0.36851496267531203,"H1,H2,DD","H1,H2,OOS,DD,CAGR"
A,SMALL,SMALLk80d06,SMALL,10.0,6W,5,3,False,4.572101598965322,0.029441520796042564,0.2728520866213967,-0.3955054504506974,0.3632753999223644,0.20580456395548552,0.35184882793021827,0.23298860527277468,0.024242247394556493,-0.3955054504506976,"H1,H2,DD","H1,H2,OOS,DD,CAGR"
A,SMALL,SMALLk80d06,SMALL,10.0,6W,5,4,False,4.596546064721229,0.014151789323403996,0.16968318150008888,-0.4332116211537551,0.29692489384993875,0.07431972296187067,0.29463264207421347,0.1069239884717514,0.004502766351949017,-0.43321162115375467,"H1,H2,DD","H1,H2,OOS,DD,CAGR"
A,SMALL,SMALLk80d06,SMALL,10.0,Q,0,0,True,2.652121123534258,0.031021222234515644,0.28295836236951694,-0.41573878943644793,0.401784806874647,0.18889486624674037,0.3679886590554181,0.23820347881534887,0.02497277461739289,-0.4157387894364477,"H1,H2,DD","H1,H2,OOS,DD,CAGR"
A,SMALL,SMALLk80d06,SMALL,10.0,Q,0,1,False,2.7092023625611543,0.015840399388843407,0.18127900800100724,-0.4266334809205361,0.23882970516780816,0.13606613011014376,0.22465813132903137,0.15841268336869516,0.012533632129978045,-0.4266334809205361,"H1,H2,DD","H1,H2,OOS,DD,CAGR"
A,SMALL,SMALLk80d06,SMALL,10.0,Q,0,2,False,2.664144238780192,0.021667157613725507,0.21985847738880876,-0.4078223250131776,0.30783483043571197,0.15089439947929528,0.3163863344162049,0.16893536797900927,0.014191520401999114,-0.40782232501317817,"H1,H2,DD","H1,H2,OOS,DD,CAGR"
A,SMALL,SMALLk80d06,SMALL,10.0,Q,0,3,False,2.712547456694517,0.015239762234998455,0.17734055488272887,-0.4362220066526844,0.27528580167193706,0.09879997448326151,0.3087334919373797,0.10704769875862669,0.0047044515998457825,-0.4362220066526846,"H1,H2,DD","H1,H2,OOS,DD,CAGR"
A,SMALL,SMALLk80d06,SMALL,10.0,Q,0,4,False,2.7101475366561574,0.005095713621791953,0.10762013648869519,-0.4506775944683604,0.22522911083117797,0.011913538885300085,0.2584720953290272,0.02632822669889493,-0.007433893342710274,-0.45067759446836,"H1,H2,DD","H1,H2,OOS,DD,CAGR"
A,SMALL,SMALLk80d07,SMALL,10.0,D,0,0,True,24.811205094402936,-0.00028370454716952764,0.06140522754721047,-0.35679219013186214,0.12388409487806969,0.011772819610730966,0.04325615365361053,0.07119555632419274,0.0005221784434805699,-0.3567921901318609,"H1,H2","H1,H2,OOS,DD,CAGR"
A,SMALL,SMALLk80d07,SMALL,10.0,2D,0,0,True,17.373169639543107,0.020507672393222265,0.22270930853335713,-0.30226236482260294,0.294302890868315,0.16749352842787696,0.23983490212644593,0.21477386407482393,0.020109960031841734,-0.3022623648226037,"H1,H2","H1,H2,OOS,DD,CAGR"
A,SMALL,SMALLk80d07,SMALL,10.0,2D,1,0,False,17.565768190698893,0.009577611870642322,0.13858156316967166,-0.3409033284652092,0.2341766771894822,0.06301835324576427,0.1440912545529564,0.13627001040571785,0.00931682279894952,-0.340903328465208,"H1,H2","H1,H2,OOS,DD,CAGR"
A,SMALL,SMALLk80d07,SMALL,10.0,W,0,0,True,11.143149864508912,0.023693566305876157,0.24639802034746547,-0.2725534850511474,0.30021268997151923,0.20502903418474994,0.22667198639417507,0.25779922784075526,0.026076599167989878,-0.2725534850511454,"H1,H2","H1,H2,OOS,DD,CAGR"
A,SMALL,SMALLk80d07,SMALL,10.0,W,0,1,False,11.223155904184825,0.014091269399212791,0.17354517121819035,-0.3022190304094279,0.33683602162979515,0.041755284520574226,0.2556714245407379,0.13055089509312465,0.008537141630634792,-0.30221903040942966,"H1,H2","H1,H2,OOS,DD,CAGR"
A,SMALL,SMALLk80d07,SMALL,10.0,W,0,2,False,11.111152499278104,0.01675961009214788,0.19262467221633128,-0.30894905390686356,0.30381842322067876,0.10642571623501773,0.25436170139613834,0.16121202442797786,0.012801751286401375,-0.308949053906865,"H1,H2","H1,H2,OOS,DD,CAGR"
A,SMALL,SMALLk80d07,SMALL,10.0,W,0,3,False,11.10303370673202,0.019490786022782425,0.21311829161961607,-0.32129548057556245,0.3477482638379822,0.10728979020853475,0.2903771426538317,0.17366435551533557,0.014552267956932985,-0.32129548057556423,"H1,H2","H1,H2,OOS,DD,CAGR"
A,SMALL,SMALLk80d07,SMALL,10.0,W,0,4,False,11.16273581065008,0.030055010690724027,0.29263838950126425,-0.2931596239079238,0.38775631692316986,0.2192903600488531,0.3475497174017477,0.26496679662201356,0.027349061976287947,-0.2931596239079225,"H1,H2","H1,H2,OOS,DD,CAGR"
A,SMALL,SMALLk80d07,SMALL,10.0,2W,0,0,True,7.930748419613449,0.023585580730337785,0.2441633731367982,-0.35014498817553485,0.3942870848052216,0.12442043986764317,0.358852678142688,0.18397227890999204,0.01594056234591279,-0.35014498817553574,"H1,H2","H1,H2,OOS,DD,CAGR"
A,SMALL,SMALLk80d07,SMALL,10.0,2W,0,1,False,7.993357708533597,0.021567414608973268,0.2293268664365868,-0.34492770573213116,0.3659959457047435,0.11973143857512096,0.3200558094647789,0.18163211675637717,0.015588365339081811,-0.3449277057321316,"H1,H2","H1,H2,OOS,DD,CAGR"
A,SMALL,SMALLk80d07,SMALL,10.0,2W,0,2,False,8.050003272250242,0.023709098581887078,0.24363632032412524,-0.3085097886714596,0.30772195206031966,0.19458046338435814,0.26620228013570063,0.23262550596830234,0.022939998041893617,-0.30850978867145773,"H1,H2","H1,H2,OOS,DD,CAGR"
A,SMALL,SMALLk80d07,SMALL,10.0,2W,0,3,False,7.958085066450457,0.03177343484019235,0.30083278928031143,-0.27047985369815597,0.3789628460780595,0.24057526042544644,0.3043496067385603,0.30009596202561195,0.03288628222784773,-0.27047985369815564,"H1,H2","H1,H2,OOS,DD,CAGR"
A,SMALL,SMALLk80d07,SMALL,10.0,2W,0,4,False,8.037796946345905,0.029491942577901886,0.2845509266137792,-0.2943285476212877,0.4427334062536718,0.15996683486165636,0.4029377252478801,0.22255252402498965,0.02161948417964954,-0.2943285476212877,"H1,H2","H1,H2,OOS,DD,CAGR"
A,SMALL,SMALLk80d07,SMALL,10.0,2W,1,0,False,8.107290574493168,0.02821428222489919,0.27713332084720543,-0.3146293839259029,0.3364379365267658,0.23172092836622218,0.25926669877605674,0.28764688203814437,0.030723007151632897,-0.3146293839259038,"H1,H2","H1,H2,OOS,DD,CAGR"
A,SMALL,SMALLk80d07,SMALL,10.0,2W,1,1,False,8.041587797066382,0.02263395332331153,0.23611138893688707,-0.33289571095737247,0.3759261535144571,0.1262403909134036,0.2865991536326791,0.21055249433158849,0.019781552521466184,-0.3328957109573719,"H1,H2","H1,H2,OOS,DD,CAGR"
A,SMALL,SMALLk80d07,SMALL,10.0,2W,1,2,False,7.908534551791185,0.02669477382564578,0.2649879703536808,-0.3623779562650339,0.45231559282820544,0.11861608637039014,0.42439048203369956,0.1826219995551502,0.015891486117273645,-0.36237795626503333,"H1,H2,DD","H1,H2,OOS,DD,CAGR"
A,SMALL,SMALLk80d07,SMALL,10.0,2W,1,3,False,7.970241191086241,0.022160700538970346,0.23261397979256593,-0.35481571195123396,0.3068506174146251,0.17585191321959437,0.2512629045051943,0.22387264761517317,0.02168047778109128,-0.3548157119512344,"H1,H2","H1,H2,OOS,DD,CAGR"
A,SMALL,SMALLk80d07,SMALL,10.0,2W,1,4,False,8.022410125863066,0.024336348427945298,0.2488961594074393,-0.33395448670971517,0.4297210780705655,0.10676780167472025,0.38101953966099866,0.1807018610643501,0.01555832994727635,-0.3339544867097134,"H1,H2","H1,H2,OOS,DD,CAGR"
A,SMALL,SMALLk80d07,SMALL,10.0,M,0,0,True,5.369185958977614,0.02839690669310513,0.27422373649699133,-0.417832699120978,0.5869704220010364,0.027808491287893623,0.5870076238011861,0.11311239941238115,0.0059148278760539075,-0.4178326991209773,"H1,H2,DD","H1,H2,OOS,DD,CAGR"
A,SMALL,SMALLk80d07,SMALL,10.0,M,0,1,False,5.320906702965771,0.02422107354712577,0.24568198250383907,-0.4103481919030446,0.5033335240147988,0.04495299438949829,0.5189439554561437,0.10685215643097606,0.0050558388639387886,-0.41034819190304406,"H1,H2,DD","H1,H2,OOS,DD,CAGR"
A,SMALL,SMALLk80d07,SMALL,10.0,M,0,2,False,5.450875942183585,0.020790489973536053,0.21976746572138722,-0.4308827239673514,0.3661735500137363,0.10731547680667235,0.36416031641497415,0.14695440366900786,0.010826689939055889,-0.4308827239673523,"H1,H2,DD","H1,H2,OOS,DD,CAGR"
A,SMALL,SMALLk80d07,SMALL,10.0,M,0,3,False,5.438899143802789,0.02324928295732387,0.23562865513061754,-0.46482908534177414,0.4420654768114479,0.07595497440754205,0.44036004769952225,0.12936449499596367,0.008223521762136032,-0.46482908534177547,"H1,H2,DD","H1,H2,OOS,DD,CAGR"
A,SMALL,SMALLk80d07,SMALL,10.0,M,0,4,False,5.542719300771907,0.01854052956556229,0.2007826232989893,-0.5131878209529004,0.47289010668388026,-0.002095842307235373,0.5037395947586908,0.04827541619932531,-0.004255284452850283,-0.5131878209528994,"H1,H2,DD","H1,H2,OOS,DD,CAGR"
A,SMALL,SMALLk80d07,SMALL,10.0,6W,0,0,True,4.351673833863277,0.023785979280980918,0.23792814232644138,-0.45938752015633477,0.40434338280783305,0.11640500806942101,0.3222784391867417,0.1977262419488767,0.01855136175668526,-0.4593875201563331,"H1,H2,DD","H1,H2,OOS,DD,CAGR"
A,SMALL,SMALLk80d07,SMALL,10.0,6W,0,1,False,4.386529597224612,0.04070314907695294,0.3552397982110695,-0.4145426213306478,0.45004108738521864,0.288098049097603,0.3547107179498944,0.3579269146731735,0.04328547638982694,-0.41454262133064734,"H1,H2,DD","H1,H2,OOS,DD,CAGR"
A,SMALL,SMALLk80d07,SMALL,10.0,6W,0,2,False,4.433716619733701,0.035623839665611,0.3203191380883459,-0.42869595204568056,0.4536199917325217,0.2250200343581414,0.3233554454952773,0.3215094713581824,0.03778276320533913,-0.4286959520456791,"H1,H2,DD","H1,H2,OOS,DD,CAGR"
A,SMALL,SMALLk80d07,SMALL,10.0,6W,0,3,False,4.434674233370206,0.029229455073486843,0.27571309974584124,-0.42463051838753996,0.4981530788456652,0.11506500037336011,0.4018340179805569,0.2168382763916151,0.02156716268204084,-0.42463051838753996,"H1,H2,DD","H1,H2,OOS,DD,CAGR"
A,SMALL,SMALLk80d07,SMALL,10.0,6W,0,4,False,4.4165861782266616,0.032966676899483405,0.30090147317974975,-0.4331027671350932,0.6052485195505636,0.07691386010778395,0.5185674027190539,0.195261180436341,0.018201073647272636,-0.43310276713509255,"H1,H2,DD","H1,H2,OOS,DD,CAGR"
A,SMALL,SMALLk80d07,SMALL,10.0,6W,1,0,False,4.392587745460398,0.037570731211806985,0.33413563168649096,-0.4259979236463183,0.5944581350075264,0.14718249602268796,0.5721084297223407,0.21986917169847858,0.021945211919120133,-0.4259979236463184,"H1,H2,DD","H1,H2,OOS,DD,CAGR"
A,SMALL,SMALLk80d07,SMALL,10.0,6W,1,1,False,4.51705747521049,0.03491787303042271,0.3142659871698003,-0.43149144802829686,0.6174995773870453,0.09466948317318608,0.6078132432412272,0.17233869313645864,0.014675850919031896,-0.4314914480282971,"H1,H2,DD","H1,H2,OOS,DD,CAGR"
A,SMALL,SMALLk80d07,SMALL,10.0,6W,1,2,False,4.44346729773421,0.032382012141009,0.29618352450584373,-0.45412581176130984,0.5571130939663982,0.10829948895202475,0.4590326488480393,0.2184852505755308,0.021856593446133443,-0.45412581176131017,"H1,H2,DD","H1,H2,OOS,DD,CAGR"
A,SMALL,SMALLk80d07,SMALL,10.0,6W,1,3,False,4.3662202232283915,0.033238484322045236,0.30561369205706657,-0.4064751617582174,0.5606770206676946,0.11847373341362188,0.49243204608385893,0.21451009651989375,0.02098098608948562,-0.4064751617582182,"H1,H2,DD","H1,H2,OOS,DD,CAGR"
A,SMALL,SMALLk80d07,SMALL,10.0,6W,1,4,False,4.303591378581103,0.03374197466543083,0.30996821829712196,-0.40087298016366024,0.5597630207589621,0.12184778455189146,0.5258394964910085,0.20122666140245235,0.01887417101577271,-0.4008729801636598,"H1,H2,DD","H1,H2,OOS,DD,CAGR"
A,SMALL,SMALLk80d07,SMALL,10.0,6W,2,0,False,4.294119982169336,0.03086439438375055,0.2942274168310923,-0.3339393081310055,0.5606025895190987,0.09128290148313918,0.46105777232051764,0.21019872240535428,0.019961735399435687,-0.3339393081310058,"H1,H2","H1,H2,OOS,DD,CAGR"
A,SMALL,SMALLk80d07,SMALL,10.0,6W,2,1,False,4.288976117210825,0.04072134249917814,0.3660954504867475,-0.37236009330860564,0.5715566383659124,0.2121348855989063,0.5556886670646463,0.2717504528546673,0.028926595295923452,-0.372360093308606,"H1,H2,DD","H1,H2,OOS,DD,CAGR"
A,SMALL,SMALLk80d07,SMALL,10.0,6W,2,2,False,4.356267152793329,0.036079078917703455,0.3314819323092346,-0.3422764180369703,0.41340861849722593,0.27201258378414866,0.4098524026018154,0.2929668854431103,0.03210805232701941,-0.3422764180369696,"H1,H2","H1,H2,OOS,DD,CAGR"
A,SMALL,SMALLk80d07,SMALL,10.0,6W,2,3,False,4.364831891345729,0.0302513664944275,0.28837936678958437,-0.3289014212349253,0.3596067792914151,0.23484567053541058,0.31653159106390977,0.27458487166824386,0.029367512498097437,-0.32890142123492505,"H1,H2","H1,H2,OOS,DD,CAGR"
A,SMALL,SMALLk80d07,SMALL,10.0,6W,2,4,False,4.382409534453037,0.026702470682509638,0.2623073456977383,-0.3491323927048212,0.37643458821899045,0.17261252283784434,0.33873208148128303,0.22238351630445002,0.02175966255214412,-0.3491323927048199,"H1,H2","H1,H2,OOS,DD,CAGR"
A,SMALL,SMALLk80d07,SMALL,10.0,6W,3,0,False,4.4026360626065895,0.024730052256734414,0.24857351481942175,-0.28642728595109135,0.23550379490903456,0.26138524355188153,0.18035669984586883,0.2864595744554913,0.030908482546908367,-0.2864272859510907,"H1,H2","H1,H2,OOS,DD,CAGR"
A,SMALL,SMALLk80d07,SMALL,10.0,6W,3,1,False,4.4533784798927405,0.02648542893509953,0.2622180255815258,-0.3431915091724195,0.3127359788253503,0.2232629028016571,0.27012920213759434,0.25861550102977454,0.026765272293538978,-0.3431915091724189,"H1,H2","H1,H2,OOS,DD,CAGR"
A,SMALL,SMALLk80d07,SMALL,10.0,6W,3,2,False,4.478119510760691,0.02682468474686428,0.2626412194542376,-0.3800560778177844,0.32512955906028135,0.21564195222960017,0.3485062899166338,0.21802043902819804,0.021193252171252563,-0.3800560778177834,"H1,H2,DD","H1,H2,OOS,DD,CAGR"
A,SMALL,SMALLk80d07,SMALL,10.0,6W,3,3,False,4.408250349943827,0.02904553568374091,0.27949335348005466,-0.35801180334848526,0.22534983659857358,0.32577855875159145,0.23019787163313943,0.30668890687934064,0.03413237194024932,-0.3536073359465052,"H1,H2","H1,H2,OOS,DD,CAGR"
A,SMALL,SMALLk80d07,SMALL,10.0,6W,3,4,False,4.478520143004281,0.026873911456348543,0.26399939739805156,-0.36968787624546273,0.24010810745253253,0.28596220909478254,0.28302237329417373,0.25482713797710005,0.02646094812861355,-0.3696878762454634,"H1,H2,DD","H1,H2,OOS,DD,CAGR"
A,SMALL,SMALLk80d07,SMALL,10.0,6W,4,0,False,4.406772633813697,0.022504819284622002,0.2324499956766896,-0.4287856426287462,0.29126436613822804,0.18765486603851553,0.30911106042673453,0.1922496846032642,0.017349167448609037,-0.4287856426287464,"H1,H2,DD","H1,H2,OOS,DD,CAGR"
A,SMALL,SMALLk80d07,SMALL,10.0,6W,4,1,False,4.472876865968725,0.017779012631393476,0.19798587542018228,-0.43894562695766026,0.24932825268091569,0.1577773238069956,0.19058015004604817,0.20256278320771182,0.01883352798321236,-0.4389456269576604,"H1,H2,DD","H1,H2,OOS,DD,CAGR"
A,SMALL,SMALLk80d07,SMALL,10.0,6W,4,2,False,4.525528754854241,0.018332379415525013,0.20109875120690188,-0.40550781152967674,0.3241631986114623,0.1034767884366737,0.24198457921090824,0.17978542904878095,0.015628884655461972,-0.40550781152967685,"H1,H2,DD","H1,H2,OOS,DD,CAGR"
A,SMALL,SMALLk80d07,SMALL,10.0,6W,4,3,False,4.514451413565011,0.034601365211640145,0.31332463696203855,-0.44902357678494464,0.48199019410957544,0.18015225689628825,0.4049399018535336,0.26527944447227336,0.028560044733977996,-0.4490235767849443,"H1,H2,DD","H1,H2,OOS,DD,CAGR"
A,SMALL,SMALLk80d07,SMALL,10.0,6W,4,4,False,4.457972741779013,0.01940465267253977,0.20636992544357236,-0.524464743085435,0.47320939776218335,0.004245151177054911,0.45034872037492685,0.08255425687401985,0.0008911296430709204,-0.5244647430854352,"H1,H2,DD","H1,H2,OOS,DD,CAGR"
A,SMALL,SMALLk80d07,SMALL,10.0,6W,5,0,False,4.501521276843494,0.018823359995477462,0.20306307924558264,-0.48316570864592756,0.36755303731617356,0.07901244146107393,0.28234556267740296,0.16358640661671112,0.013314479391390632,-0.4831657086459279,"H1,H2,DD","H1,H2,OOS,DD,CAGR"
A,SMALL,SMALLk80d07,SMALL,10.0,6W,5,1,False,4.484488333952284,0.030269837969215896,0.28291360542382166,-0.456249679400362,0.4060157597675667,0.19350548216841043,0.32611896575913624,0.2631466552907835,0.02861364649953435,-0.456249679400361,"H1,H2,DD","H1,H2,OOS,DD,CAGR"
A,SMALL,SMALLk80d07,SMALL,10.0,6W,5,2,False,4.387381785304491,0.03733494694584438,0.3321738452314597,-0.4800635797031272,0.5274285583610614,0.18949288256261967,0.4645639525084545,0.26858562428088534,0.029434794779907403,-0.4800635797031275,"H1,H2,DD","H1,H2,OOS,DD,CAGR"
A,SMALL,SMALLk80d07,SMALL,10.0,6W,5,3,False,4.453348445104966,0.03412233669008269,0.30800933847817785,-0.49664562385656075,0.46355752870527334,0.19511932409540828,0.3872217686948575,0.2703434030445723,0.02989052171954487,-0.4966456238565614,"H1,H2,DD","H1,H2,OOS,DD,CAGR"
A,SMALL,SMALLk80d07,SMALL,10.0,6W,5,4,False,4.43431092284546,0.027668343974726506,0.2642573366891553,-0.45864791580055486,0.5228720357439878,0.07478726185397361,0.46496012761126143,0.16661447719943845,0.013790630449779462,-0.4586479158005533,"H1,H2,DD","H1,H2,OOS,DD,CAGR"
A,SMALL,SMALLk80d07,SMALL,10.0,Q,0,0,True,2.623178495309766,0.03593022395069201,0.31811842074610447,-0.4609357698550519,0.43452798137002063,0.23506823267805746,0.2879083416965083,0.3354899528794294,0.04045909248940838,-0.46093576985505225,"H1,H2,DD","H1,H2,OOS,DD,CAGR"
A,SMALL,SMALLk80d07,SMALL,10.0,Q,0,1,False,2.684852417867277,0.03244185274030498,0.295854304277578,-0.48436456280085016,0.3927506009910811,0.22613347548061893,0.30330054937695605,0.29388508983392514,0.03359721335514809,-0.4843645628008505,"H1,H2,DD","H1,H2,OOS,DD,CAGR"
A,SMALL,SMALLk80d07,SMALL,10.0,Q,0,2,False,2.66667891308908,0.03278704688576162,0.2984023152573687,-0.4786539520333839,0.2840568510318928,0.31445002399957095,0.14870615302497228,0.37479126593521894,0.04663551819379563,-0.4786539520333837,"H1,H2,DD","H1,H2,OOS,DD,CAGR"
A,SMALL,SMALLk80d07,SMALL,10.0,Q,0,3,False,2.651649074639641,0.04200971027164768,0.36395393478296795,-0.47629945729537226,0.4310702646950085,0.3184988280083561,0.29742109687675977,0.3999067719312272,0.0499586635110838,-0.47629945729537226,"H1,H2,DD","H1,H2,OOS,DD,CAGR"
A,SMALL,SMALLk80d07,SMALL,10.0,Q,0,4,False,2.5576737588226215,0.0493897179578513,0.4191531483144716,-0.44362133791442504,0.4812048698866964,0.37730613884960024,0.3670412774387308,0.4482595812239299,0.056570236783631156,-0.44362133791442515,"H1,H2,DD","H1,H2,OOS,DD,CAGR"
A,SMALL,SMALLk80d08,SMALL,10.0,D,0,0,True,26.495053190160327,0.029125053581163796,0.28511070635139685,-0.27000293081178073,0.09051669203382193,0.451818599280965,0.14896772801111524,0.3609797647660878,0.04062894489426161,-0.27000293081178006,H1,"H1,H2,OOS,DD,CAGR"
A,SMALL,SMALLk80d08,SMALL,10.0,2D,0,0,True,18.385096672845247,0.044096836750745494,0.39484341340780643,-0.24858332783921722,0.1900674855918503,0.5706509810675608,0.26705005223742334,0.4663507626953872,0.0557739494741889,-0.24858332783921555,H1,"H1,H2,OOS,DD,CAGR"
A,SMALL,SMALLk80d08,SMALL,10.0,2D,1,0,False,18.53553311971019,0.03851328844490043,0.3549108722952332,-0.24754466421061405,0.1370757780491042,0.5423165934503297,0.23747829833140208,0.42085892977894496,0.04900510404295533,-0.24754466421061327,H1,"H1,H2,OOS,DD,CAGR"
A,SMALL,SMALLk80d08,SMALL,10.0,W,0,0,True,11.813805738226634,0.04501053830425983,0.4012299657296401,-0.2525099661547302,0.22027053300674176,0.5582036138138274,0.34948505999277696,0.430717862325908,0.05064216464559945,-0.2122730700372104,H1,"H1,H2,OOS,DD,CAGR"
A,SMALL,SMALLk80d08,SMALL,10.0,W,0,1,False,11.799283880842689,0.04436320717018538,0.3974756677895459,-0.22526412554743436,0.2164460577481347,0.5545440713758197,0.3750910048836796,0.410618116137542,0.047480707163450875,-0.22526412554743447,H1,"H1,H2,OOS,DD,CAGR"
A,SMALL,SMALLk80d08,SMALL,10.0,W,0,2,False,11.68654720211749,0.050073256708015546,0.43463854590001666,-0.2305873747915217,0.12955199034090867,0.697388592347425,0.21535143983210284,0.5582148647762817,0.06958148132736541,-0.20255638585145597,H1,"H1,H2,OOS,DD,CAGR"
A,SMALL,SMALLk80d08,SMALL,10.0,W,0,3,False,11.722439728165,0.04983560167267931,0.4319880116207284,-0.22408391226569913,0.24710722872191157,0.5928854586749434,0.30556527573277015,0.5034655242957263,0.06174564955263673,-0.21982797641399898,H1,"H1,H2,OOS,DD,CAGR"
A,SMALL,SMALLk80d08,SMALL,10.0,W,0,4,False,11.921026663916898,0.0471547817547584,0.41341037000344133,-0.2354169581999248,0.151856655810138,0.6395824183501654,0.24427093752908513,0.5084447604031463,0.06243307424778721,-0.21978991734986708,H1,"H1,H2,OOS,DD,CAGR"
A,SMALL,SMALLk80d08,SMALL,10.0,2W,0,0,True,8.311192730373596,0.0534448083119361,0.45839604950657936,-0.23908067092276142,0.29168672914843446,0.60531811754846,0.42803089600079014,0.47612520764299443,0.05749666894584071,-0.23769393004331096,H1,"H1,H2,OOS,DD,CAGR"
A,SMALL,SMALLk80d08,SMALL,10.0,2W,0,1,False,8.37114927953057,0.044300827568607204,0.39157620010619004,-0.2534794009154665,0.2796969673505367,0.4897583584066018,0.468007264756811,0.3485434446911013,0.039232823172873355,-0.25347940091546706,H1,"H1,H2,OOS,DD,CAGR"
A,SMALL,SMALLk80d08,SMALL,10.0,2W,0,2,False,8.23236817497008,0.053687951646940846,0.45876776304110045,-0.22552725229150827,0.2541313613984221,0.6342912003309489,0.3336776943855019,0.5289259976132576,0.06583257228071449,-0.209229679601883,H1,"H1,H2,OOS,DD,CAGR"
A,SMALL,SMALLk80d08,SMALL,10.0,2W,0,3,False,8.186727089461415,0.055647809870260634,0.47221993440175447,-0.2088126816414354,0.2752757046234195,0.6413060307694868,0.38592436956024107,0.5206902514617943,0.06484291738850567,-0.2088126816414353,H1,"H1,H2,OOS,DD,CAGR"
A,SMALL,SMALLk80d08,SMALL,10.0,2W,0,4,False,8.314180117739069,0.0501921139801369,0.4334880662803898,-0.23920055289826192,0.21314145573852142,0.6219578138570662,0.3154134036380987,0.49919695895240723,0.061695754952719506,-0.2197494862562982,H1,"H1,H2,OOS,DD,CAGR"
A,SMALL,SMALLk80d08,SMALL,10.0,2W,1,0,False,8.409825205402043,0.04355428789910043,0.3879706079491022,-0.2847557619927955,0.21337617532015088,0.5379537406544737,0.3132746867207893,0.4298921661163868,0.05111491503277521,-0.26152306144722903,H1,"H1,H2,OOS,DD,CAGR"
A,SMALL,SMALLk80d08,SMALL,10.0,2W,1,1,False,8.384428296968323,0.045051276998125056,0.39963138434194106,-0.22833852950462297,0.18016146865663005,0.5884727353435445,0.2405834741679155,0.4884310799404183,0.05937573053059508,-0.22833852950462252,H1,"H1,H2,OOS,DD,CAGR"
A,SMALL,SMALLk80d08,SMALL,10.0,2W,1,2,False,8.42405543052818,0.04379834360089152,0.38513103904461843,-0.27976368040320665,0.13915652202501355,0.5952787322325381,0.22614810725802628,0.47363543684733295,0.05832551594341595,-0.2384497509452389,H1,"H1,H2,OOS,DD,CAGR"
A,SMALL,SMALLk80d08,SMALL,10.0,2W,1,3,False,8.491681149987455,0.04273705774289738,0.37844210530979455,-0.216574924378648,0.2219335549980522,0.5155678239267073,0.30809446457915574,0.4186824587645558,0.049700028041608,-0.20638791917784505,H1,"H1,H2,OOS,DD,CAGR"
A,SMALL,SMALLk80d08,SMALL,10.0,2W,1,4,False,8.442759552825859,0.04585648881470261,0.3998211720362341,-0.2972736049166669,0.23596283352741554,0.5424076982763902,0.38608815829572907,0.4081340225411963,0.04843322378193249,-0.27565045951889,H1,"H1,H2,OOS,DD,CAGR"
A,SMALL,SMALLk80d08,SMALL,10.0,M,0,0,True,5.5747437964232,0.052186341839607575,0.44114523205745365,-0.23713655769738473,0.36209172792013994,0.5115812983671741,0.47466466499563975,0.42265695891823846,0.05083668949515019,-0.2371365576973845,H1,"H1,H2,OOS,DD,CAGR"
A,SMALL,SMALLk80d08,SMALL,10.0,M,0,1,False,5.642114055494748,0.05607670464018222,0.46653062474608337,-0.28591535447192784,0.3550672370694565,0.56417095448115,0.505597048900781,0.44546477925793276,0.05466459870943052,-0.26836277874054537,H1,"H1,H2,OOS,DD,CAGR"
A,SMALL,SMALLk80d08,SMALL,10.0,M,0,2,False,5.6282147286063715,0.048938699619150317,0.4167801275132385,-0.2948960629357097,0.3629739483454614,0.4649815546446327,0.4682623550165808,0.3884990846841403,0.04613466308886771,-0.2948960629357076,H1,"H1,H2,OOS,DD,CAGR"
A,SMALL,SMALLk80d08,SMALL,10.0,M,0,3,False,5.577351596511879,0.05182389423107825,0.4376353575465462,-0.34987344147115296,0.41406165879736817,0.4602572065464687,0.4877493785950007,0.4105907827213997,0.04944617361201309,-0.34987344147115373,H1,"H1,H2,OOS,DD,CAGR"
A,SMALL,SMALLk80d08,SMALL,10.0,M,0,4,False,5.606758122512571,0.04271944077995471,0.36624013356117796,-0.39343239967957033,0.38678598113840557,0.35406815763277366,0.4654655118192065,0.3159627014240089,0.03675939736207412,-0.393432399679571,"H1,H2,DD","H1,H2,OOS,DD,CAGR"
A,SMALL,SMALLk80d08,SMALL,10.0,6W,0,0,True,4.52854747123141,0.0394954398058629,0.3426853237606546,-0.35729300119296914,0.3307689632224123,0.3561534749666461,0.41225575928550096,0.3076931944263888,0.035664158864120665,-0.35729300119296814,"H1,H2","H1,H2,OOS,DD,CAGR"
A,SMALL,SMALLk80d08,SMALL,10.0,6W,0,1,False,4.475547335635748,0.04931496685049375,0.40797014743971977,-0.3400707895729802,0.4520929980803746,0.3790739419508119,0.5036986163928677,0.36091322968674844,0.04428376438854831,-0.34007078957297987,"H1,H2","H1,H2,OOS,DD,CAGR"
A,SMALL,SMALLk80d08,SMALL,10.0,6W,0,2,False,4.455369949919195,0.05517486159162388,0.44788193601047976,-0.3417418479803792,0.44450778232841776,0.45683284111004335,0.4517797063472162,0.4485612132716431,0.058289481657389564,-0.3417418479803792,H1,"H1,H2,OOS,DD,CAGR"
A,SMALL,SMALLk80d08,SMALL,10.0,6W,0,3,False,4.561848335891413,0.04687233504859356,0.392866658549025,-0.33587279512403145,0.4769320153877729,0.33280547610481703,0.5117825824901476,0.3355878451052055,0.040308383202030784,-0.33587279512403156,"H1,H2","H1,H2,OOS,DD,CAGR"
A,SMALL,SMALLk80d08,SMALL,10.0,6W,0,4,False,4.55251482027273,0.04233157153790312,0.3634247834932386,-0.3431664655326443,0.5307712491743324,0.23659751641068033,0.5177275530563786,0.28659883192741686,0.03235699777398082,-0.34316646553264396,"H1,H2","H1,H2,OOS,DD,CAGR"
A,SMALL,SMALLk80d08,SMALL,10.0,6W,1,0,False,4.492424592350532,0.05390931075848404,0.4428175796762522,-0.33315711654737346,0.5844675187109696,0.33736193331884695,0.5753887350306766,0.3777713559212668,0.04653702614035016,-0.3331571165473757,"H1,H2","H1,H2,OOS,DD,CAGR"
A,SMALL,SMALLk80d08,SMALL,10.0,6W,1,1,False,4.538219107083282,0.055933959751070406,0.4532879310514533,-0.3387905279727287,0.49359100787122956,0.42729456821357814,0.45423612419297976,0.4554747579854714,0.059328732805314255,-0.33879052797272946,H1,"H1,H2,OOS,DD,CAGR"
A,SMALL,SMALLk80d08,SMALL,10.0,6W,1,2,False,4.655744227822072,0.047296829613328484,0.3922560809135648,-0.3868392562356465,0.3811532650962818,0.405416254105202,0.39235580981273355,0.39389183899367797,0.04965766072565736,-0.38683925623564597,"H1,DD","H1,H2,OOS,DD,CAGR"
A,SMALL,SMALLk80d08,SMALL,10.0,6W,1,3,False,4.573214533209022,0.03358630749866243,0.30271234816964276,-0.34294775427822854,0.3107164892403744,0.2992878087367874,0.344936377372481,0.2813956988902925,0.03148628919334118,-0.342947754278228,"H1,H2","H1,H2,OOS,DD,CAGR"
A,SMALL,SMALLk80d08,SMALL,10.0,6W,1,4,False,4.619230511363267,0.04193700296103464,0.357571419981811,-0.3776037955166569,0.3324771336073489,0.3812596936797022,0.3732549235329571,0.3503347798782542,0.04237530192007011,-0.377603795516658,"H1,H2,DD","H1,H2,OOS,DD,CAGR"
A,SMALL,SMALLk80d08,SMALL,10.0,6W,2,0,False,4.533733851468002,0.0441272011479239,0.37966450878793945,-0.2887456832682591,0.3523186387582977,0.40520922012107247,0.4388364333758628,0.3483193203272464,0.04090731801960068,-0.28874568326825856,H1,"H1,H2,OOS,DD,CAGR"
A,SMALL,SMALLk80d08,SMALL,10.0,6W,2,1,False,4.538027671159891,0.038711635456793125,0.34256027104684134,-0.3077686044163881,0.2696835135013116,0.40604432305832594,0.409094716052968,0.30634210382896193,0.034417671897225555,-0.30776860441638676,H1,"H1,H2,OOS,DD,CAGR"
A,SMALL,SMALLk80d08,SMALL,10.0,6W,2,2,False,4.569284066976701,0.05341192004322903,0.44778885893799364,-0.26582586319097135,0.30209967172903734,0.5743557427979543,0.3335716260922554,0.5125016435848646,0.06475238181300402,-0.2658258631909718,H1,"H1,H2,OOS,DD,CAGR"
A,SMALL,SMALLk80d08,SMALL,10.0,6W,2,3,False,4.57359335004774,0.06125974153675462,0.5026768723223332,-0.23120863138274317,0.3293090261860853,0.6509108530734364,0.4013854803355202,0.5592878264273765,0.07225082467389776,-0.23120863138274506,H1,"H1,H2,OOS,DD,CAGR"
A,SMALL,SMALLk80d08,SMALL,10.0,6W,2,4,False,4.646679274224702,0.05813098345348289,0.4831771639796872,-0.21226281998514596,0.28810776816164324,0.650764576988565,0.4007176921941456,0.5295522500944133,0.06726541767984151,-0.2122628199851474,H1,"H1,H2,OOS,DD,CAGR"
A,SMALL,SMALLk80d08,SMALL,10.0,6W,3,0,False,4.605027930950919,0.06528070733669655,0.5322682017643183,-0.20410570308056974,0.25546115944977965,0.7707950062410749,0.3684451610661224,0.6245028353870632,0.08145176420788602,-0.20410570308056952,H1,"H1,H2,OOS,DD,CAGR"
A,SMALL,SMALLk80d08,SMALL,10.0,6W,3,1,False,4.620204143472966,0.05988995340285319,0.49748667791178414,-0.2077107235004939,0.32724678623595155,0.6461108709065467,0.4305235347944662,0.5357371583537612,0.06748498224107546,-0.2077107235004947,H1,"H1,H2,OOS,DD,CAGR"
A,SMALL,SMALLk80d08,SMALL,10.0,6W,3,2,False,4.607719546017536,0.06655844377740161,0.5387385271584894,-0.19576614580266272,0.36024873871200064,0.6932355607804753,0.4828531835257231,0.5707572512747533,0.07373891630912977,-0.19576614580266238,H1,"H1,H2,OOS,CAGR"
A,SMALL,SMALLk80d08,SMALL,10.0,6W,3,3,False,4.636333867503386,0.06753658995780643,0.5487512540700183,-0.21829945086960467,0.39659711945444553,0.6824101616931147,0.5208615343931805,0.5652113615379021,0.07215507464494286,-0.21829945086960445,H1,"H1,H2,OOS,DD,CAGR"
A,SMALL,SMALLk80d08,SMALL,10.0,6W,3,4,False,4.632664409697574,0.0643764409102241,0.5227467815371198,-0.22096877068894705,0.4366094230538969,0.6000085464958821,0.5836673449835834,0.488347224809626,0.06080658720466081,-0.22096877068894705,H1,"H1,H2,OOS,DD,CAGR"
A,SMALL,SMALLk80d08,SMALL,10.0,6W,4,0,False,4.554918332195917,0.0639628730028301,0.526308205324563,-0.22197833904285513,0.4994150519360182,0.55194604259215,0.6042320192953059,0.48214380863472495,0.05902531146767753,-0.2219783390428559,H1,"H1,H2,OOS,DD,CAGR"
A,SMALL,SMALLk80d08,SMALL,10.0,6W,4,1,False,4.661974706652157,0.04425818601033016,0.3857919769649709,-0.2742053510227619,0.3549937691400477,0.41422101204947304,0.472004127177876,0.3375743088067202,0.03834337569957991,-0.2742053510227622,H1,"H1,H2,OOS,DD,CAGR"
A,SMALL,SMALLk80d08,SMALL,10.0,6W,4,2,False,4.58047419128162,0.05143493603067317,0.43489587319005873,-0.2760185940612715,0.39599338006533696,0.4705018240619572,0.5430308502322543,0.3764044803035718,0.04447968485349674,-0.27601859406127194,H1,"H1,H2,OOS,DD,CAGR"
A,SMALL,SMALLk80d08,SMALL,10.0,6W,4,3,False,4.628334963033452,0.049351246525219494,0.4196763029743661,-0.28664320084177564,0.38111038626222676,0.4548948126675376,0.5220597786940858,0.3645161892682376,0.04282023451792383,-0.2866432008417743,H1,"H1,H2,OOS,DD,CAGR"
A,SMALL,SMALLk80d08,SMALL,10.0,6W,4,4,False,4.58223157790739,0.03533122811180234,0.3159307225969759,-0.3753036686028832,0.3751625746081618,0.2744025760924271,0.5254945728469786,0.2112374185054583,0.020666332298175716,-0.3753036686028828,"H1,H2,DD","H1,H2,OOS,DD,CAGR"
A,SMALL,SMALLk80d08,SMALL,10.0,6W,5,0,False,4.481058249407129,0.03415558097635252,0.3065912701349821,-0.3920711636383074,0.386513382061575,0.24895796176703752,0.4988932381115764,0.21040069622718852,0.020599618214889537,-0.3920711636383075,"H1,H2,DD","H1,H2,OOS,DD,CAGR"
A,SMALL,SMALLk80d08,SMALL,10.0,6W,5,1,False,4.529263489795121,0.04578629135020318,0.38661082258464186,-0.3517344711025695,0.3165682706272821,0.4465862321922648,0.45469343631764997,0.3531384049716717,0.042671856722625856,-0.3517344711025696,H1,"H1,H2,OOS,DD,CAGR"
A,SMALL,SMALLk80d08,SMALL,10.0,6W,5,2,False,4.517204819503281,0.04993819709580061,0.41433377772285407,-0.3522199772074537,0.39576624554588463,0.4342819217353397,0.5555805705668534,0.34385434491970723,0.04131693743179721,-0.3522199772074557,H1,"H1,H2,OOS,DD,CAGR"
A,SMALL,SMALLk80d08,SMALL,10.0,6W,5,3,False,4.455279423163013,0.06064352008991003,0.4811233256348296,-0.3589427279831543,0.436996047625093,0.5216541291030549,0.5253436348824352,0.4595712489747249,0.05993753422573089,-0.35894272798315374,H1,"H1,H2,OOS,DD,CAGR"
A,SMALL,SMALLk80d08,SMALL,10.0,6W,5,4,False,4.4585611121872395,0.04427876468759018,0.3741622923732853,-0.36709935201751687,0.410958843604221,0.35039970812306437,0.4887750319597706,0.3167324500040531,0.037254402591164304,-0.36709935201751775,"H1,H2,DD","H1,H2,OOS,DD,CAGR"
A,SMALL,SMALLk80d08,SMALL,10.0,Q,0,0,True,2.7653111559855503,0.043066512920761024,0.36496835877108247,-0.3683537112152776,0.34511389877304427,0.3847884169523465,0.43531640736575866,0.32947865738348364,0.03927126347002763,-0.36835371121527816,"H1,H2,DD","H1,H2,OOS,DD,CAGR"
A,SMALL,SMALLk80d08,SMALL,10.0,Q,0,1,False,2.7574160830729384,0.0409707692865906,0.3513915617646814,-0.36926511676013074,0.282333056451163,0.4104064142505348,0.3918645713506202,0.33141968191010557,0.03949432116327034,-0.3692651167601311,"H1,DD","H1,H2,OOS,DD,CAGR"
A,SMALL,SMALLk80d08,SMALL,10.0,Q,0,2,False,2.756480416963234,0.05056270081179237,0.4152603317092959,-0.3537636944797895,0.3241825432878211,0.49240465061417144,0.35515503686242506,0.4485996374615975,0.05829015132241122,-0.35376369447978795,H1,"H1,H2,OOS,DD,CAGR"
A,SMALL,SMALLk80d08,SMALL,10.0,Q,0,3,False,2.793406529238408,0.04988323753699042,0.411800064122901,-0.3897580124921417,0.36855783981839424,0.45087506172709446,0.4133797580150033,0.41291312835620675,0.0524217281630488,-0.38975801249214204,"H1,DD","H1,H2,OOS,DD,CAGR"
A,SMALL,SMALLk80d08,SMALL,10.0,Q,0,4,False,2.7796384575478164,0.04595089353802262,0.38730713058925975,-0.40498206127698044,0.3667657244036747,0.40776759266519325,0.3806345973935841,0.3924419396372944,0.04877354554383828,-0.4049820612769809,"H1,DD","H1,H2,OOS,DD,CAGR"
A,SMALL,SMALLk80d09,SMALL,10.0,D,0,0,True,27.332541624637813,0.025088016542427205,0.25265344756370617,-0.39516307941513995,0.43354961280385973,0.1012190447812828,0.41638357398600634,0.16235135222042443,0.012963395963606406,-0.3951630794151385,"H1,H2,DD","H1,H2,OOS,DD,CAGR"
A,SMALL,SMALLk80d09,SMALL,10.0,2D,0,0,True,19.00937568782803,0.034997365139469716,0.3237144489520651,-0.3772505330154402,0.5559647130498042,0.1294589779217915,0.5161787187770456,0.21798946752176088,0.02087792315115866,-0.37725053301544176,"H1,H2,DD","H1,H2,OOS,DD,CAGR"
A,SMALL,SMALLk80d09,SMALL,10.0,2D,1,0,False,18.88814090727376,0.0363908828517745,0.33322987572146584,-0.37526108569590877,0.5812028568215865,0.12828439508593417,0.5398562807879872,0.22027838021399032,0.021251359498511535,-0.375261085695909,"H1,H2,DD","H1,H2,OOS,DD,CAGR"
A,SMALL,SMALLk80d09,SMALL,10.0,W,0,0,True,12.045365133663287,0.03973469684583808,0.3558925557714246,-0.2864575488506065,0.5300340845335008,0.21210670213456448,0.4797861856455442,0.288144486923935,0.031098791912981927,-0.2864575488506045,"H1,H2","H1,H2,OOS,DD,CAGR"
A,SMALL,SMALLk80d09,SMALL,10.0,W,0,1,False,12.177284470212204,0.04421218280524397,0.38584240965772393,-0.33727625108039094,0.6319145653976567,0.18208029832454137,0.587185533936326,0.275868091289228,0.02948633691091307,-0.33727625108039005,"H1,H2","H1,H2,OOS,DD,CAGR"
A,SMALL,SMALLk80d09,SMALL,10.0,W,0,2,False,12.220561403604632,0.04132012836540189,0.3650201773181993,-0.42268329352989664,0.6020881166636106,0.17027206216731222,0.5694437329134897,0.25420102601269423,0.026402246309561672,-0.4226832935298952,"H1,H2,DD","H1,H2,OOS,DD,CAGR"
A,SMALL,SMALLk80d09,SMALL,10.0,W,0,3,False,12.108451299503646,0.04202767751783054,0.3694571112668427,-0.38497772624403814,0.663919235241392,0.12699277713359436,0.6379502452486735,0.2237484667085332,0.02198234642902608,-0.3849777262440387,"H1,H2,DD","H1,H2,OOS,DD,CAGR"
A,SMALL,SMALLk80d09,SMALL,10.0,W,0,4,False,12.360787185418937,0.032599638297054145,0.303987780928874,-0.37949549570156293,0.5620878443007692,0.09218300298656844,0.5088215074104127,0.19270288946520955,0.017409394236496345,-0.3794954957015626,"H1,H2,DD","H1,H2,OOS,DD,CAGR"
A,SMALL,SMALLk80d09,SMALL,10.0,2W,0,0,True,8.64352072184771,0.04986803514713922,0.42362696749964646,-0.3140144330819984,0.6762050221185366,0.21264746465748588,0.6978886041871314,0.27293842465587126,0.029152638274090314,-0.31401443308199917,"H1,H2","H1,H2,OOS,DD,CAGR"
A,SMALL,SMALLk80d09,SMALL,10.0,2W,0,1,False,8.516126815511898,0.055844491839980304,0.4595983478317476,-0.31962553586387754,0.7326191586536576,0.2304622049634096,0.7385096991112244,0.30448235933510137,0.03410010762486726,-0.31962553586387876,"H1,H2","H1,H2,OOS,DD,CAGR"
A,SMALL,SMALLk80d09,SMALL,10.0,2W,0,2,False,8.508672088530934,0.04631787346904348,0.3972876661728544,-0.3538205327722622,0.5560704156979794,0.26764395712667716,0.4905349920847728,0.34704894230469546,0.040366247353508244,-0.35382053277226144,"H1,H2","H1,H2,OOS,DD,CAGR"
A,SMALL,SMALLk80d09,SMALL,10.0,2W,0,3,False,8.499414132509235,0.05739408276167479,0.4720366497807214,-0.28274022487661166,0.6389396986636284,0.3382442942934839,0.651712465084004,0.3761703696922114,0.04505498134434016,-0.28274022487661143,"H1,H2","H1,H2,OOS,DD,CAGR"
A,SMALL,SMALLk80d09,SMALL,10.0,2W,0,4,False,8.713690331111069,0.04571586761505042,0.3959517370372666,-0.31431255783790046,0.6219261155979187,0.20809509542591217,0.5647395604736712,0.30320762815876706,0.03348844567803355,-0.31431255783789913,"H1,H2","H1,H2,OOS,DD,CAGR"
A,SMALL,SMALLk80d09,SMALL,10.0,2W,1,0,False,8.608814920363603,0.04682203521139017,0.3996490972821527,-0.28932164861087295,0.6228602106916848,0.21905880719341797,0.5806064129532506,0.3021446498490022,0.033814137690844515,-0.28932164861087284,"H1,H2","H1,H2,OOS,DD,CAGR"
A,SMALL,SMALLk80d09,SMALL,10.0,2W,1,1,False,8.611882441372986,0.03722585011572277,0.3313545271015784,-0.31001020564759074,0.5997958953988253,0.11582973793794103,0.5760106715510814,0.20125284253381392,0.0189274007666016,-0.31001020564759063,"H1,H2","H1,H2,OOS,DD,CAGR"
A,SMALL,SMALLk80d09,SMALL,10.0,2W,1,2,False,8.632794101716078,0.04654722400121658,0.39508303012008367,-0.3234284042150809,0.7024786316687759,0.1502208737821336,0.7244241494610442,0.22189339443123693,0.022063605598965585,-0.3234284042150797,"H1,H2","H1,H2,OOS,DD,CAGR"
A,SMALL,SMALLk80d09,SMALL,10.0,2W,1,3,False,8.607957991032944,0.04014297523666399,0.3534136057887747,-0.39006968000055586,0.7961001933891622,-0.01133338649682022,0.7800512320417653,0.12169334718380352,0.007121676851219005,-0.3900696800005553,"H2,DD","H1,H2,OOS,DD,CAGR"
A,SMALL,SMALLk80d09,SMALL,10.0,2W,1,4,False,8.761439516596434,0.03914499478762323,0.34555302580855707,-0.37333650949171493,0.7663528047240585,0.0026438367627475597,0.7871908402148823,0.10740077016008992,0.0049805006165943855,-0.3733365094917148,"H2,DD","H1,H2,OOS,DD,CAGR"
A,SMALL,SMALLk80d09,SMALL,10.0,M,0,0,True,5.755637080052702,0.06603969612922467,0.5173303910968733,-0.3663782823316699,0.8618757662472214,0.2394037556038439,0.8406780402032902,0.3461006910212171,0.04166192493838872,-0.36637828233166925,"H2,DD","H1,H2,OOS,DD,CAGR"
A,SMALL,SMALLk80d09,SMALL,10.0,M,0,1,False,5.836287862556578,0.06726307823164057,0.5195586418981952,-0.3278280058431876,0.7702095677326404,0.32030822147041704,0.7566965959611949,0.39409193565447587,0.049794361090997,-0.32782800584318783,H2,"H1,H2,OOS,DD,CAGR"
A,SMALL,SMALLk80d09,SMALL,10.0,M,0,2,False,5.828581494627385,0.051591861889835444,0.4208702316293141,-0.37753691026118763,0.6715023247811857,0.2183206082299832,0.7061949766195329,0.26733224890302687,0.02935027280566116,-0.37753691026118863,"H1,H2,DD","H1,H2,OOS,DD,CAGR"
A,SMALL,SMALLk80d09,SMALL,10.0,M,0,3,False,5.733886157946863,0.046890951809478665,0.39141160382982104,-0.3837850836343746,0.6691590637564521,0.1636106803258046,0.6877655570894795,0.23039268726199738,0.023501996537582892,-0.383785083634376,"H1,H2,DD","H1,H2,OOS,DD,CAGR"
A,SMALL,SMALLk80d09,SMALL,10.0,M,0,4,False,5.844367044591838,0.046227033597214584,0.38656147123381296,-0.3855276124134336,0.7141568406413821,0.11980856178318793,0.6455224746627165,0.24813578866578306,0.026316127189368155,-0.38552761241343303,"H1,H2,DD","H1,H2,OOS,DD,CAGR"
A,SMALL,SMALLk80d09,SMALL,10.0,6W,0,0,True,4.661817309435176,0.04819679515886377,0.39981841987810585,-0.3816608099290647,0.5966523906277472,0.2423851991532438,0.5864259401319122,0.30145231940082784,0.03465775235678392,-0.38166080992906537,"H1,H2,DD","H1,H2,OOS,DD,CAGR"
A,SMALL,SMALLk80d09,SMALL,10.0,6W,0,1,False,4.73040875237585,0.05008369704669402,0.41484585929501283,-0.3443578120731444,0.6465570356119332,0.2282759092363804,0.5857888203868397,0.3239321183336909,0.03785526636979397,-0.344357812073145,"H1,H2","H1,H2,OOS,DD,CAGR"
A,SMALL,SMALLk80d09,SMALL,10.0,6W,0,2,False,4.72136008460365,0.0513868529937358,0.4226764717467481,-0.34285050565044506,0.6695288071768177,0.23171145623464465,0.5900329050181953,0.3375279838568828,0.04036766028349059,-0.3428505056504454,"H1,H2","H1,H2,OOS,DD,CAGR"
A,SMALL,SMALLk80d09,SMALL,10.0,6W,0,3,False,4.619925282376553,0.04902153204468607,0.40515778219524523,-0.3734144028504005,0.6864145656017674,0.1860373575112359,0.6285429642459304,0.29103576334047576,0.03323185073607937,-0.37341440285040073,"H1,H2,DD","H1,H2,OOS,DD,CAGR"
A,SMALL,SMALLk80d09,SMALL,10.0,6W,0,4,False,4.721796756090807,0.04595003835472289,0.38550550247787685,-0.3825673579726824,0.7153158931487745,0.128145629247464,0.6013324806277713,0.2767759788394364,0.030993116554866695,-0.38256735797268304,"H1,H2,DD","H1,H2,OOS,DD,CAGR"
A,SMALL,SMALLk80d09,SMALL,10.0,6W,1,0,False,4.7298673671483575,0.04662332967821259,0.38728187688020643,-0.38337602853967045,0.7948419017389213,0.07251500066741788,0.7273499326744829,0.21682356314437468,0.021728011526977564,-0.3833760285396698,"H2,DD","H1,H2,OOS,DD,CAGR"
A,SMALL,SMALLk80d09,SMALL,10.0,6W,1,1,False,4.733197252830532,0.05735905334958802,0.45800246783544724,-0.3495297973425312,0.7740297959040768,0.21292935233072313,0.702862159714269,0.3341051830763169,0.040295606785620164,-0.34952979734253153,H2,"H1,H2,OOS,DD,CAGR"
A,SMALL,SMALLk80d09,SMALL,10.0,6W,1,2,False,4.709648562196855,0.04735086456368509,0.39060559949012275,-0.34514601026491765,0.644565318979073,0.18729234059128452,0.5833672428326028,0.2879888573871966,0.03279934850520627,-0.3451460102649174,"H1,H2","H1,H2,OOS,DD,CAGR"
A,SMALL,SMALLk80d09,SMALL,10.0,6W,1,3,False,4.746944030609631,0.04520136133790209,0.3800558716094109,-0.3992141438341179,0.6632741615598112,0.14921712300954293,0.5836919377542861,0.2705199173784869,0.029708572728870175,-0.39921414383411724,"H1,H2,DD","H1,H2,OOS,DD,CAGR"
A,SMALL,SMALLk80d09,SMALL,10.0,6W,1,4,False,4.783825060518672,0.03197391376424563,0.291032100974173,-0.3919448128572929,0.6500632823460497,-0.009837517712719028,0.6304331388195878,0.10382009097205495,0.004249526838383089,-0.391944812857294,"H1,H2,DD","H1,H2,OOS,DD,CAGR"
A,SMALL,SMALLk80d09,SMALL,10.0,6W,2,0,False,4.801697911240238,0.042807983912503955,0.36925986320528864,-0.39808870190670165,0.6690528103014955,0.11497280656642063,0.6122723948520563,0.23474922318832975,0.023824372927295556,-0.3980887019067014,"H1,H2,DD","H1,H2,OOS,DD,CAGR"
A,SMALL,SMALLk80d09,SMALL,10.0,6W,2,1,False,4.719713502170904,0.04779813648421816,0.39899897244499116,-0.33491474764391227,0.6091149739064918,0.21813759473207225,0.6035661787116136,0.28262996325264556,0.031149152708962236,-0.3349147476439138,"H1,H2","H1,H2,OOS,DD,CAGR"
A,SMALL,SMALLk80d09,SMALL,10.0,6W,2,2,False,4.747522558391965,0.03367787203309813,0.30544144027650183,-0.3904444769631429,0.44243777669299883,0.18811895844722432,0.35969849486985,0.2749238872496286,0.02982788581684237,-0.39044447696314455,"H1,H2,DD","H1,H2,OOS,DD,CAGR"
A,SMALL,SMALLk80d09,SMALL,10.0,6W,2,3,False,4.774994047262602,0.041790965918842904,0.359996305408963,-0.362147851392813,0.4918367984126028,0.2503347233374677,0.3672955655001934,0.3566602220906355,0.042556997857919665,-0.3621478513928126,"H1,H2,DD","H1,H2,OOS,DD,CAGR"
A,SMALL,SMALLk80d09,SMALL,10.0,6W,2,4,False,4.794297245237931,0.043179149931892535,0.36995330697464796,-0.35295278679472564,0.508729299478356,0.25118519172535597,0.41247160358365936,0.34650913815913004,0.040749438372626345,-0.3529527867947245,"H1,H2","H1,H2,OOS,DD,CAGR"
A,SMALL,SMALLk80d09,SMALL,10.0,6W,3,0,False,4.72050550857518,0.04083763790984363,0.3499679613446143,-0.3108528631954153,0.38102802492624727,0.3260517856769278,0.339298914519041,0.3565338216360376,0.04304956942251836,-0.3108528631954137,"H1,H2","H1,H2,OOS,DD,CAGR"
A,SMALL,SMALLk80d09,SMALL,10.0,6W,3,1,False,4.724531629007906,0.04109150658163441,0.3510106345324036,-0.32533167816121544,0.5343265851565105,0.19779144673548985,0.4773514253016257,0.2816181916508677,0.03148733450580976,-0.32533167816121356,"H1,H2","H1,H2,OOS,DD,CAGR"
A,SMALL,SMALLk80d09,SMALL,10.0,6W,3,2,False,4.7406763838125965,0.039074586499688646,0.3376408854981222,-0.34339486764457483,0.5794934853495843,0.13796424967842885,0.49281703858745673,0.25368481537563137,0.027237342600402004,-0.3433948676445753,"H1,H2","H1,H2,OOS,DD,CAGR"
A,SMALL,SMALLk80d09,SMALL,10.0,6W,3,3,False,4.684750232953776,0.057251352543035816,0.45692631166797815,-0.303688742776539,0.6588058175236938,0.2893412427498527,0.5926824296844836,0.38269914760284923,0.04736839389512837,-0.3036887427765377,"H1,H2","H1,H2,OOS,DD,CAGR"
A,SMALL,SMALLk80d09,SMALL,10.0,6W,3,4,False,4.6927577271209815,0.058313994845974326,0.4619069044845712,-0.3396660758164972,0.7401380491121011,0.23617726114318074,0.6613521197515883,0.35435848355102034,0.0432505158729628,-0.33966607581649577,"H1,H2","H1,H2,OOS,DD,CAGR"
A,SMALL,SMALLk80d09,SMALL,10.0,6W,4,0,False,4.604351712427806,0.05256755237568145,0.4268888208688753,-0.336519777747593,0.693345124375708,0.20670842709208306,0.6141249221605896,0.3249187076980577,0.03828681283558044,-0.33651977774759345,"H1,H2","H1,H2,OOS,DD,CAGR"
A,SMALL,SMALLk80d09,SMALL,10.0,6W,4,1,False,4.70271657629628,0.05029162604369186,0.40570238607200526,-0.36090624670650495,0.7158274841504003,0.15822703609749392,0.6353276601779524,0.28435461270277784,0.03262695406229854,-0.3609062467065056,"H1,H2","H1,H2,OOS,DD,CAGR"
A,SMALL,SMALLk80d09,SMALL,10.0,6W,4,2,False,4.759544319297562,0.050180673575349166,0.40571790553446235,-0.33862604768302584,0.6060882590133375,0.24461272128856304,0.5038876262689779,0.35437248662795556,0.043819485389729795,-0.3386260476830275,"H1,H2","H1,H2,OOS,DD,CAGR"
A,SMALL,SMALLk80d09,SMALL,10.0,6W,4,3,False,4.779495248563916,0.05734401065198891,0.4521282612454305,-0.3450001590147359,0.6743773806610854,0.2748366535776652,0.5339117269200043,0.40973975227491716,0.05276957872824295,-0.345000159014736,"H1,H2","H1,H2,OOS,DD,CAGR"
A,SMALL,SMALLk80d09,SMALL,10.0,6W,4,4,False,4.792440272512578,0.05666500095223137,0.45099269832822897,-0.35522480252557176,0.6818437881779738,0.26600771057251016,0.5479453810166575,0.4003406930695186,0.05079028024691823,-0.35522480252557187,"H1,H2","H1,H2,OOS,DD,CAGR"
A,SMALL,SMALLk80d09,SMALL,10.0,6W,5,0,False,4.762989225485812,0.053268185849381755,0.4290605634048591,-0.33327182867786964,0.6382385445471498,0.2600372819566543,0.5422263696822006,0.36849512892014397,0.045501828517586995,-0.3332718286778691,"H1,H2","H1,H2,OOS,DD,CAGR"
A,SMALL,SMALLk80d09,SMALL,10.0,6W,5,1,False,4.7658161865374895,0.062211692038970146,0.48633789911201425,-0.34799126114289003,0.6523552742150033,0.35411099876346963,0.596693415612793,0.427834721326498,0.05516050947759199,-0.34799126114288925,"H1,H2","H1,H2,OOS,DD,CAGR"
A,SMALL,SMALLk80d09,SMALL,10.0,6W,5,2,False,4.805687808113987,0.06512618118236158,0.5095284117640109,-0.375761284978122,0.6866255473861441,0.369762005997556,0.6611050478176442,0.4297940540162033,0.05507683736426494,-0.37576128497812156,"H1,H2,DD","H1,H2,OOS,DD,CAGR"
A,SMALL,SMALLk80d09,SMALL,10.0,6W,5,3,False,4.747346241877399,0.05752236371170727,0.45564756798002587,-0.39446392239116834,0.706479188538341,0.2541991900741127,0.6341822895084057,0.36090050082556346,0.04452359724690225,-0.3944639223911677,"H1,H2,DD","H1,H2,OOS,DD,CAGR"
A,SMALL,SMALLk80d09,SMALL,10.0,6W,5,4,False,4.711834874942955,0.04683053745988275,0.3904488081974614,-0.4036114900310992,0.6568528302676948,0.17809014328902276,0.6381077310942627,0.26022899857947424,0.02828211995931529,-0.4036114900311,"H1,H2,DD","H1,H2,OOS,DD,CAGR"
A,SMALL,SMALLk80d09,SMALL,10.0,Q,0,0,True,2.727278625962752,0.0634913107480688,0.48379368454978505,-0.3895736326605227,0.6560443311039055,0.3394749497372574,0.5089662874145564,0.4710233850060177,0.06358281217736805,-0.3895736326605228,"H1,H2,DD","H1,H2,OOS,DD,CAGR"
A,SMALL,SMALLk80d09,SMALL,10.0,Q,0,1,False,2.757857314992409,0.06489428447038192,0.4965756159646088,-0.371151795673732,0.6781239537185609,0.34680494199096246,0.5506508673298226,0.4678108223199252,0.06239162944196597,-0.3711517956737328,"H1,H2,DD","H1,H2,OOS,DD,CAGR"
A,SMALL,SMALLk80d09,SMALL,10.0,Q,0,2,False,2.768779022184253,0.05733708728152731,0.4513916316934946,-0.35032047726974724,0.6155629079633924,0.3184735487183827,0.48664960979251587,0.4333318733112375,0.056498106743738896,-0.3503204772697476,"H1,H2","H1,H2,OOS,DD,CAGR"
A,SMALL,SMALLk80d09,SMALL,10.0,Q,0,3,False,2.7660603134517014,0.07064982799710218,0.5371895066698001,-0.36642831978847745,0.7321620771113883,0.37476733499576154,0.6083866052869455,0.49905163130195934,0.06689813959082258,-0.366428319788476,"H1,H2,DD","H1,H2,OOS,DD,CAGR"
A,SMALL,SMALLk80d09,SMALL,10.0,Q,0,4,False,2.7874758874364245,0.05573027402291353,0.4444123923748409,-0.402332866203187,0.677799630826839,0.24827987246671146,0.5540314608206782,0.3849643644197552,0.04808751040292658,-0.40233286620318787,"H1,H2,DD","H1,H2,OOS,DD,CAGR"
A,SMALL,SMALLk80d10,SMALL,10.0,D,0,0,True,25.732687507416777,0.018828110584996782,0.2068395937703894,-0.3518281376328717,0.1695434056097278,0.2397277743669295,0.1056743935829101,0.26321858318888447,0.027198708543062944,-0.3518281376328727,"H1,H2","H1,H2,OOS,DD,CAGR"
A,SMALL,SMALLk80d10,SMALL,10.0,2D,0,0,True,18.032861221057814,0.03220104169664095,0.3040987146394866,-0.33786054286977896,0.3200450138009928,0.29227045366893545,0.25928734969632433,0.3294705558516623,0.03679876255419012,-0.3378605428697783,"H1,H2","H1,H2,OOS,DD,CAGR"
A,SMALL,SMALLk80d10,SMALL,10.0,2D,1,0,False,18.008596424730136,0.039318218203518995,0.35673233737423987,-0.34428954033686543,0.40235649043445304,0.3196776273226446,0.429869712318632,0.31663568797827135,0.03474709212850069,-0.34428954033686565,"H1,H2","H1,H2,OOS,DD,CAGR"
A,SMALL,SMALLk80d10,SMALL,10.0,W,0,0,True,11.720657656216074,0.044769218379390185,0.39578152618821033,-0.30726103463541854,0.44868880839635117,0.3522453923299441,0.43976026783104566,0.37191815854777593,0.042686020150588755,-0.3072610346354182,"H1,H2","H1,H2,OOS,DD,CAGR"
A,SMALL,SMALLk80d10,SMALL,10.0,W,0,1,False,11.735261722431444,0.036446445006638406,0.3353826593345889,-0.3667337601513756,0.3834052244032885,0.29579706298934544,0.40636848219510585,0.29616548159515765,0.03184866771443984,-0.3667337601513765,"H1,H2,DD","H1,H2,OOS,DD,CAGR"
A,SMALL,SMALLk80d10,SMALL,10.0,W,0,2,False,11.46503121275571,0.04837795557955116,0.4172182407916436,-0.3259207327042384,0.486350854793173,0.36026748447473583,0.44121474246793924,0.40430516648319453,0.047862688309139534,-0.3259207327042387,"H1,H2","H1,H2,OOS,DD,CAGR"
A,SMALL,SMALLk80d10,SMALL,10.0,W,0,3,False,11.481253400116062,0.051775869367124194,0.44154541211563897,-0.3339922583954862,0.45854140219790746,0.4293066029296545,0.4304905549746195,0.4484188040360449,0.054358896929793454,-0.3339922583954855,H1,"H1,H2,OOS,DD,CAGR"
A,SMALL,SMALLk80d10,SMALL,10.0,W,0,4,False,11.784376283631914,0.056873321843593505,0.4752094006258856,-0.29105533059975186,0.40846379264643173,0.5347791645161277,0.43781595819122127,0.49684418536525593,0.06201893525938118,-0.2910553305997523,H1,"H1,H2,OOS,DD,CAGR"
A,SMALL,SMALLk80d10,SMALL,10.0,2W,0,0,True,8.409267074693933,0.059157103262796884,0.4917747010897151,-0.3261308378167793,0.5385230158156471,0.4547093457738149,0.5171395131976473,0.4785433332407824,0.05914022294281107,-0.326130837816779,H1,"H1,H2,OOS,DD,CAGR"
A,SMALL,SMALLk80d10,SMALL,10.0,2W,0,1,False,8.456559500393071,0.0497671560163544,0.42515282333853033,-0.3579122513565711,0.5002439846514617,0.3619620029941509,0.5129694767247301,0.37540611683469216,0.04367847992813556,-0.35791225135657245,"H1,H2","H1,H2,OOS,DD,CAGR"
A,SMALL,SMALLk80d10,SMALL,10.0,2W,0,2,False,8.38179477114059,0.04753194100419633,0.4085842770060638,-0.33967807740925304,0.5069686632686732,0.3282667895264507,0.45900065481794,0.381469961678411,0.04504848370537262,-0.3396780774092526,"H1,H2","H1,H2,OOS,DD,CAGR"
A,SMALL,SMALLk80d10,SMALL,10.0,2W,0,3,False,8.200411293500395,0.05098099854420313,0.4328292924542544,-0.30101722019397514,0.49572342963185045,0.38143351897558214,0.4992949883265725,0.3960174500969534,0.04697963784389225,-0.30101722019397414,"H1,H2","H1,H2,OOS,DD,CAGR"
A,SMALL,SMALLk80d10,SMALL,10.0,2W,0,4,False,8.290409345212986,0.05900211350678797,0.4896799290508594,-0.27072336554955656,0.47445181581733487,0.5054177577875352,0.476685023657814,0.49775808351114836,0.06212762944813521,-0.2707233655495562,H1,"H1,H2,OOS,DD,CAGR"
A,SMALL,SMALLk80d10,SMALL,10.0,2W,1,0,False,8.331327924638535,0.04866996164657422,0.41923076521602104,-0.3069413227799449,0.44914983369332495,0.39593528181417464,0.4362968942957212,0.4103525087041348,0.04882718293984678,-0.30694132277994557,"H1,H2","H1,H2,OOS,DD,CAGR"
A,SMALL,SMALLk80d10,SMALL,10.0,2W,1,1,False,8.224723130187943,0.05539164889782744,0.46703499771607915,-0.30637184188045263,0.5060665085838459,0.4365264257273884,0.5017287644555731,0.4485364784778433,0.05444897609743404,-0.3063718418804513,H1,"H1,H2,OOS,DD,CAGR"
A,SMALL,SMALLk80d10,SMALL,10.0,2W,1,2,False,8.29360731109392,0.05840305988878569,0.4868030137614418,-0.30621057156083575,0.5699858644398177,0.41832345195881526,0.5537384505238568,0.4496940074329361,0.054596628779436385,-0.30621057156083553,H1,"H1,H2,OOS,DD,CAGR"
A,SMALL,SMALLk80d10,SMALL,10.0,2W,1,3,False,8.424726791026686,0.05524847807917865,0.46301311574492166,-0.3147186128714734,0.49055303975470294,0.44213496760464854,0.4420359217800062,0.47550544021364144,0.05891904849197216,-0.3147186128714736,H1,"H1,H2,OOS,DD,CAGR"
A,SMALL,SMALLk80d10,SMALL,10.0,2W,1,4,False,8.47331068942753,0.06223103803092922,0.5083197866912809,-0.3298148431403056,0.5324736666662468,0.49195759502918773,0.5528179928349598,0.485488171159608,0.0612263927698673,-0.3298148431403044,H1,"H1,H2,OOS,DD,CAGR"
A,SMALL,SMALLk80d10,SMALL,10.0,M,0,0,True,5.606850091118376,0.06332935948509699,0.5152410307358093,-0.29580720889498247,0.6839027719353105,0.37596197767424905,0.7320484776848623,0.3956132892246517,0.04738889417558778,-0.2958072088949827,"H1,H2","H1,H2,OOS,DD,CAGR"
A,SMALL,SMALLk80d10,SMALL,10.0,M,0,1,False,5.612498598893699,0.06300189377918786,0.5103751783383054,-0.30773589617924435,0.6158381717635798,0.4206869709775904,0.6401711019612559,0.43625607520107584,0.0533208313841822,-0.3077358961792428,H1,"H1,H2,OOS,DD,CAGR"
A,SMALL,SMALLk80d10,SMALL,10.0,M,0,2,False,5.816520440402675,0.051439986532648696,0.4268275551838228,-0.37620904429544744,0.5819225560036637,0.30337781945764236,0.577007632657416,0.3466499704773024,0.041035631304867204,-0.3762090442954461,"H1,H2,DD","H1,H2,OOS,DD,CAGR"
A,SMALL,SMALLk80d10,SMALL,10.0,M,0,3,False,5.663997326276154,0.047698884082036264,0.3972623298562238,-0.4168212786866472,0.5591687869232639,0.2718087034834462,0.5847390989393948,0.29917128323158615,0.03428290672187506,-0.4168212786866462,"H1,H2,DD","H1,H2,OOS,DD,CAGR"
A,SMALL,SMALLk80d10,SMALL,10.0,M,0,4,False,5.680517389540444,0.04109281993470293,0.35223572455824925,-0.37044416814981007,0.4944079635792522,0.2425027662265507,0.47380304000886936,0.2888198122444233,0.03274480351870612,-0.37044416814980885,"H1,H2,DD","H1,H2,OOS,DD,CAGR"
A,SMALL,SMALLk80d10,SMALL,10.0,6W,0,0,True,4.478912188211282,0.046451922180325456,0.3877010221733061,-0.33795504430224144,0.45720058940783953,0.3349546165976017,0.4130804033683089,0.3751040070143593,0.046187980768474635,-0.33795504430224266,"H1,H2","H1,H2,OOS,DD,CAGR"
A,SMALL,SMALLk80d10,SMALL,10.0,6W,0,1,False,4.583314569967532,0.052811491879813044,0.42682016544326257,-0.36879082908981764,0.5846138200373513,0.3067272773053136,0.5826284687554951,0.3458028453291598,0.042079596662906615,-0.3687908290898182,"H1,H2,DD","H1,H2,OOS,DD,CAGR"
A,SMALL,SMALLk80d10,SMALL,10.0,6W,0,2,False,4.528259729381034,0.05632651498185881,0.44862526335555397,-0.34489667887888253,0.5736206102285902,0.358181558739459,0.5426185911187559,0.4025291744071471,0.05167227506790906,-0.34489667887888265,"H1,H2","H1,H2,OOS,DD,CAGR"
A,SMALL,SMALLk80d10,SMALL,10.0,6W,0,3,False,4.484719003805995,0.04235716992534466,0.358259424269337,-0.35560197103925417,0.5462286545283285,0.2164935473298644,0.46778596802539757,0.3036362120909629,0.035551755210686764,-0.35560197103925517,"H1,H2","H1,H2,OOS,DD,CAGR"
A,SMALL,SMALLk80d10,SMALL,10.0,6W,0,4,False,4.573504385940966,0.04725191896159453,0.39125869482834547,-0.3507778524952275,0.5996118044578334,0.2342828787895075,0.5076397888851305,0.33375508915297436,0.040338637661212484,-0.35077785249522697,"H1,H2","H1,H2,OOS,DD,CAGR"
A,SMALL,SMALLk80d10,SMALL,10.0,6W,1,0,False,4.599927264023487,0.05210143077478713,0.4236108769274494,-0.3588772606555387,0.734732728082318,0.1910029195933535,0.661151896659436,0.30658103270158055,0.03605507583660783,-0.35887726065553915,"H1,H2","H1,H2,OOS,DD,CAGR"
A,SMALL,SMALLk80d10,SMALL,10.0,6W,1,1,False,4.624768196567639,0.05226215807532886,0.42397642929158186,-0.3480965132968157,0.6753230791126285,0.2346452928492694,0.5547873599317052,0.3588831686405179,0.044362581747031005,-0.3480965132968159,"H1,H2","H1,H2,OOS,DD,CAGR"
A,SMALL,SMALLk80d10,SMALL,10.0,6W,1,2,False,4.610458320703285,0.05543123611291767,0.4429426698366415,-0.3847626942404667,0.7175964829421274,0.22943606206466263,0.5827547250581975,0.37085814255283445,0.04622837915857225,-0.3847626942404667,"H1,H2,DD","H1,H2,OOS,DD,CAGR"
A,SMALL,SMALLk80d10,SMALL,10.0,6W,1,3,False,4.618074777349891,0.04861986623816339,0.40151134212483325,-0.3557000309737902,0.6338076839031057,0.22275036093660092,0.529036048435303,0.33647243586173653,0.04044255715693357,-0.3557000309737912,"H1,H2","H1,H2,OOS,DD,CAGR"
A,SMALL,SMALLk80d10,SMALL,10.0,6W,1,4,False,4.58543100919927,0.05874675382070449,0.4704593677572908,-0.37834630275364345,0.7549763177702594,0.24984179022895944,0.6915922268148015,0.3562602042299002,0.04332641149403682,-0.378346302753643,"H2,DD","H1,H2,OOS,DD,CAGR"
A,SMALL,SMALLk80d10,SMALL,10.0,6W,2,0,False,4.580112509709491,0.06376956500019859,0.510313230164359,-0.3674278117307612,0.7404437780234682,0.3289502012646511,0.6230980323691612,0.45195752872823597,0.057466401962647184,-0.3674278117307608,"H1,H2,DD","H1,H2,OOS,DD,CAGR"
A,SMALL,SMALLk80d10,SMALL,10.0,6W,2,1,False,4.538870604486813,0.05651595723261482,0.46264881872015345,-0.3535381829392864,0.6683042361564445,0.29419404073356764,0.6029367211514123,0.3859929972485836,0.046662624903686556,-0.35353818293928707,"H1,H2","H1,H2,OOS,DD,CAGR"
A,SMALL,SMALLk80d10,SMALL,10.0,6W,2,2,False,4.515031414538159,0.0613938650622059,0.500603338445793,-0.3475309942095861,0.6655895640928244,0.36415427270630774,0.5335025991156358,0.48308944294232997,0.0607058455431877,-0.3475309942095862,"H1,H2","H1,H2,OOS,DD,CAGR"
A,SMALL,SMALLk80d10,SMALL,10.0,6W,2,3,False,4.6511163709802075,0.054484359796470816,0.4520798845108636,-0.35566128619441517,0.5221882692672469,0.39435569335003307,0.4254221082823501,0.4677053901686388,0.058330142695557585,-0.3556612861944153,"H1,H2","H1,H2,OOS,DD,CAGR"
A,SMALL,SMALLk80d10,SMALL,10.0,6W,2,4,False,4.691565688840653,0.05217932549878723,0.4364364681669595,-0.3503040538706863,0.4963787468481171,0.386824367340121,0.469581999741161,0.4180353007275744,0.050737709757965765,-0.35030405387068597,"H1,H2","H1,H2,OOS,DD,CAGR"
A,SMALL,SMALLk80d10,SMALL,10.0,6W,3,0,False,4.658183320802852,0.054052377861412815,0.4453288425766804,-0.33992808899702864,0.4899145770019812,0.4093408524215932,0.4560059599803325,0.43977740120224496,0.05463066046116838,-0.339928088997031,H1,"H1,H2,OOS,DD,CAGR"
A,SMALL,SMALLk80d10,SMALL,10.0,6W,3,1,False,4.663352833103888,0.06136265584370015,0.500075479963189,-0.3183499844941462,0.5195902547063295,0.48558782306079307,0.5325566146661375,0.48210136065227566,0.060257415174297835,-0.3183499844941453,H1,"H1,H2,OOS,DD,CAGR"
A,SMALL,SMALLk80d10,SMALL,10.0,6W,3,2,False,4.481758577134907,0.067367870824256,0.5377131879224609,-0.29101571128741355,0.5982655852345565,0.48883403300498207,0.5956058532658156,0.5055658351789492,0.06434147921866962,-0.2910157112874131,H1,"H1,H2,OOS,DD,CAGR"
A,SMALL,SMALLk80d10,SMALL,10.0,6W,3,3,False,4.581614937496403,0.06542036832984865,0.5231540293290512,-0.2877529010219688,0.5985423016915731,0.46131344310762185,0.5662037667036832,0.4995752141529373,0.06371467022922772,-0.28775290102196793,H1,"H1,H2,OOS,DD,CAGR"
A,SMALL,SMALLk80d10,SMALL,10.0,6W,3,4,False,4.576247859148128,0.0726287071733962,0.5698489057775614,-0.30116202542716164,0.6787408286853741,0.482345715761125,0.6544239069859593,0.5241882402537351,0.06807923854617948,-0.3011620254271613,H1,"H1,H2,OOS,DD,CAGR"
A,SMALL,SMALLk80d10,SMALL,10.0,6W,4,0,False,4.563308377208697,0.07088490710304285,0.5603401031200959,-0.29144412520604834,0.6777085714124083,0.4626952979920452,0.6538754024230612,0.5086187044272583,0.06509231039401375,-0.2914441252060487,H1,"H1,H2,OOS,DD,CAGR"
A,SMALL,SMALLk80d10,SMALL,10.0,6W,4,1,False,4.530474146132895,0.05145139347282601,0.43111504321425026,-0.3176750275292687,0.5353322710256478,0.3401292382531532,0.4645827751059854,0.41180145175217014,0.04951382490337042,-0.31767502752926846,"H1,H2","H1,H2,OOS,DD,CAGR"
A,SMALL,SMALLk80d10,SMALL,10.0,6W,4,2,False,4.523608507026719,0.04204477169256826,0.36043877903958843,-0.33164905987757864,0.5056489546327648,0.23973866001822097,0.44726930950969146,0.31211745173784566,0.0357453626680595,-0.3316490598775783,"H1,H2","H1,H2,OOS,DD,CAGR"
A,SMALL,SMALLk80d10,SMALL,10.0,6W,4,3,False,4.571863436755123,0.04429674596877553,0.3693611528884605,-0.40013300162533305,0.579987126637927,0.20302762573700933,0.5239078634669668,0.28726371234371445,0.03281291731909475,-0.4001330016253326,"H1,H2,DD","H1,H2,OOS,DD,CAGR"
A,SMALL,SMALLk80d10,SMALL,10.0,6W,4,4,False,4.437856685072502,0.04375306292567638,0.364924841034461,-0.40139909890319636,0.6308595278255223,0.15529707304906853,0.6272689000601059,0.22540459730850435,0.02309363583423374,-0.40139909890319514,"H1,H2,DD","H1,H2,OOS,DD,CAGR"
A,SMALL,SMALLk80d10,SMALL,10.0,6W,5,0,False,4.417611426533313,0.03582794156351321,0.3139867133772058,-0.40719326842694303,0.47590074381210684,0.18195182002732316,0.5242418755125967,0.19757652219409075,0.01857852762533896,-0.40719326842694237,"H1,H2,DD","H1,H2,OOS,DD,CAGR"
A,SMALL,SMALLk80d10,SMALL,10.0,6W,5,1,False,4.471367831258427,0.04667991476977695,0.3863798514932574,-0.35635082045366984,0.5700667938509819,0.23885104184343778,0.5761439250693098,0.2831822256999245,0.031922410326689965,-0.35635082045366917,"H1,H2","H1,H2,OOS,DD,CAGR"
A,SMALL,SMALLk80d10,SMALL,10.0,6W,5,2,False,4.37338064889297,0.058134279190589,0.46464779947192325,-0.34390388273128936,0.6291992844942231,0.3367142707598963,0.6103661266498525,0.3874937452289992,0.048199302597108806,-0.343903882731289,"H1,H2","H1,H2,OOS,DD,CAGR"
A,SMALL,SMALLk80d10,SMALL,10.0,6W,5,3,False,4.531928322280413,0.050662425792661114,0.41575589388514234,-0.3683324457102054,0.4992978862473438,0.35011740257029267,0.5101312019679238,0.36459150844383925,0.04429851334170354,-0.3683324457102064,"H1,H2,DD","H1,H2,OOS,DD,CAGR"
A,SMALL,SMALLk80d10,SMALL,10.0,6W,5,4,False,4.580575761527074,0.04256430408715639,0.36141813554884966,-0.338163613188336,0.4256790152544506,0.3121641591018589,0.42204861588245335,0.3295651849811421,0.039060305020641506,-0.338163613188336,"H1,H2","H1,H2,OOS,DD,CAGR"
A,SMALL,SMALLk80d10,SMALL,10.0,Q,0,0,True,2.6839894817387377,0.03640627063721058,0.31617937336730156,-0.40200768435500434,0.5182418867615891,0.15561786472314304,0.49325898099231197,0.22113280696283694,0.02242538561119556,-0.40200768435500456,"H1,H2,DD","H1,H2,OOS,DD,CAGR"
A,SMALL,SMALLk80d10,SMALL,10.0,Q,0,1,False,2.7470693720368398,0.037180457867216576,0.319882796838648,-0.3987432337871807,0.47597069306817097,0.19414632667007894,0.4481342368693027,0.250091228296418,0.027067904350341454,-0.39874323378718046,"H1,H2,DD","H1,H2,OOS,DD,CAGR"
A,SMALL,SMALLk80d10,SMALL,10.0,Q,0,2,False,2.724616029346133,0.04439897243885271,0.3660851655286777,-0.40186901901742,0.5895811603160528,0.1898999308683196,0.4775586747859472,0.30717625025871903,0.0364127717260303,-0.40186901901741956,"H1,H2,DD","H1,H2,OOS,DD,CAGR"
A,SMALL,SMALLk80d10,SMALL,10.0,Q,0,3,False,2.7249932233757463,0.05128214586576374,0.414764113352918,-0.4193300027717871,0.5934602553906291,0.27321103405487684,0.5803949471221465,0.32614105632469803,0.038950662062879005,-0.419330002771787,"H1,H2,DD","H1,H2,OOS,DD,CAGR"
A,SMALL,SMALLk80d10,SMALL,10.0,Q,0,4,False,2.763719497879381,0.03576250565620942,0.31388758987262794,-0.42540234185441794,0.4313593321805027,0.22073576833989356,0.40177086258960176,0.26721184391646036,0.02953927859829264,-0.4254023418544183,"H1,H2,DD","H1,H2,OOS,DD,CAGR"
A,SMALL,SMALLk80d11,SMALL,10.0,D,0,0,True,26.693850498458076,0.029031835345780577,0.27284388562557266,-0.40154093208215647,0.5014493071302261,0.08872517149988841,0.20079170433996502,0.311703000889555,0.03618048073494462,-0.401540932082157,"H1,H2,DD","H1,H2,OOS,DD,CAGR"
A,SMALL,SMALLk80d11,SMALL,10.0,2D,0,0,True,18.641773934296012,0.0361554867374525,0.321556329912959,-0.35718222948181444,0.556104947302832,0.1320883040273649,0.2733924324328936,0.3482203581927021,0.041841904297632126,-0.3571822294818151,"H1,H2","H1,H2,OOS,DD,CAGR"
A,SMALL,SMALLk80d11,SMALL,10.0,2D,1,0,False,18.993197309751586,0.041241236862728625,0.35536948672285823,-0.3977886233744914,0.5884986813799546,0.16897681394168604,0.33583480988384573,0.3672974862382518,0.045041086869120894,-0.3977886233744915,"H1,H2,DD","H1,H2,OOS,DD,CAGR"
A,SMALL,SMALLk80d11,SMALL,10.0,W,0,0,True,11.94846037879878,0.04203959883093056,0.3589343411347145,-0.32246746004342575,0.6064019122271944,0.15835473142790946,0.3119995724817966,0.3851319928034621,0.04805528649060409,-0.3224674600434243,"H1,H2","H1,H2,OOS,DD,CAGR"
A,SMALL,SMALLk80d11,SMALL,10.0,W,0,1,False,11.878663524452787,0.04585839170492889,0.38587453616781114,-0.3653304741617033,0.6163118964016533,0.20047481444064616,0.37036526724884905,0.3958019751078854,0.04958388271453229,-0.3653304741617036,"H1,H2,DD","H1,H2,OOS,DD,CAGR"
A,SMALL,SMALLk80d11,SMALL,10.0,W,0,2,False,11.894826297810072,0.053518927806523786,0.4342353921089087,-0.3429728126951095,0.6808141937639899,0.23823515619611882,0.5089936024769607,0.39766527646525907,0.050317403749457146,-0.34297281269510893,"H1,H2","H1,H2,OOS,DD,CAGR"
A,SMALL,SMALLk80d11,SMALL,10.0,W,0,3,False,12.075351561473498,0.034768075514894914,0.3113522976210097,-0.359412238407533,0.5644593740909416,0.10576150197220566,0.3548248771118954,0.2900612979980077,0.032891027542893525,-0.35941223840753245,"H1,H2","H1,H2,OOS,DD,CAGR"
A,SMALL,SMALLk80d11,SMALL,10.0,W,0,4,False,12.152921962555238,0.029689494871391497,0.2759791757076315,-0.3882752639473239,0.5578448961617656,0.04573983732221216,0.3566297234329302,0.23490451562724424,0.02440111325605243,-0.3882752639473227,"H1,H2,DD","H1,H2,OOS,DD,CAGR"
A,SMALL,SMALLk80d11,SMALL,10.0,2W,0,0,True,8.563214117421662,0.03336642916285548,0.3008415113127318,-0.37096846635253955,0.6555345353594876,0.010362782033183478,0.40911928167268086,0.24555512082170006,0.0260671814272182,-0.3709684663525402,"H1,H2,DD","H1,H2,OOS,DD,CAGR"
A,SMALL,SMALLk80d11,SMALL,10.0,2W,0,1,False,8.522450607912855,0.041131302843187445,0.3516954454053743,-0.3411366811807598,0.5830035498886674,0.16553084050791272,0.3755359842827717,0.3410386056082593,0.04129780857580334,-0.3411366811807587,"H1,H2","H1,H2,OOS,DD,CAGR"
A,SMALL,SMALLk80d11,SMALL,10.0,2W,0,2,False,8.608771934123773,0.03416322027834906,0.3049315089809196,-0.32893530376408187,0.5590656457136958,0.09866753117076138,0.416851626000182,0.24764613186097315,0.026502458138041085,-0.328935303764079,"H1,H2","H1,H2,OOS,DD,CAGR"
A,SMALL,SMALLk80d11,SMALL,10.0,2W,0,3,False,8.451773653796517,0.03835197723373596,0.33232914061959573,-0.30747995805045014,0.5399929022975253,0.16327028823916784,0.3899956774133076,0.3035166515984917,0.03536980955140434,-0.3074799580504498,"H1,H2","H1,H2,OOS,DD,CAGR"
A,SMALL,SMALLk80d11,SMALL,10.0,2W,0,4,False,8.505254712667714,0.03356094246153485,0.30094156719770704,-0.3462148195029374,0.5645746715953271,0.08674013949215788,0.43947913035430375,0.2302095958286646,0.02378322143054956,-0.3462148195029383,"H1,H2","H1,H2,OOS,DD,CAGR"
A,SMALL,SMALLk80d11,SMALL,10.0,2W,1,0,False,8.30284167167901,0.039825690679625714,0.3419148384127893,-0.336999851925494,0.546321129947619,0.17634438804553101,0.3596715435893813,0.3341594445700679,0.040296877474876425,-0.3369998519254951,"H1,H2","H1,H2,OOS,DD,CAGR"
A,SMALL,SMALLk80d11,SMALL,10.0,2W,1,1,False,8.349759094593628,0.047345045149232545,0.3927076479837941,-0.38540667233293446,0.6853593222579024,0.1551779074754342,0.5156153166803633,0.33067849658082,0.0396687454988458,-0.3854066723329348,"H1,H2,DD","H1,H2,OOS,DD,CAGR"
A,SMALL,SMALLk80d11,SMALL,10.0,2W,1,2,False,8.367070968874518,0.045030289122149014,0.37461568789234617,-0.3569885979169386,0.7790272204342504,0.058268774058461606,0.6202108224237882,0.2531401136606048,0.027717660834977398,-0.3569885979169404,H2,"H1,H2,OOS,DD,CAGR"
A,SMALL,SMALLk80d11,SMALL,10.0,2W,1,3,False,8.481232130016531,0.02880652306617737,0.2695128617446017,-0.4177965570228892,0.7146063615904467,-0.09057671026997015,0.531284930242595,0.1362305967411727,0.009168085130287773,-0.417796557022888,"H1,H2,DD","H1,H2,OOS,DD,CAGR"
A,SMALL,SMALLk80d11,SMALL,10.0,2W,1,4,False,8.633508838231966,0.01891153235623455,0.2014466350610536,-0.42574126324207795,0.7192271027877334,-0.21436823338257738,0.4812450551760151,0.05912459875646765,-0.0029431592691656627,-0.42574126324207795,"H1,H2,DD","H1,H2,OOS,DD,CAGR"
A,SMALL,SMALLk80d11,SMALL,10.0,M,0,0,True,5.615844769843025,0.04192484243704819,0.35700420401151883,-0.3493974518633368,0.7228132356719502,0.05532955289490683,0.6514756149736871,0.20430063990603292,0.019718245381382893,-0.3493974518633354,"H1,H2","H1,H2,OOS,DD,CAGR"
A,SMALL,SMALLk80d11,SMALL,10.0,M,0,1,False,5.753132421025079,0.03569760847637515,0.3115538314308372,-0.37575776850812537,0.6837086930585601,0.01655732746981727,0.5979871176611606,0.1678281815700378,0.014110397052256696,-0.3757577685081245,"H1,H2,DD","H1,H2,OOS,DD,CAGR"
A,SMALL,SMALLk80d11,SMALL,10.0,M,0,2,False,5.7098067342787475,0.029690508028480167,0.26889875283581033,-0.39971272760336485,0.6353260461472731,-0.010780843311109895,0.5533254432734179,0.13000661870545022,0.007871480265032371,-0.3997127276033645,"H1,H2,DD","H1,H2,OOS,DD,CAGR"
A,SMALL,SMALLk80d11,SMALL,10.0,M,0,3,False,5.7506054447559665,0.03294739522561585,0.2892852150712228,-0.4455784620729192,0.70247962715272,-0.0238870675365512,0.6527030351320741,0.11145787026937906,0.004744677684104692,-0.44557846207291896,"H1,H2,DD","H1,H2,OOS,DD,CAGR"
A,SMALL,SMALLk80d11,SMALL,10.0,M,0,4,False,5.754595593767312,0.025706986770718476,0.2432551629427334,-0.448201299868619,0.6549225567744182,-0.06668367310101635,0.612545087543614,0.06393899390327551,-0.0031016832965785612,-0.4482012998686179,"H1,H2,DD","H1,H2,OOS,DD,CAGR"
A,SMALL,SMALLk80d11,SMALL,10.0,6W,0,0,True,4.662063937089462,0.025813217783970055,0.2444302061486548,-0.40964619471443864,0.5244058943075876,0.028680757983306267,0.3220419150232917,0.20736170752064093,0.020616779033038934,-0.40964619471443986,"H1,H2,DD","H1,H2,OOS,DD,CAGR"
A,SMALL,SMALLk80d11,SMALL,10.0,6W,0,1,False,4.655091050823285,0.03646216918864997,0.31144629549397257,-0.3736758832954159,0.5055327688343856,0.16534236146472642,0.35443548365447763,0.2924724388679298,0.03503743022061556,-0.37367588329541535,"H1,H2,DD","H1,H2,OOS,DD,CAGR"
A,SMALL,SMALLk80d11,SMALL,10.0,6W,0,2,False,4.643885495856249,0.035269381806730005,0.30524220938368923,-0.3780693194542063,0.5144720257055337,0.1447851000986723,0.3788685297981584,0.2702336332273076,0.03104485841727822,-0.3780693194542065,"H1,H2,DD","H1,H2,OOS,DD,CAGR"
A,SMALL,SMALLk80d11,SMALL,10.0,6W,0,3,False,4.540626832894545,0.029088065279479602,0.26566512570497997,-0.38937602327660037,0.5854226964467619,0.015575382189545494,0.45308855769737244,0.17212840440470564,0.014786054888947131,-0.3893760232765997,"H1,H2,DD","H1,H2,OOS,DD,CAGR"
A,SMALL,SMALLk80d11,SMALL,10.0,6W,0,4,False,4.560484390700732,0.024391950355027836,0.2358532541410557,-0.4281816990468381,0.5634800610810029,-0.01700937071156927,0.4506197205196326,0.13087578651705642,0.008024858184787043,-0.42818169904683656,"H1,H2,DD","H1,H2,OOS,DD,CAGR"
A,SMALL,SMALLk80d11,SMALL,10.0,6W,1,0,False,4.506573423113934,0.028065776541594145,0.2597090613197769,-0.41904981286543364,0.6338871133203519,-0.0223256841519463,0.5614341807656853,0.11462230448660235,0.005357949639708037,-0.4190498128654331,"H1,H2,DD","H1,H2,OOS,DD,CAGR"
A,SMALL,SMALLk80d11,SMALL,10.0,6W,1,1,False,4.604640438349642,0.03986837702041379,0.3331122222512932,-0.3920830513058745,0.7029848346913631,0.05292429123268337,0.6438808837688434,0.18186723647827163,0.016424150335372145,-0.3920830513058756,"H1,H2,DD","H1,H2,OOS,DD,CAGR"
A,SMALL,SMALLk80d11,SMALL,10.0,6W,1,2,False,4.669626131840079,0.04153336947503705,0.34311676235926497,-0.39142973452697394,0.7128624843653494,0.06607788929068929,0.7127291504828124,0.16574805270308696,0.013748997496556115,-0.3914297345269746,"H1,H2,DD","H1,H2,OOS,DD,CAGR"
A,SMALL,SMALLk80d11,SMALL,10.0,6W,1,3,False,4.701531603645508,0.03733783421643744,0.31951650456412506,-0.38888179839126835,0.7170834719846675,0.01551322068742398,0.7276936200924062,0.12113732846170996,0.006438921585081081,-0.388881798391269,"H1,H2,DD","H1,H2,OOS,DD,CAGR"
A,SMALL,SMALLk80d11,SMALL,10.0,6W,1,4,False,4.744329469933806,0.034268115688240064,0.2991867263368064,-0.43920104926446424,0.719599929928034,-0.028491098326209288,0.702617946598625,0.09796662700405807,0.0026993171727038856,-0.43920104926446457,"H1,H2,DD","H1,H2,OOS,DD,CAGR"
A,SMALL,SMALLk80d11,SMALL,10.0,6W,2,0,False,4.62184178394616,0.04620071031514428,0.3802329436792753,-0.35412539580269153,0.6885626852237954,0.13873449921450018,0.6548961690284485,0.24327197756683355,0.02622013113383348,-0.3541253958026913,"H1,H2","H1,H2,OOS,DD,CAGR"
A,SMALL,SMALLk80d11,SMALL,10.0,6W,2,1,False,4.643923113936855,0.03841832458722538,0.3298684855778637,-0.35388452272362014,0.5943702033607159,0.12308558036661643,0.5624554983021788,0.21456398944516425,0.021583256104019677,-0.35388452272362125,"H1,H2","H1,H2,OOS,DD,CAGR"
A,SMALL,SMALLk80d11,SMALL,10.0,6W,2,2,False,4.6133342438332825,0.036467219065613676,0.31928611243124505,-0.34124067305355277,0.5849761718753935,0.10361002513554006,0.5724678473465138,0.18811554177659964,0.017232597120905302,-0.3412406730535522,"H1,H2","H1,H2,OOS,DD,CAGR"
A,SMALL,SMALLk80d11,SMALL,10.0,6W,2,3,False,4.636091786550606,0.04267379237489344,0.35773097811272236,-0.3238448997969311,0.5696979862409667,0.18683031633972333,0.5141701265519156,0.2778556628026161,0.03164385373444034,-0.3238448997969319,"H1,H2","H1,H2,OOS,DD,CAGR"
A,SMALL,SMALLk80d11,SMALL,10.0,6W,2,4,False,4.513450389271664,0.038272381528653865,0.32921374035218554,-0.3830202947178244,0.62492106165233,0.09346372881713089,0.5740750199625405,0.20593127626501492,0.02017285694547777,-0.38302029471782495,"H1,H2,DD","H1,H2,OOS,DD,CAGR"
A,SMALL,SMALLk80d11,SMALL,10.0,6W,3,0,False,4.555018005798075,0.04229037429467586,0.3545117941760488,-0.35844892528478334,0.5313399223155999,0.21464781913545491,0.47571002473597107,0.2934409671934339,0.03427278471003392,-0.358448925284783,"H1,H2","H1,H2,OOS,DD,CAGR"
A,SMALL,SMALLk80d11,SMALL,10.0,6W,3,1,False,4.5692717389104525,0.04510733766856534,0.37611751571704427,-0.387434776100926,0.6643111343148794,0.1441062990104813,0.6254144659570736,0.24875277340925692,0.02683845272147578,-0.3874347761009266,"H1,H2,DD","H1,H2,OOS,DD,CAGR"
A,SMALL,SMALLk80d11,SMALL,10.0,6W,3,2,False,4.58812020924793,0.040530880788370194,0.3438103124572875,-0.35970532014101186,0.717125564657734,0.051838236736658515,0.6558304126711143,0.18778854577399354,0.017296777915558836,-0.35970532014100964,"H1,H2","H1,H2,OOS,DD,CAGR"
A,SMALL,SMALLk80d11,SMALL,10.0,6W,3,3,False,4.510917453586086,0.036700495575884284,0.3187798234148936,-0.4102520800410703,0.6750693912039023,0.032206717427101655,0.5608455715777598,0.1935288279261265,0.018162801459923328,-0.4102520800410686,"H1,H2,DD","H1,H2,OOS,DD,CAGR"
A,SMALL,SMALLk80d11,SMALL,10.0,6W,3,4,False,4.634606513657707,0.042747425143047746,0.35445922501884203,-0.40705288697515807,0.7795970596111732,0.028305221742104716,0.6359814173071334,0.2155668045298091,0.02193289243664842,-0.4070528869751603,"H2,DD","H1,H2,OOS,DD,CAGR"
A,SMALL,SMALLk80d11,SMALL,10.0,6W,4,0,False,4.619573188879778,0.038939479216189676,0.33376998238108696,-0.3875153889846926,0.6144379869361155,0.10480946128035373,0.4831939457327206,0.25590775175147856,0.02800879636429543,-0.3875153889846925,"H1,H2,DD","H1,H2,OOS,DD,CAGR"
A,SMALL,SMALLk80d11,SMALL,10.0,6W,4,1,False,4.653546776956069,0.03484366028688912,0.3045876461472069,-0.3740884934380231,0.6254398897279506,0.050583810274151424,0.39238018055491414,0.26142844130091314,0.029302265151441853,-0.374088493438021,"H1,H2,DD","H1,H2,OOS,DD,CAGR"
A,SMALL,SMALLk80d11,SMALL,10.0,6W,4,2,False,4.753627430736592,0.025777409572659504,0.2421219015396083,-0.39083069364038137,0.5566968173299439,0.0033874261701639253,0.34412124270361577,0.19368299895387617,0.018505006728828155,-0.3908306936403819,"H1,H2,DD","H1,H2,OOS,DD,CAGR"
A,SMALL,SMALLk80d11,SMALL,10.0,6W,4,3,False,4.751609429894499,0.025623757971693806,0.24010673903853896,-0.43053114434600726,0.5741127463575915,-0.0015377749056582695,0.3928793206527103,0.1706548097574521,0.014580498742232217,-0.43053114434600825,"H1,H2,DD","H1,H2,OOS,DD,CAGR"
A,SMALL,SMALLk80d11,SMALL,10.0,6W,4,4,False,4.757513014281294,0.022134129329671737,0.21916143398330448,-0.4329355015232874,0.6064644435687534,-0.06852270241200284,0.3927487392060173,0.1371703756442276,0.008875377567669318,-0.43293550152328775,"H1,H2,DD","H1,H2,OOS,DD,CAGR"
A,SMALL,SMALLk80d11,SMALL,10.0,6W,5,0,False,4.71028311937528,0.023162441069298323,0.22560856429798157,-0.41364766228741956,0.6138658632182445,-0.07430500824207176,0.3836132218514569,0.1477117634384221,0.010730095742658374,-0.41364766228742134,"H1,H2,DD","H1,H2,OOS,DD,CAGR"
A,SMALL,SMALLk80d11,SMALL,10.0,6W,5,1,False,4.770949313392414,0.031143194182552847,0.27644344805044013,-0.3674050151774144,0.6170734725845846,0.015156285576592947,0.45803115518427284,0.18691089917561932,0.017302291092622823,-0.36740501517741464,"H1,H2,DD","H1,H2,OOS,DD,CAGR"
A,SMALL,SMALLk80d11,SMALL,10.0,6W,5,2,False,4.763179580812195,0.025341032086517945,0.23993927251865066,-0.4062017640293054,0.5834086495802888,-0.022547027194837848,0.3984469793515535,0.16241401833476535,0.01318230805758791,-0.4062017640293044,"H1,H2,DD","H1,H2,OOS,DD,CAGR"
A,SMALL,SMALLk80d11,SMALL,10.0,6W,5,3,False,4.749492991919718,0.02749847493896862,0.2542579601538326,-0.4163673868037152,0.6106414156160129,-0.017109575091123777,0.3717823004719511,0.19814016765906134,0.01916213950828949,-0.4163673868037169,"H1,H2,DD","H1,H2,OOS,DD,CAGR"
A,SMALL,SMALLk80d11,SMALL,10.0,6W,5,4,False,4.707876647831012,0.017416381270018544,0.19003421081288766,-0.41459920332056943,0.5668586346996947,-0.10353842415673072,0.3936139179737378,0.08878217644894654,0.0011218455750543477,-0.41459920332056943,"H1,H2,DD","H1,H2,OOS,DD,CAGR"
A,SMALL,SMALLk80d11,SMALL,10.0,Q,0,0,True,2.881343337674445,0.02425459996336765,0.23283123505218947,-0.39806018456057446,0.5149790133587957,0.01640766596849321,0.49724796283358563,0.10313296103793426,0.0032993236677423265,-0.39806018456057557,"H1,H2,DD","H1,H2,OOS,DD,CAGR"
A,SMALL,SMALLk80d11,SMALL,10.0,Q,0,1,False,2.9355467855362107,0.026209268647740647,0.2454151857014552,-0.41103104628735865,0.48646977246535045,0.05730346819098864,0.44840982727882234,0.14282979915600005,0.009964761574294156,-0.4110310462873593,"H1,H2,DD","H1,H2,OOS,DD,CAGR"
A,SMALL,SMALLk80d11,SMALL,10.0,Q,0,2,False,2.877698090010942,0.026688947022212695,0.2482937530751094,-0.3904927642268864,0.4964237617092145,0.05809343320725645,0.43894576857259426,0.15384177427933057,0.011778801841037412,-0.3904927642268854,"H1,H2,DD","H1,H2,OOS,DD,CAGR"
A,SMALL,SMALLk80d11,SMALL,10.0,Q,0,3,False,2.9143228266229335,0.03807402154289519,0.3215936068642406,-0.38835803367035815,0.5562435314311487,0.14510183041186167,0.5215127818274304,0.22512377054931637,0.023693029713031777,-0.3883580336703565,"H1,H2,DD","H1,H2,OOS,DD,CAGR"
A,SMALL,SMALLk80d11,SMALL,10.0,Q,0,4,False,2.902011600113703,0.03580505588937721,0.30769802325153967,-0.3852388211636154,0.6143339335589003,0.08018981433960164,0.5323925052375195,0.2014776562785482,0.01973974371115972,-0.3852388211636152,"H1,H2,DD","H1,H2,OOS,DD,CAGR"
A,SMALL,SMALLk80d12,SMALL,10.0,D,0,0,True,27.098164528285036,0.02540370672107528,0.25969249734390076,-0.29651037381858836,0.3990794109146762,0.14358270999257383,0.24511420150412128,0.26832166589994233,0.027388171770890368,-0.29651037381858925,"H1,H2","H1,H2,OOS,DD,CAGR"
A,SMALL,SMALLk80d12,SMALL,10.0,2D,0,0,True,18.55191536770616,0.03564740491187979,0.3366151668078637,-0.3048254552797556,0.5152701072185698,0.1857057015540641,0.3895756507713763,0.3083429907868758,0.032901075766710974,-0.30482545527975313,"H1,H2","H1,H2,OOS,DD,CAGR"
A,SMALL,SMALLk80d12,SMALL,10.0,2D,1,0,False,18.56378485760275,0.04027600204082793,0.37087022463581076,-0.2791970924529994,0.5877052933255527,0.19056324526728463,0.44522664015663405,0.33172123005718096,0.036318157090762915,-0.2791970924529983,"H1,H2","H1,H2,OOS,DD,CAGR"
A,SMALL,SMALLk80d12,SMALL,10.0,W,0,0,True,12.177666672931554,0.0384807912998586,0.3544191584887946,-0.32684285583241457,0.6128512420885467,0.13758652086159326,0.45405857362029856,0.30092128124991646,0.03225898630935431,-0.3268428558324111,"H1,H2","H1,H2,OOS,DD,CAGR"
A,SMALL,SMALLk80d12,SMALL,10.0,W,0,1,False,11.916473270844726,0.05063238845653473,0.44417692814094295,-0.31765663185517423,0.7252669274251954,0.2091894095925824,0.6249061929497944,0.3472505656933877,0.0387887080955549,-0.3176566318551749,"H1,H2","H1,H2,OOS,DD,CAGR"
A,SMALL,SMALLk80d12,SMALL,10.0,W,0,2,False,11.881439876144361,0.03577738240364314,0.3342178940560576,-0.23291961687481866,0.49948378983736225,0.19502574877207993,0.39874163739816587,0.2995131361610456,0.03204343382857666,-0.232919616874818,"H1,H2","H1,H2,OOS,DD,CAGR"
A,SMALL,SMALLk80d12,SMALL,10.0,W,0,3,False,11.958054200477651,0.04692529612458807,0.4155803549991762,-0.3000594230759126,0.7059662262211696,0.17369236163640198,0.6120326292302313,0.31115873672134103,0.03388447564928332,-0.30005942307591227,"H1,H2","H1,H2,OOS,DD,CAGR"
A,SMALL,SMALLk80d12,SMALL,10.0,W,0,4,False,12.094320196535964,0.03822372699567178,0.3514674516568821,-0.3096878037351595,0.5458756288653865,0.1896653109699047,0.3707797854449096,0.34189414790266615,0.03822094666696252,-0.3096878037351599,"H1,H2","H1,H2,OOS,DD,CAGR"
A,SMALL,SMALLk80d12,SMALL,10.0,2W,0,0,True,8.531164620612072,0.04925631560039312,0.43037835388441076,-0.2673431056909027,0.5986385177034589,0.2889095960271641,0.4949138518865105,0.39541502809716633,0.045847832247069675,-0.26734310569090025,"H1,H2","H1,H2,OOS,DD,CAGR"
A,SMALL,SMALLk80d12,SMALL,10.0,2W,0,1,False,8.34707439443942,0.05873069417213017,0.4994381474274442,-0.2516051646469688,0.6503042017435745,0.37292164375637565,0.5762303507172852,0.4578735105309382,0.05474411071729879,-0.25160516464696814,"H1,H2","H1,H2,OOS,DD,CAGR"
A,SMALL,SMALLk80d12,SMALL,10.0,2W,0,2,False,8.483973003381323,0.0433531920437733,0.3888400263455386,-0.27972891597589555,0.5788252027966317,0.23079669014205326,0.46828496279311277,0.3468291524074567,0.03897237365054762,-0.27972891597589455,"H1,H2","H1,H2,OOS,DD,CAGR"
A,SMALL,SMALLk80d12,SMALL,10.0,2W,0,3,False,8.46125363073047,0.04601444468596827,0.40525880900632744,-0.3216745280825941,0.6513975845579327,0.20559731967726214,0.4950303440234273,0.35891046963295786,0.04122769449792063,-0.321674528082594,"H1,H2","H1,H2,OOS,DD,CAGR"
A,SMALL,SMALLk80d12,SMALL,10.0,2W,0,4,False,8.594648829306479,0.041609864939230023,0.37386336381503976,-0.35571460873484473,0.5619301625558341,0.2193542428893555,0.39121829277910924,0.3655319239806664,0.04196729696505397,-0.3557146087348432,"H1,H2","H1,H2,OOS,DD,CAGR"
A,SMALL,SMALLk80d12,SMALL,10.0,2W,1,0,False,8.623209117746581,0.03729536190370175,0.33962874489380346,-0.3783788662169013,0.6509637009480979,0.08730284281072412,0.46251445316802475,0.27519505036532815,0.029329185503896404,-0.37837886621689987,"H1,H2,DD","H1,H2,OOS,DD,CAGR"
A,SMALL,SMALLk80d12,SMALL,10.0,2W,1,1,False,8.583900854587059,0.04145119489592064,0.36944163130157326,-0.3706806346965289,0.6706850959280642,0.12511485114413312,0.5267404742447308,0.28710805543789386,0.031081596818111734,-0.370680634696529,"H1,H2,DD","H1,H2,OOS,DD,CAGR"
A,SMALL,SMALLk80d12,SMALL,10.0,2W,1,2,False,8.519095625940183,0.03890102470010803,0.3482937654455341,-0.3044822924466397,0.5345812604356717,0.20006848849909326,0.3929349183807794,0.3261099603338084,0.03721564605455718,-0.3044822924466386,"H1,H2","H1,H2,OOS,DD,CAGR"
A,SMALL,SMALLk80d12,SMALL,10.0,2W,1,3,False,8.579206023694995,0.04453785245873498,0.390679576586557,-0.3236481302251115,0.7111567200127137,0.12981213544667045,0.6416494442559707,0.2603158019706615,0.027280612974173613,-0.3236481302251114,"H1,H2","H1,H2,OOS,DD,CAGR"
A,SMALL,SMALLk80d12,SMALL,10.0,2W,1,4,False,8.485905669172217,0.02780794834365352,0.2703955581175034,-0.3633574062038264,0.5840213579663229,0.01583506846641272,0.4772231633809872,0.16145819715025775,0.01289201199269474,-0.3633574062038274,"H1,H2,DD","H1,H2,OOS,DD,CAGR"
A,SMALL,SMALLk80d12,SMALL,10.0,M,0,0,True,5.600916204128054,0.05859679638919135,0.4835472113077054,-0.328046876734034,0.7393021408304105,0.27049831817312664,0.6161902365861838,0.4113662658853328,0.04975700852541154,-0.3280468767340352,"H1,H2","H1,H2,OOS,DD,CAGR"
A,SMALL,SMALLk80d12,SMALL,10.0,M,0,1,False,5.733378529838521,0.055622806612183995,0.4669736138905462,-0.29705595505299476,0.7081306764500016,0.2656988912834011,0.5606290835619738,0.41666721397709694,0.050146956941817145,-0.2970559550529964,"H1,H2","H1,H2,OOS,DD,CAGR"
A,SMALL,SMALLk80d12,SMALL,10.0,M,0,2,False,5.820764057064429,0.056062255625750845,0.46245931677335017,-0.307972992794453,0.7151064369586961,0.26528764677552963,0.568486333260071,0.4090445969197823,0.05052031214908248,-0.30797299279445234,"H1,H2","H1,H2,OOS,DD,CAGR"
A,SMALL,SMALLk80d12,SMALL,10.0,M,0,3,False,5.826430438811789,0.04557115974439907,0.39271538691859265,-0.3362064609433536,0.7831313140654553,0.08641540626112204,0.6252313765292564,0.2742344788689031,0.029797527824406478,-0.33620646094335294,H2,"H1,H2,OOS,DD,CAGR"
A,SMALL,SMALLk80d12,SMALL,10.0,M,0,4,False,5.806047437383294,0.04157502291154391,0.3621244829341084,-0.3639862911296534,0.7477141948205,0.06293481372379983,0.5822114853085407,0.25174520323429805,0.026662314226451933,-0.36398629112965264,"H2,DD","H1,H2,OOS,DD,CAGR"
A,SMALL,SMALLk80d12,SMALL,10.0,6W,0,0,True,4.563949961315549,0.06409013495516747,0.5162782124235846,-0.34180839890801096,0.5678087722862692,0.48403422444374344,0.4673066530884411,0.544463456912133,0.0724808632566778,-0.3418083989080114,H1,"H1,H2,OOS,DD,CAGR"
A,SMALL,SMALLk80d12,SMALL,10.0,6W,0,1,False,4.603607206704718,0.05664131724454591,0.46334811496765993,-0.32575024904325733,0.5773946902795813,0.3819576022069118,0.45435867539884706,0.47098349421155583,0.06116104220137841,-0.32575024904325744,"H1,H2","H1,H2,OOS,DD,CAGR"
A,SMALL,SMALLk80d12,SMALL,10.0,6W,0,2,False,4.625710263534803,0.05345449700692262,0.44472060940182806,-0.2708015352831513,0.5830168856711572,0.3435762798409252,0.4605680107933853,0.4397954293173049,0.05580600584873552,-0.27080153528315243,"H1,H2","H1,H2,OOS,DD,CAGR"
A,SMALL,SMALLk80d12,SMALL,10.0,6W,0,3,False,4.547115601126525,0.06036963024851438,0.4905406413242005,-0.28209139347237855,0.7030391217722683,0.3368081465815735,0.5653887835146574,0.45743564122861174,0.058995966325166904,-0.28209139347237866,"H1,H2","H1,H2,OOS,DD,CAGR"
A,SMALL,SMALLk80d12,SMALL,10.0,6W,0,4,False,4.510994042359858,0.04620813243455402,0.39352547440570174,-0.3136566826102696,0.6983111585212458,0.16232512069831367,0.55531714144449,0.31454294143479133,0.036438266269734454,-0.3136566826102686,"H1,H2","H1,H2,OOS,DD,CAGR"
A,SMALL,SMALLk80d12,SMALL,10.0,6W,1,0,False,4.538522798335675,0.05438517841904855,0.44725363308286403,-0.33285260153475005,0.7986189877453003,0.18265316204252272,0.6722486607063453,0.3373994459339653,0.04021093121634434,-0.33285260153474927,H2,"H1,H2,OOS,DD,CAGR"
A,SMALL,SMALLk80d12,SMALL,10.0,6W,1,1,False,4.542375074936113,0.05470363053678917,0.4531644926040157,-0.34839028025909125,0.812851148680668,0.17050500468799337,0.7076516992227561,0.32295390008883357,0.037346505326717905,-0.3483902802590916,H2,"H1,H2,OOS,DD,CAGR"
A,SMALL,SMALLk80d12,SMALL,10.0,6W,1,2,False,4.549618406148848,0.0609339187294895,0.48970901507956366,-0.3743936482262701,0.7291782331262623,0.3038398978819187,0.6254401687713925,0.42103345544693094,0.05309105683880433,-0.3743936482262711,"H1,H2,DD","H1,H2,OOS,DD,CAGR"
A,SMALL,SMALLk80d12,SMALL,10.0,6W,1,3,False,4.56192751349778,0.055054364831121694,0.4538041334695578,-0.3163642710618284,0.7349750240089932,0.23123390648617154,0.6326519851258049,0.36179436238806567,0.04337889721829824,-0.3163642710618272,"H1,H2","H1,H2,OOS,DD,CAGR"
A,SMALL,SMALLk80d12,SMALL,10.0,6W,1,4,False,4.627694439389977,0.04059112031928902,0.3539332832769749,-0.39548171323493386,0.6594943993036207,0.10675566646455255,0.5432764678180141,0.25364568148916367,0.026823334146517386,-0.3954817132349334,"H1,H2,DD","H1,H2,OOS,DD,CAGR"
A,SMALL,SMALLk80d12,SMALL,10.0,6W,2,0,False,4.550244278965873,0.045705775332667065,0.3925938990763616,-0.33658588693754976,0.7449197566979676,0.1009292860051611,0.5477593537181272,0.3097129313847571,0.03492659915872931,-0.3365858869375511,H2,"H1,H2,OOS,DD,CAGR"
A,SMALL,SMALLk80d12,SMALL,10.0,6W,2,1,False,4.57477637673812,0.06455909666186077,0.5255103904026862,-0.28737228410278903,0.7564233783556241,0.3324982538292939,0.6598648129524937,0.4525120331758655,0.05582476533704739,-0.2873722841027887,H2,"H1,H2,OOS,DD,CAGR"
A,SMALL,SMALLk80d12,SMALL,10.0,6W,2,2,False,4.585664656076531,0.06357055101572051,0.525564910509302,-0.25197531336826384,0.7136904352455227,0.36661661563394915,0.6179829194132586,0.4754200764439756,0.05834182516580788,-0.2519753133682642,"H1,H2","H1,H2,OOS,DD,CAGR"
A,SMALL,SMALLk80d12,SMALL,10.0,6W,2,3,False,4.649561785990014,0.06514234630064397,0.5339047452564885,-0.24119232330826523,0.6795815384956291,0.4158178322254343,0.5387463114636916,0.5329301346087204,0.06779120456987364,-0.2411923233082639,H1,"H1,H2,OOS,DD,CAGR"
A,SMALL,SMALLk80d12,SMALL,10.0,6W,2,4,False,4.696760089953293,0.05647988571246598,0.4772719693563327,-0.2819884884475622,0.6744063942993048,0.31378216546992393,0.5329997713818654,0.448325949740754,0.0544389692239966,-0.28198848844756175,"H1,H2","H1,H2,OOS,DD,CAGR"
A,SMALL,SMALLk80d12,SMALL,10.0,6W,3,0,False,4.712647758313152,0.05560862974412917,0.46145607613605166,-0.29149832961653654,0.6360385826153172,0.32147613556489796,0.47631904068372244,0.4550070977296628,0.05698500486249913,-0.29149832961653566,"H1,H2","H1,H2,OOS,DD,CAGR"
A,SMALL,SMALLk80d12,SMALL,10.0,6W,3,1,False,4.760741734088486,0.05732672407183337,0.47241024179941604,-0.3062524023912059,0.6801032178034815,0.3053145488319307,0.5399845727292408,0.4382113116825582,0.05464332072668476,-0.30625240239120743,"H1,H2","H1,H2,OOS,DD,CAGR"
A,SMALL,SMALLk80d12,SMALL,10.0,6W,3,2,False,4.729245519023366,0.06207418664261022,0.5014955671374388,-0.2906770615169677,0.7135135533118703,0.33737293026715226,0.5976073135666655,0.45399236021169403,0.057836882409406876,-0.29067706151696704,"H1,H2","H1,H2,OOS,DD,CAGR"
A,SMALL,SMALLk80d12,SMALL,10.0,6W,3,3,False,4.6659508094621795,0.06780551103089616,0.5387119234407513,-0.30354045301691246,0.8740499902087961,0.2773451208360781,0.7453084792591861,0.43365733160826025,0.054774745986396756,-0.3035404530169139,H2,"H1,H2,OOS,DD,CAGR"
A,SMALL,SMALLk80d12,SMALL,10.0,6W,3,4,False,4.7060173872910696,0.05585752412484424,0.4540187345855539,-0.366221742309603,0.8299532858857612,0.1653735299466099,0.7378045968889798,0.3109168547897227,0.036173278065900094,-0.36622174230960336,"H2,DD","H1,H2,OOS,DD,CAGR"
A,SMALL,SMALLk80d12,SMALL,10.0,6W,4,0,False,4.661882172156362,0.058467701703558195,0.47924895790177174,-0.31753860374931975,0.6855758076148676,0.31753089389140843,0.6505488613454757,0.3909863757679944,0.04762334578925009,-0.3175386037493204,"H1,H2","H1,H2,OOS,DD,CAGR"
A,SMALL,SMALLk80d12,SMALL,10.0,6W,4,1,False,4.6953584107936726,0.05777549379841895,0.48008597936875314,-0.307620964679059,0.7141708341050895,0.29248688684719987,0.5969761448412441,0.4191443161126476,0.051071273371589676,-0.3076209646790593,"H1,H2","H1,H2,OOS,DD,CAGR"
A,SMALL,SMALLk80d12,SMALL,10.0,6W,4,2,False,4.800864184546362,0.051218305491688376,0.42777345910309283,-0.34965456953244,0.7398697690862346,0.18926238089485084,0.6344535810230113,0.32412172180824367,0.03779732325304552,-0.3496545695324391,"H1,H2","H1,H2,OOS,DD,CAGR"
A,SMALL,SMALLk80d12,SMALL,10.0,6W,4,3,False,4.752792140530609,0.062418692812955534,0.5020115726946733,-0.3503900358106231,0.7693692987674586,0.2969295521307621,0.6192807826012561,0.44405457478447175,0.05659145563907142,-0.350390035810624,H2,"H1,H2,OOS,DD,CAGR"
A,SMALL,SMALLk80d12,SMALL,10.0,6W,4,4,False,4.609124642002688,0.06430071368707302,0.5117706475150681,-0.33987962152116036,0.7965207492851596,0.3019829686863913,0.6287378241676995,0.4562147544480184,0.05922123988666983,-0.3398796215211598,H2,"H1,H2,OOS,DD,CAGR"
A,SMALL,SMALLk80d12,SMALL,10.0,6W,5,0,False,4.640680370321832,0.0533370438505365,0.4406224814178338,-0.3364304959914922,0.7204875956539454,0.22502945635127178,0.5389531972090773,0.3915403414430053,0.04827590975784957,-0.33643049599149366,"H1,H2","H1,H2,OOS,DD,CAGR"
A,SMALL,SMALLk80d12,SMALL,10.0,6W,5,1,False,4.663114174069175,0.06280064108101824,0.5035378151291434,-0.2895185491093496,0.6568331505302288,0.3896004078639457,0.45593267110116814,0.5308005464197412,0.07057111160819307,-0.2895185491093496,"H1,H2","H1,H2,OOS,DD,CAGR"
A,SMALL,SMALLk80d12,SMALL,10.0,6W,5,2,False,4.695800497272136,0.05280104371412975,0.43557783724615523,-0.3425074942348719,0.6315643123714967,0.2917694243048272,0.45949838268331356,0.42651938540233075,0.05439920688153399,-0.3425074942348717,"H1,H2","H1,H2,OOS,DD,CAGR"
A,SMALL,SMALLk80d12,SMALL,10.0,6W,5,3,False,4.659611037766966,0.05926028985848952,0.4796187637939726,-0.337149563883149,0.6321479910722898,0.3689513921914982,0.4907399413123515,0.4773728767770872,0.062456550595047844,-0.3371495638831483,"H1,H2","H1,H2,OOS,DD,CAGR"
A,SMALL,SMALLk80d12,SMALL,10.0,6W,5,4,False,4.7439744647046735,0.05353280528582682,0.4436615664843995,-0.32832000247397,0.5214903705952736,0.39034984378453963,0.40630637242432216,0.46548839751381454,0.0600785886204398,-0.32832000247397,"H1,H2","H1,H2,OOS,DD,CAGR"
A,SMALL,SMALLk80d12,SMALL,10.0,Q,0,0,True,2.8683935289553473,0.04241872331230945,0.3622980309649157,-0.36580163171084557,0.5726005941839416,0.19993206524471965,0.48929434694428375,0.2992288945056181,0.034503920938865784,-0.3658016317108467,"H1,H2,DD","H1,H2,OOS,DD,CAGR"
A,SMALL,SMALLk80d12,SMALL,10.0,Q,0,1,False,2.853073749794559,0.04584345864140715,0.38394429915615724,-0.3679083443365918,0.587703216418142,0.22796679793572922,0.46808537973517444,0.34309145729012697,0.041616924856474835,-0.36790834433659325,"H1,H2,DD","H1,H2,OOS,DD,CAGR"
A,SMALL,SMALLk80d12,SMALL,10.0,Q,0,2,False,2.8234408720615556,0.060739123155686414,0.48366406255081923,-0.3332919218875168,0.5827851900924008,0.41511285627682815,0.4350264386079818,0.5115621141641181,0.06913777740493243,-0.3332919218875171,H1,"H1,H2,OOS,DD,CAGR"
A,SMALL,SMALLk80d12,SMALL,10.0,Q,0,3,False,2.8449391727028077,0.06291067238359949,0.498265070216568,-0.38133627570291406,0.6270218835503971,0.4069549362005652,0.5337811738074447,0.4843091851734967,0.06457092771676254,-0.3813362757029133,"H1,DD","H1,H2,OOS,DD,CAGR"
A,SMALL,SMALLk80d12,SMALL,10.0,Q,0,4,False,2.822574001729827,0.058558029783165155,0.4737671291153732,-0.3827327735935927,0.6050580681676176,0.37814477897377363,0.5333139208178183,0.44682013561373546,0.057658728333642495,-0.3827327735935927,"H1,H2,DD","H1,H2,OOS,DD,CAGR"
A,SMALL,SMALLk80d13,SMALL,10.0,D,0,0,True,26.11807235702765,0.013146164682619421,0.16627047107271395,-0.3550999653574137,0.1305926785743326,0.19784050415348217,0.3070940861356849,0.08606123031097375,0.0026908906888596373,-0.31984792212297963,"H1,H2","H1,H2,OOS,DD,CAGR"
A,SMALL,SMALLk80d13,SMALL,10.0,2D,0,0,True,17.92657188412064,0.027571911811822947,0.2773581982705361,-0.278405850638914,0.2811771781015786,0.2754311220503371,0.4484161047080638,0.17979341335740967,0.015079241278530997,-0.2784058506389132,"H1,H2","H1,H2,OOS,DD,CAGR"
A,SMALL,SMALLk80d13,SMALL,10.0,2D,1,0,False,18.170186344313244,0.023570300680185508,0.24630051707177503,-0.323534962760771,0.25336409631460083,0.24170522535784011,0.5019373771277078,0.10243919444954072,0.004822519132279934,-0.32353496276077154,"H1,H2","H1,H2,OOS,DD,CAGR"
A,SMALL,SMALLk80d13,SMALL,10.0,W,0,0,True,11.54380169089429,0.03600838884119639,0.33878250631387397,-0.2749699036064347,0.419967903414774,0.2718341974164971,0.6002878039186629,0.19178402425534188,0.016817636345172415,-0.2749699036064337,"H1,H2","H1,H2,OOS,DD,CAGR"
A,SMALL,SMALLk80d13,SMALL,10.0,W,0,1,False,11.46943724321348,0.037349172170570766,0.34857530367592315,-0.3077698454075162,0.40025767384245076,0.3070607430537222,0.6649525201760474,0.17164180116528557,0.014106351025987562,-0.3077698454075156,"H1,H2","H1,H2,OOS,DD,CAGR"
A,SMALL,SMALLk80d13,SMALL,10.0,W,0,2,False,11.522349751041444,0.03547725957771086,0.33409110447693374,-0.3066850139418129,0.3713376265954526,0.30453690514703,0.5988882618465945,0.1860558092828903,0.016082033991793976,-0.3066850139418127,"H1,H2","H1,H2,OOS,DD,CAGR"
A,SMALL,SMALLk80d13,SMALL,10.0,W,0,3,False,11.584756939058956,0.03128520245874511,0.3032990835868374,-0.27680081235043996,0.3537915043761728,0.2625427144656133,0.49133769446006215,0.19849192355694373,0.017753966287430645,-0.27680081235043996,"H1,H2","H1,H2,OOS,DD,CAGR"
A,SMALL,SMALLk80d13,SMALL,10.0,W,0,4,False,11.58819936757774,0.03402217309928024,0.32301902674812905,-0.3321973714823018,0.4073573185059672,0.25329727898142196,0.535488386808733,0.20317730778098594,0.01839376296544737,-0.33219737148229944,"H1,H2","H1,H2,OOS,DD,CAGR"
A,SMALL,SMALLk80d13,SMALL,10.0,2W,0,0,True,8.053670515174602,0.05392226441169523,0.470263606592722,-0.2664305261894172,0.5401667761864044,0.4129184175937098,0.6791886327350605,0.3516050423628306,0.038725853845610336,-0.2664305261894171,H1,"H1,H2,OOS,DD,CAGR"
A,SMALL,SMALLk80d13,SMALL,10.0,2W,0,1,False,8.07437870190034,0.05050114858897503,0.44275824637686945,-0.2811645402180718,0.5782117439508292,0.3297366227304324,0.7348856957260514,0.27738094972813676,0.02867199996175751,-0.281164540218071,"H1,H2","H1,H2,OOS,DD,CAGR"
A,SMALL,SMALLk80d13,SMALL,10.0,2W,0,2,False,8.128818131122564,0.0441177641842283,0.3942363512729523,-0.30174082093687693,0.4473896769794742,0.35245679854662765,0.5999070773943579,0.2803573451502535,0.029353724738644615,-0.30174082093687693,"H1,H2","H1,H2,OOS,DD,CAGR"
A,SMALL,SMALLk80d13,SMALL,10.0,2W,0,3,False,7.991635688009309,0.04981757760270855,0.43313487280447927,-0.2954143926426954,0.46168470331122624,0.4133749088575626,0.5879846955073517,0.34987678033880576,0.03963458365569039,-0.2954143926426963,H1,"H1,H2,OOS,DD,CAGR"
A,SMALL,SMALLk80d13,SMALL,10.0,2W,0,4,False,8.087742326988574,0.044949753226126266,0.3993225452888315,-0.312877075080224,0.4532619254339857,0.35709746657833713,0.5416594852459115,0.3215348072650575,0.03532354757068479,-0.3128770750802228,"H1,H2","H1,H2,OOS,DD,CAGR"
A,SMALL,SMALLk80d13,SMALL,10.0,2W,1,0,False,8.034810355853349,0.042648712168005476,0.38339834905577574,-0.30675486145127673,0.4911532988427324,0.29631070933028647,0.6092375496924313,0.25965920604837384,0.026521916970235537,-0.3067548614512766,"H1,H2","H1,H2,OOS,DD,CAGR"
A,SMALL,SMALLk80d13,SMALL,10.0,2W,1,1,False,8.165501933709269,0.03930869525189862,0.3590483383679849,-0.3050695822520252,0.4502619443035056,0.2866336139948015,0.6600909869960059,0.19593803250595757,0.017633784070590686,-0.3050695822520273,"H1,H2","H1,H2,OOS,DD,CAGR"
A,SMALL,SMALLk80d13,SMALL,10.0,2W,1,2,False,8.223423064500107,0.035880970994641714,0.33317915010590576,-0.34209589562889353,0.5044299594171068,0.19182842828433752,0.7078345860664215,0.12517944570056047,0.007789081865050118,-0.34209589562889264,"H1,H2","H1,H2,OOS,DD,CAGR"
A,SMALL,SMALLk80d13,SMALL,10.0,2W,1,3,False,8.188887509813608,0.03856361015754861,0.3555371571369324,-0.3064583370460461,0.5122942806938964,0.22563994801889845,0.5863445215836744,0.22687572111558385,0.021743827912309,-0.3064583370460462,"H1,H2","H1,H2,OOS,DD,CAGR"
A,SMALL,SMALLk80d13,SMALL,10.0,2W,1,4,False,8.128704425675952,0.03928626102688404,0.35910054438926575,-0.3493407617833416,0.5297859680235101,0.2180279507141794,0.671191619367177,0.18413619945005355,0.015902487960721468,-0.34934076178334206,"H1,H2","H1,H2,OOS,DD,CAGR"
A,SMALL,SMALLk80d13,SMALL,10.0,M,0,0,True,5.3076026703781904,0.05858716974321054,0.49408615634993763,-0.31359637105831584,0.7360776612879265,0.2891094381479587,0.7848154638758341,0.3280855960481195,0.03618735256437744,-0.3135963710583156,"H1,H2","H1,H2,OOS,DD,CAGR"
A,SMALL,SMALLk80d13,SMALL,10.0,M,0,1,False,5.421612493307226,0.049183459416040076,0.4253140618181342,-0.29417857227927535,0.611543674625301,0.2661303737400129,0.6778757597150914,0.27949395851429387,0.029365975980427228,-0.2941785722792748,"H1,H2","H1,H2,OOS,DD,CAGR"
A,SMALL,SMALLk80d13,SMALL,10.0,M,0,2,False,5.519085168156005,0.0374880349072273,0.335928613646236,-0.34998214204775524,0.5072368870512489,0.20226575652247653,0.5635301510138438,0.21483801068710714,0.020817162682795987,-0.34998214204775535,"H1,H2","H1,H2,OOS,DD,CAGR"
A,SMALL,SMALLk80d13,SMALL,10.0,M,0,3,False,5.499445625355564,0.04613524486143605,0.3948054761809866,-0.36787281811203254,0.6570228778650279,0.19347607379769485,0.7401995148442355,0.21561345915388003,0.02105368990441825,-0.3678728181120331,"H1,H2,DD","H1,H2,OOS,DD,CAGR"
A,SMALL,SMALLk80d13,SMALL,10.0,M,0,4,False,5.5699827504033905,0.04146778604746082,0.3636038020344206,-0.3887527847231915,0.6322310306272838,0.1583131115480344,0.7288370300160614,0.17510598136302544,0.014986608802480816,-0.3887527847231914,"H1,H2,DD","H1,H2,OOS,DD,CAGR"
A,SMALL,SMALLk80d13,SMALL,10.0,6W,0,0,True,4.394094665961738,0.04048470444168051,0.3588749067984192,-0.38336414038602973,0.6078208587401883,0.16564328424188118,0.6627682216372476,0.19985662202516974,0.018566286176319835,-0.3833641403860294,"H1,H2,DD","H1,H2,OOS,DD,CAGR"
A,SMALL,SMALLk80d13,SMALL,10.0,6W,0,1,False,4.482600391838548,0.045917133186947234,0.39227914501028116,-0.33515260069506736,0.6033000990188337,0.23000917132107382,0.7124988652037465,0.22594722382161875,0.02264651052219846,-0.33515260069506714,"H1,H2","H1,H2,OOS,DD,CAGR"
A,SMALL,SMALLk80d13,SMALL,10.0,6W,0,2,False,4.457673253847902,0.04753258572853247,0.4029862009182505,-0.3561212522636691,0.6073420719833089,0.2473448080249996,0.671083129988601,0.2644364757544267,0.028498727074865338,-0.35612125226366964,"H1,H2","H1,H2,OOS,DD,CAGR"
A,SMALL,SMALLk80d13,SMALL,10.0,6W,0,3,False,4.3119122326679,0.05695029752745162,0.46699860315045677,-0.33050076730064015,0.7184479991467402,0.2767493825341672,0.7766229428410493,0.3098014163214333,0.035534316044255165,-0.3305007673006408,"H1,H2","H1,H2,OOS,DD,CAGR"
A,SMALL,SMALLk80d13,SMALL,10.0,6W,0,4,False,4.428238099257808,0.05359152696951863,0.44559368167786106,-0.36178722390813023,0.7277740625541778,0.23034863497315428,0.7828241651992849,0.2724867062391129,0.029681239513682733,-0.3617872239081308,"H1,H2,DD","H1,H2,OOS,DD,CAGR"
A,SMALL,SMALLk80d13,SMALL,10.0,6W,1,0,False,4.361662202264086,0.0568720640683964,0.46888956152573297,-0.3254654790480427,0.7126891085600423,0.2823089511353367,0.7832306918764188,0.3056187273631124,0.034560117828545955,-0.3254654790480427,"H1,H2","H1,H2,OOS,DD,CAGR"
A,SMALL,SMALLk80d13,SMALL,10.0,6W,1,1,False,4.408426120488484,0.04708302716237078,0.39978161080805374,-0.35757609645596067,0.6417364263750862,0.21768798582434884,0.7751321543849578,0.20826911071110396,0.020034874851271756,-0.3575760964559612,"H1,H2","H1,H2,OOS,DD,CAGR"
A,SMALL,SMALLk80d13,SMALL,10.0,6W,1,2,False,4.431936437877757,0.04452709007327993,0.37932101273302005,-0.382773798799646,0.5768709496655964,0.22920734311545538,0.709946625938995,0.20630316932221707,0.019781727623046752,-0.38277379879964735,"H1,H2,DD","H1,H2,OOS,DD,CAGR"
A,SMALL,SMALLk80d13,SMALL,10.0,6W,1,3,False,4.394907965987293,0.05034426802072467,0.42529662538229335,-0.3567048502091683,0.7346115023065418,0.184806937213208,0.817030441930783,0.22006474644945367,0.021617132677614448,-0.356704850209168,"H1,H2","H1,H2,OOS,DD,CAGR"
A,SMALL,SMALLk80d13,SMALL,10.0,6W,1,4,False,4.4923776767501105,0.03845778639754682,0.34116975937096994,-0.4056241065507715,0.6760457742823277,0.07495121782487686,0.7364661634046873,0.128249878395665,0.00804743591743784,-0.4056241065507722,"H1,H2,DD","H1,H2,OOS,DD,CAGR"
A,SMALL,SMALLk80d13,SMALL,10.0,6W,2,0,False,4.426803253534244,0.050489393018914974,0.42951174310263435,-0.3640000644859155,0.7198255427193114,0.19222592439636213,0.7905651703613962,0.22985180133991545,0.022747966862289637,-0.36400006448591604,"H1,H2,DD","H1,H2,OOS,DD,CAGR"
A,SMALL,SMALLk80d13,SMALL,10.0,6W,2,1,False,4.542607797120652,0.04208898619488277,0.3700415982002995,-0.37978198224286264,0.6233835668327543,0.16090280444378907,0.7017740160092655,0.1838068901541185,0.01608245841624001,-0.3797819822428621,"H1,H2,DD","H1,H2,OOS,DD,CAGR"
A,SMALL,SMALLk80d13,SMALL,10.0,6W,2,2,False,4.4812112601206255,0.042536483802462444,0.3744115067115726,-0.3561447122332848,0.497191013387869,0.2731335045920808,0.5838904009273215,0.257118607939365,0.026608137778427965,-0.35614471223328525,"H1,H2","H1,H2,OOS,DD,CAGR"
A,SMALL,SMALLk80d13,SMALL,10.0,6W,2,3,False,4.514112853625169,0.03997364346550891,0.35686713420264216,-0.3666460724846553,0.3562367731376548,0.3605039646626908,0.40794717514186496,0.32936478671147323,0.037192079833431535,-0.33871601518055205,"H1,H2,DD","H1,H2,OOS,DD,CAGR"
A,SMALL,SMALLk80d13,SMALL,10.0,6W,2,4,False,4.500205711713269,0.03948671787649727,0.3551452587814997,-0.3153051028211866,0.40883663341142584,0.3132138196127718,0.4809634203769987,0.2864266369389084,0.03076887101277137,-0.31476916704313307,"H1,H2","H1,H2,OOS,DD,CAGR"
A,SMALL,SMALLk80d13,SMALL,10.0,6W,3,0,False,4.4867887333186465,0.05482555686319368,0.46401698234883393,-0.30852267495959884,0.5220597165639037,0.4194441016828528,0.5952724682668544,0.3923964799963005,0.046166924490598005,-0.30852267495960073,H1,"H1,H2,OOS,DD,CAGR"
A,SMALL,SMALLk80d13,SMALL,10.0,6W,3,1,False,4.485303962336399,0.058706717480703885,0.4942257013913866,-0.2817034576985309,0.6246188898375994,0.38978011166580806,0.7393286726485917,0.35929133103936467,0.0410377624597007,-0.28170345769853045,"H1,H2","H1,H2,OOS,DD,CAGR"
A,SMALL,SMALLk80d13,SMALL,10.0,6W,3,2,False,4.510695953399946,0.06215942619930881,0.5165488041799853,-0.2935668500962526,0.7132623806879491,0.35792466711744214,0.833462583427612,0.34242984944739113,0.038788017619058035,-0.29356685009625316,"H1,H2","H1,H2,OOS,DD,CAGR"
A,SMALL,SMALLk80d13,SMALL,10.0,6W,3,3,False,4.459515748375319,0.07116848886859484,0.5816792098431298,-0.29677216143314233,0.6638328904120777,0.5167080320831758,0.7375182179669287,0.4944620286868481,0.060451559396647925,-0.2967721614331442,H1,"H1,H2,OOS,DD,CAGR"
A,SMALL,SMALLk80d13,SMALL,10.0,6W,3,4,False,4.425523181179073,0.06202016251604703,0.5141687198393184,-0.3417785538410485,0.6273816811931776,0.4241679584201778,0.7096349333526847,0.4059361283955419,0.048056440188493754,-0.3417785538410495,H1,"H1,H2,OOS,DD,CAGR"
A,SMALL,SMALLk80d13,SMALL,10.0,6W,4,0,False,4.386355414959341,0.06295523945365789,0.5242886545194719,-0.3408001961512158,0.6102986072731873,0.45591696231004303,0.7425392844416887,0.40293438923588676,0.04722479761597098,-0.3408001961512168,H1,"H1,H2,OOS,DD,CAGR"
A,SMALL,SMALLk80d13,SMALL,10.0,6W,4,1,False,4.450571015176747,0.054733165433463515,0.46913365189309003,-0.32652577529023896,0.647766600459619,0.32240623237052013,0.733277639660775,0.321687118531553,0.035271648940235156,-0.3265257752902391,"H1,H2","H1,H2,OOS,DD,CAGR"
A,SMALL,SMALLk80d13,SMALL,10.0,6W,4,2,False,4.490213651549346,0.053114199491780756,0.4454229069544248,-0.3537741377264765,0.5849126475941623,0.34157509268512193,0.6854197449358616,0.3203182497435499,0.03656610347963696,-0.35377413772647603,"H1,H2","H1,H2,OOS,DD,CAGR"
A,SMALL,SMALLk80d13,SMALL,10.0,6W,4,3,False,4.435580465180643,0.05482022310334056,0.4501875941602139,-0.40034962479711256,0.6500984465273891,0.3009835526093614,0.737662826360899,0.3031767272006512,0.03464828845372003,-0.400349624797113,"H1,H2,DD","H1,H2,OOS,DD,CAGR"
A,SMALL,SMALLk80d13,SMALL,10.0,6W,4,4,False,4.414629217207508,0.04656202135036147,0.3964193140851966,-0.3990862391432892,0.6493710649159188,0.2044799698846695,0.757198203409548,0.20971722185942018,0.0202211194143318,-0.3990862391432898,"H1,H2,DD","H1,H2,OOS,DD,CAGR"
A,SMALL,SMALLk80d13,SMALL,10.0,6W,5,0,False,4.354328888314335,0.04461682450754201,0.38279345191969477,-0.36831639732049704,0.6733877127017788,0.1582529544182823,0.7797753493606945,0.1748843485879911,0.01498724846190691,-0.36831639732049637,"H1,H2,DD","H1,H2,OOS,DD,CAGR"
A,SMALL,SMALLk80d13,SMALL,10.0,6W,5,1,False,4.44275677736325,0.04034717384597708,0.3549517164732899,-0.40496605785381146,0.5966145578088897,0.17265161018510275,0.7196923716839844,0.16798090803243465,0.013949865184212928,-0.40496605785381146,"H1,H2,DD","H1,H2,OOS,DD,CAGR"
A,SMALL,SMALLk80d13,SMALL,10.0,6W,5,2,False,4.403070704466874,0.04684959986901038,0.401329786826346,-0.41344160502123994,0.6809338258719101,0.1841907321209204,0.7868466983439596,0.19970474106779093,0.018607100215099148,-0.4134416050212406,"H1,H2,DD","H1,H2,OOS,DD,CAGR"
A,SMALL,SMALLk80d13,SMALL,10.0,6W,5,3,False,4.35117584508267,0.0436108011721541,0.3791292840224449,-0.4083746204438238,0.5908683522445263,0.21464216821517787,0.6602777035864873,0.2323683635968564,0.023450287465870856,-0.4083746204438238,"H1,H2,DD","H1,H2,OOS,DD,CAGR"
A,SMALL,SMALLk80d13,SMALL,10.0,6W,5,4,False,4.436327941153466,0.033065392531317794,0.306304245573803,-0.3834170453302578,0.5736243164104374,0.09661131388829654,0.6584592342596883,0.1212914127958932,0.007079780166565186,-0.3834170453302579,"H1,H2,DD","H1,H2,OOS,DD,CAGR"
A,SMALL,SMALLk80d13,SMALL,10.0,Q,0,0,True,2.575627848066504,0.029636360068719947,0.2769377741447151,-0.4410084223887506,0.5835493309940869,0.044458636951912205,0.5652684550887681,0.1308644446993125,0.008325565363122012,-0.44100842238875093,"H1,H2,DD","H1,H2,OOS,DD,CAGR"
A,SMALL,SMALLk80d13,SMALL,10.0,Q,0,1,False,2.632816077395752,0.029786452995674173,0.2791255174780888,-0.41317121783059096,0.5382761423589686,0.07596611829873393,0.5239182477718185,0.15086271949792873,0.01139659393647996,-0.4131712178305903,"H1,H2,DD","H1,H2,OOS,DD,CAGR"
A,SMALL,SMALLk80d13,SMALL,10.0,Q,0,2,False,2.674266742646584,0.02580210217265666,0.25025012542016456,-0.4180848233072191,0.4490445103873161,0.09764801896328527,0.4142280689007546,0.16591405628167166,0.013684207249358371,-0.4180848233072194,"H1,H2,DD","H1,H2,OOS,DD,CAGR"
A,SMALL,SMALLk80d13,SMALL,10.0,Q,0,3,False,2.668671996905845,0.04100438070533041,0.35640790491060503,-0.4200393745219696,0.6153430062394167,0.1533229850231908,0.6388068421535509,0.20861301626217965,0.02008768090573354,-0.4200393745219697,"H1,H2,DD","H1,H2,OOS,DD,CAGR"
A,SMALL,SMALLk80d13,SMALL,10.0,Q,0,4,False,2.646752724871063,0.0351701381423446,0.31803188550766076,-0.44466593609352434,0.5548829897894965,0.13261430400962107,0.5554885485187273,0.19412618499675927,0.01783606463473797,-0.4446659360935229,"H1,H2,DD","H1,H2,OOS,DD,CAGR"
A,SMALL,SMALLk80d14,SMALL,10.0,D,0,0,True,26.844040422257056,0.028006582659357848,0.2686935530244475,-0.46305901422926266,0.43676599545765726,0.13689519573748699,0.4138370586348335,0.19459595242357805,0.017960839799965322,-0.4630590142292611,"H1,H2,DD","H1,H2,OOS,DD,CAGR"
A,SMALL,SMALLk80d14,SMALL,10.0,2D,0,0,True,18.73754715009021,0.041967045486093424,0.36589104721355414,-0.38233969954546576,0.4950628175221896,0.2658775734204755,0.4755337913804322,0.31038461330583134,0.03541994010098537,-0.3823396995454652,"H1,H2,DD","H1,H2,OOS,DD,CAGR"
A,SMALL,SMALLk80d14,SMALL,10.0,2D,1,0,False,18.98725713569646,0.03649811707071815,0.32762743298093305,-0.4551302989391448,0.5359296244876777,0.16633465795675356,0.5508575731163463,0.21485445841059694,0.021058506944910516,-0.455130298939146,"H1,H2,DD","H1,H2,OOS,DD,CAGR"
A,SMALL,SMALLk80d14,SMALL,10.0,W,0,0,True,12.080877092855618,0.042549280869597306,0.367202308429867,-0.3420824118298129,0.46288449404485765,0.29522915589321985,0.4121089587888001,0.3457207557618798,0.0412185633647173,-0.34208241182981347,"H1,H2","H1,H2,OOS,DD,CAGR"
A,SMALL,SMALLk80d14,SMALL,10.0,W,0,1,False,12.20462774648033,0.04278748385030906,0.3706623733329889,-0.3404127088821709,0.5432800528789847,0.23658257277984407,0.5695204738331165,0.26925845194297876,0.029283303610680544,-0.34041270888217257,"H1,H2","H1,H2,OOS,DD,CAGR"
A,SMALL,SMALLk80d14,SMALL,10.0,W,0,2,False,11.954052913365615,0.0524480836161898,0.43476092564331464,-0.3671720559386541,0.6077992777050668,0.29860798583632514,0.6015730873682372,0.34830145804162066,0.04142855164827619,-0.36717205593865443,"H1,H2,DD","H1,H2,OOS,DD,CAGR"
A,SMALL,SMALLk80d14,SMALL,10.0,W,0,3,False,12.043966137466036,0.04684490302845412,0.39699588029285565,-0.4583026034419123,0.6566542168596207,0.19170100574552748,0.6728496869001999,0.2547987997408354,0.027162192894182535,-0.458302603441912,"H1,H2,DD","H1,H2,OOS,DD,CAGR"
A,SMALL,SMALLk80d14,SMALL,10.0,W,0,4,False,11.95209511991168,0.06397894034011431,0.5123328069625049,-0.3201105343899596,0.5793255797222888,0.4619673668825543,0.5629734740980904,0.48716715337363187,0.06293228645349491,-0.3201105343899595,H1,"H1,H2,OOS,DD,CAGR"
A,SMALL,SMALLk80d14,SMALL,10.0,2W,0,0,True,8.67623166514557,0.045540342337952344,0.38311947727941,-0.3766534146655758,0.5736506915903,0.2351784462504509,0.5693473644725763,0.28802130293089023,0.03268854595106063,-0.37665341466557656,"H1,H2,DD","H1,H2,OOS,DD,CAGR"
A,SMALL,SMALLk80d14,SMALL,10.0,2W,0,1,False,8.650686738057157,0.04635310268308812,0.3903704468041529,-0.3986421077402763,0.6591449701222525,0.17800063090589124,0.7035478723080568,0.22732237654380544,0.02310709603575334,-0.3986421077402753,"H1,H2,DD","H1,H2,OOS,DD,CAGR"
A,SMALL,SMALLk80d14,SMALL,10.0,2W,0,2,False,8.615478343426387,0.057860543390854335,0.46821857546480844,-0.37267585742036513,0.5760043627747252,0.38492010275614674,0.5964397641845903,0.4017365428371203,0.04999454243768375,-0.37267585742036513,"H1,H2,DD","H1,H2,OOS,DD,CAGR"
A,SMALL,SMALLk80d14,SMALL,10.0,2W,0,3,False,8.569364524678837,0.05519560629968123,0.4495419213983495,-0.35276699504387266,0.5742091838396116,0.35398389942440317,0.6191006973092315,0.36271822215640526,0.04415489904183123,-0.352766995043872,"H1,H2","H1,H2,OOS,DD,CAGR"
A,SMALL,SMALLk80d14,SMALL,10.0,2W,0,4,False,8.48618263701192,0.06678357446400973,0.5260482814397691,-0.33018816966394715,0.6441025226419894,0.43666010921839,0.6900270802386304,0.4420681038329291,0.056673457478256806,-0.3301881696639476,H1,"H1,H2,OOS,DD,CAGR"
A,SMALL,SMALLk80d14,SMALL,10.0,2W,1,0,False,8.583099543438127,0.056275556859048725,0.4561111879514002,-0.35904531570800324,0.5566589552948666,0.3815047909039473,0.5718044848167373,0.3980918573588802,0.0498732538307467,-0.35904531570800335,"H1,H2","H1,H2,OOS,DD,CAGR"
A,SMALL,SMALLk80d14,SMALL,10.0,2W,1,1,False,8.662903608658647,0.04524347488662839,0.38414208028246727,-0.37059742179157895,0.6511759445040181,0.17549234628516927,0.642295568303098,0.2524191591077361,0.026960990435359378,-0.3705974217915782,"H1,H2,DD","H1,H2,OOS,DD,CAGR"
A,SMALL,SMALLk80d14,SMALL,10.0,2W,1,2,False,8.60429721783111,0.043897363215753105,0.3731653724535217,-0.37984947999479346,0.6376834419525308,0.16361265650846923,0.6515284209204721,0.2286043910560671,0.023347326689063808,-0.37984947999479435,"H1,H2,DD","H1,H2,OOS,DD,CAGR"
A,SMALL,SMALLk80d14,SMALL,10.0,2W,1,3,False,8.608989300914823,0.03656518540151055,0.3237547389018397,-0.43416656095156114,0.7245394643752724,0.005533529994204789,0.6894286433930299,0.13446734859218465,0.008949747301337352,-0.4341665609515636,"H1,H2,DD","H1,H2,OOS,DD,CAGR"
A,SMALL,SMALLk80d14,SMALL,10.0,2W,1,4,False,8.570222211738075,0.05429522039099188,0.4412987365158787,-0.38425970821099353,0.6903744641289495,0.24342144179147088,0.6814088621916174,0.31596204946054585,0.0369532419541343,-0.38425970821099464,"H1,H2,DD","H1,H2,OOS,DD,CAGR"
A,SMALL,SMALLk80d14,SMALL,10.0,M,0,0,True,5.849827584753016,0.04226056328572936,0.3588783282207147,-0.4317753656976816,0.6879479857960885,0.09288425929440466,0.7332997606573683,0.16177067510555745,0.01312472172071022,-0.43177536569768227,"H1,H2,DD","H1,H2,OOS,DD,CAGR"
A,SMALL,SMALLk80d14,SMALL,10.0,M,0,1,False,5.907767381968743,0.037223594026297935,0.3239619191711766,-0.467771934054936,0.7116674352234293,0.01667065921396346,0.7073086578695449,0.1266207998948549,0.007653514349312163,-0.46777193405493533,"H1,H2,DD","H1,H2,OOS,DD,CAGR"
A,SMALL,SMALLk80d14,SMALL,10.0,M,0,2,False,5.874321772903276,0.035077852155144695,0.3086450225258814,-0.4813989785152266,0.6563671736248273,0.036742895771597686,0.6701418024303565,0.12311495254978816,0.007058370108783851,-0.48139897851522684,"H1,H2,DD","H1,H2,OOS,DD,CAGR"
A,SMALL,SMALLk80d14,SMALL,10.0,M,0,3,False,5.871936034622762,0.04870324390132419,0.3975261938183724,-0.4763522427075255,0.7753228232678857,0.10630222368233277,0.8093288909604052,0.18694505215987217,0.017118474454309585,-0.47635224270752496,"H2,DD","H1,H2,OOS,DD,CAGR"
A,SMALL,SMALLk80d14,SMALL,10.0,M,0,4,False,5.921092367603617,0.0413575686961527,0.34750541863229867,-0.47316779150374944,0.6374070823532656,0.12662290153116726,0.6736375029807419,0.1824535142090439,0.016451813499242185,-0.4731677915037491,"H1,H2,DD","H1,H2,OOS,DD,CAGR"
A,SMALL,SMALLk80d14,SMALL,10.0,6W,0,0,True,4.683238828312765,0.03664199443932614,0.31660210939091515,-0.5012492024968572,0.6326838198657089,0.07785134084259816,0.5940218936375626,0.18001080705362008,0.01607496484470805,-0.5012492024968569,"H1,H2,DD","H1,H2,OOS,DD,CAGR"
A,SMALL,SMALLk80d14,SMALL,10.0,6W,0,1,False,4.75709918509666,0.04118482259608891,0.3461460707967824,-0.5144174606985263,0.7556349671853217,0.03910793347106503,0.7695552055272425,0.13907631170157633,0.00945625515952897,-0.5144174606985268,"H2,DD","H1,H2,OOS,DD,CAGR"
A,SMALL,SMALLk80d14,SMALL,10.0,6W,0,2,False,4.7333368068443304,0.050390084505893995,0.40787150991759696,-0.4816796650299948,0.8051582547116611,0.10576735188055417,0.7953724770356521,0.21514654408437545,0.021671290831852374,-0.4816796650299945,"H2,DD","H1,H2,OOS,DD,CAGR"
A,SMALL,SMALLk80d14,SMALL,10.0,6W,0,3,False,4.669255387577322,0.04519897111002957,0.3734583041781417,-0.48140252508902304,0.8404959327790726,0.021859179197416638,0.832360202724656,0.14928916606264686,0.011114584189771737,-0.48140252508902326,"H2,DD","H1,H2,OOS,DD,CAGR"
A,SMALL,SMALLk80d14,SMALL,10.0,6W,0,4,False,4.7230718313003885,0.05216431405852018,0.41860373969115056,-0.4691905044991531,0.8430311723558556,0.0969943255689152,0.8801250093768477,0.18976521572469834,0.017605107507253193,-0.46919050449915434,"H2,DD","H1,H2,OOS,DD,CAGR"
A,SMALL,SMALLk80d14,SMALL,10.0,6W,1,0,False,4.780514671182904,0.05133844467540882,0.41354905555223254,-0.4710196303862353,0.8333851792329123,0.10551465968334969,0.8857820573590933,0.18291260556992628,0.016518368272266937,-0.47101963038623507,"H2,DD","H1,H2,OOS,DD,CAGR"
A,SMALL,SMALLk80d14,SMALL,10.0,6W,1,1,False,4.779000043070361,0.056025998070992955,0.44200213444890263,-0.4380451422452274,0.9181157649435615,0.08684878905953568,0.8850679831896652,0.2250526914939276,0.023391111554385224,-0.43804514224522684,"H2,DD","H2,OOS,DD,CAGR"
A,SMALL,SMALLk80d14,SMALL,10.0,6W,1,2,False,4.759883738652265,0.05156254102048785,0.4107896784919601,-0.4714347600814667,0.8004228036048059,0.11361134534010009,0.8699244913390319,0.18035333683931012,0.016140285619079764,-0.47143476008146756,"H2,DD","H1,H2,OOS,DD,CAGR"
A,SMALL,SMALLk80d14,SMALL,10.0,6W,1,3,False,4.697290861160424,0.051360072812304036,0.4122545519275661,-0.4287074109254644,0.8697609380893976,0.06168393493623952,0.9418357783847446,0.14665017654123919,0.010690313024497078,-0.4287074109254648,"H2,DD","H1,H2,OOS,DD,CAGR"
A,SMALL,SMALLk80d14,SMALL,10.0,6W,1,4,False,4.640426900157548,0.06742580002761511,0.5075002329358312,-0.41606314798720356,0.8617502201792175,0.237465852251138,0.8881163504575635,0.3152022108822565,0.03846412180503522,-0.4160631479872029,"H2,DD","H1,H2,OOS,DD,CAGR"
A,SMALL,SMALLk80d14,SMALL,10.0,6W,2,0,False,4.82105644133145,0.06333064229537655,0.4892717458902958,-0.3697208201770067,0.8169057818294421,0.2402236020477983,0.8010954853038084,0.3336163336938775,0.04101521330355018,-0.3697208201770077,"H2,DD","H1,H2,OOS,DD,CAGR"
A,SMALL,SMALLk80d14,SMALL,10.0,6W,2,1,False,4.83133892841657,0.06175812539820558,0.48107701596039315,-0.44227705729327216,0.77517621229047,0.2562759389594479,0.8488605916171268,0.29553338922473454,0.03460515055335911,-0.44227705729327116,"H2,DD","H1,H2,OOS,DD,CAGR"
A,SMALL,SMALLk80d14,SMALL,10.0,6W,2,2,False,4.747503728505219,0.07155385736152797,0.5461279077245939,-0.3970535917145577,0.740817833847238,0.3951795329787664,0.7934094783731901,0.4188418820506611,0.054212964313304024,-0.3970535917145578,"H1,H2,DD","H1,H2,OOS,DD,CAGR"
A,SMALL,SMALLk80d14,SMALL,10.0,6W,2,3,False,4.763996246080558,0.06948004229671767,0.5311517131439386,-0.361659413697738,0.6178773039095347,0.46916418397667403,0.7170531270494035,0.43817253418511326,0.05782101013575702,-0.3616594136977378,"H1,DD","H1,H2,OOS,DD,CAGR"
A,SMALL,SMALLk80d14,SMALL,10.0,6W,2,4,False,4.765406619669181,0.07513143182061977,0.5682612548279464,-0.38255717145107715,0.6621979590554358,0.5000403246461862,0.7225862292717687,0.4913022512628712,0.0664028880610934,-0.3825571714510754,"H1,DD","H1,H2,OOS,DD,CAGR"
A,SMALL,SMALLk80d14,SMALL,10.0,6W,3,0,False,4.7249322153433795,0.07059034953292453,0.536362819626005,-0.3397769890783974,0.5593037730819825,0.5239116276951008,0.6052766342330359,0.5024368077204105,0.06842073288349204,-0.3397769890783966,H1,"H1,H2,OOS,DD,CAGR"
A,SMALL,SMALLk80d14,SMALL,10.0,6W,3,1,False,4.733069477986574,0.07927233914592335,0.5998429328725657,-0.3128054162991305,0.7534028240312965,0.4826008970924211,0.780968505925904,0.5063008126998596,0.06781113464807964,-0.31280541629912917,-,"H1,H2,OOS,DD,CAGR"
A,SMALL,SMALLk80d14,SMALL,10.0,6W,3,2,False,4.79424597981985,0.06826852743267664,0.5265509079720186,-0.3552068136360006,0.7169239284339552,0.37798089734131624,0.7221620773217555,0.423487555882287,0.05451660716846973,-0.3552068136359984,"H1,H2","H1,H2,OOS,DD,CAGR"
A,SMALL,SMALLk80d14,SMALL,10.0,6W,3,3,False,4.722870240551124,0.05764356413020311,0.4587101222928801,-0.3754097659588598,0.7046525302753609,0.26578639278191,0.7166316850449795,0.3221840852043595,0.03823557054999105,-0.3754097659588612,"H1,H2,DD","H1,H2,OOS,DD,CAGR"
A,SMALL,SMALLk80d14,SMALL,10.0,6W,3,4,False,4.699887690394902,0.0629391681882927,0.4935789422566973,-0.3771514382465819,0.7338128445066874,0.3039586920516749,0.7709602062672127,0.3463581372225496,0.042008400753340336,-0.3771514382465806,"H1,H2,DD","H1,H2,OOS,DD,CAGR"
A,SMALL,SMALLk80d14,SMALL,10.0,6W,4,0,False,4.714159456051677,0.049540296579129395,0.4064825844480728,-0.40673403062652147,0.5975351438263697,0.259514372605509,0.645903088812485,0.2830508925151361,0.03213921540475595,-0.40673403062652136,"H1,H2,DD","H1,H2,OOS,DD,CAGR"
A,SMALL,SMALLk80d14,SMALL,10.0,6W,4,1,False,4.735615313262987,0.0439777672821593,0.3699653563052378,-0.4268170887681403,0.5668371818941611,0.2195742297760805,0.5050194875612909,0.30142215204494344,0.03506410348935707,-0.4268170887681402,"H1,H2,DD","H1,H2,OOS,DD,CAGR"
A,SMALL,SMALLk80d14,SMALL,10.0,6W,4,2,False,4.8240140532955404,0.05544070864931849,0.43784083972290533,-0.4300208817416439,0.6868363718816739,0.25334273841901783,0.6602737697993729,0.3277170727698017,0.0401734886645726,-0.4300208817416453,"H1,H2,DD","H1,H2,OOS,DD,CAGR"
A,SMALL,SMALLk80d14,SMALL,10.0,6W,4,3,False,4.90420393673141,0.049496025459552895,0.39952952865813623,-0.46057580605928716,0.7047065563404705,0.1690418391506524,0.6990453122063446,0.24919238647588263,0.02728941786280381,-0.4605758060592866,"H1,H2,DD","H1,H2,OOS,DD,CAGR"
A,SMALL,SMALLk80d14,SMALL,10.0,6W,4,4,False,4.687204537618722,0.04947725967228833,0.39924535887614815,-0.4906509318745478,0.7278868845492728,0.15686987427359797,0.7985211516573426,0.20286765631866618,0.019807483432561224,-0.4906509318745479,"H1,H2,DD","H1,H2,OOS,DD,CAGR"
A,SMALL,SMALLk80d14,SMALL,10.0,6W,5,0,False,4.690240962405865,0.04412913035554711,0.36372036363231147,-0.49479530906054925,0.7010736699255317,0.11610051164200033,0.7036457379965728,0.19746557207732993,0.018956283803629015,-0.4947953090605497,"H1,H2,DD","H1,H2,OOS,DD,CAGR"
A,SMALL,SMALLk80d14,SMALL,10.0,6W,5,1,False,4.75175093734482,0.05416838060762075,0.4284924538430061,-0.49917023329759225,0.7453597875614549,0.1946582474195249,0.8245904832467248,0.2337184574023939,0.024864274775212136,-0.49917023329759314,"H2,DD","H1,H2,OOS,DD,CAGR"
A,SMALL,SMALLk80d14,SMALL,10.0,6W,5,2,False,4.737608447265796,0.04883100434573873,0.3948632577833991,-0.49991117357179127,0.7734797037783322,0.1126820814695581,0.8049283167180615,0.19372476565504176,0.018312034588980897,-0.4999111735717927,"H2,DD","H1,H2,OOS,DD,CAGR"
A,SMALL,SMALLk80d14,SMALL,10.0,6W,5,3,False,4.691621846690589,0.045820295485770934,0.37291232001200625,-0.49153098931092964,0.6977935576962179,0.13166132849527776,0.6826553258654082,0.22136590294868513,0.022939159389580244,-0.49153098931093,"H1,H2,DD","H1,H2,OOS,DD,CAGR"
A,SMALL,SMALLk80d14,SMALL,10.0,6W,5,4,False,4.773164783076924,0.031703370220450555,0.28402209260976385,-0.5017400723940807,0.559009573749104,0.0780197956822452,0.5721442712777357,0.14169890369027666,0.009875226918352409,-0.5017400723940802,"H1,H2,DD","H1,H2,OOS,DD,CAGR"
A,SMALL,SMALLk80d14,SMALL,10.0,Q,0,0,True,2.8780560833873574,0.054905407822152696,0.4294104915857237,-0.4729610025986972,0.6659844375978388,0.2612383730415795,0.7014193951013027,0.2998308543269179,0.03619864963211339,-0.4729610025986968,"H1,H2,DD","H1,H2,OOS,DD,CAGR"
A,SMALL,SMALLk80d14,SMALL,10.0,Q,0,1,False,2.8694218851240962,0.06317742752644917,0.4815804529463551,-0.4794420976692648,0.7055885547938862,0.32862699652190525,0.7591519748764133,0.3517178466681573,0.045061757128477486,-0.4794420976692657,"H1,H2,DD","H1,H2,OOS,DD,CAGR"
A,SMALL,SMALLk80d14,SMALL,10.0,Q,0,2,False,2.8268663196920456,0.07465569880455591,0.5500543949061184,-0.4652540349420402,0.7980312499986666,0.3812642389870378,0.7783724314590129,0.445152218982499,0.061513780200369794,-0.46525403494204043,"H2,DD","H1,H2,OOS,DD,CAGR"
A,SMALL,SMALLk80d14,SMALL,10.0,Q,0,3,False,2.802017772097571,0.09042890376768709,0.6444208962602763,-0.46434270237204656,0.9513978983061375,0.42741081279653187,0.8920506783315103,0.5308154663988586,0.07676892197872243,-0.4643427023720471,DD,"H2,OOS,DD,CAGR"
A,SMALL,SMALLk80d14,SMALL,10.0,Q,0,4,False,2.784129699997968,0.08516466378354992,0.6089376757422632,-0.465075270443849,0.80976867416482,0.4715138365137191,0.7650723965645643,0.5395483419401149,0.07891102591655996,-0.4650752704438489,DD,"H1,H2,OOS,DD,CAGR"
A,SMALL,SMALLk80d15,SMALL,10.0,D,0,0,True,26.32789605066531,0.03167026190111888,0.30835957142939574,-0.27345212834283894,0.4019544175344106,0.2288680976305573,0.5172013085562059,0.1914064768197056,0.016679043310948938,-0.27345212834283894,"H1,H2","H1,H2,OOS,DD,CAGR"
A,SMALL,SMALLk80d15,SMALL,10.0,2D,0,0,True,18.30623897982649,0.04569291787365093,0.4143935904161461,-0.2575101322943727,0.5174434067949305,0.32806715626329436,0.6369209095907761,0.2904120179603459,0.030058997074872362,-0.25751013229437225,"H1,H2","H1,H2,OOS,DD,CAGR"
A,SMALL,SMALLk80d15,SMALL,10.0,2D,1,0,False,18.398120187177803,0.044881856424237254,0.4087118213744028,-0.29522117548307636,0.5499487621391235,0.288555812667481,0.6892912252504776,0.25237986399042345,0.024882033144331128,-0.2952211754830769,"H1,H2","H1,H2,OOS,DD,CAGR"
A,SMALL,SMALLk80d15,SMALL,10.0,W,0,0,True,11.915822994165303,0.04486060055875152,0.40479587900931613,-0.28019271517740674,0.5629875196369715,0.2711897686886437,0.6889476384980027,0.246030693084116,0.024221112454010152,-0.2801927151774075,"H1,H2","H1,H2,OOS,DD,CAGR"
A,SMALL,SMALLk80d15,SMALL,10.0,W,0,1,False,11.78848318546953,0.0425719493917982,0.38884307614949987,-0.29300138809742937,0.5373680301459488,0.26249654042877124,0.6335757095531269,0.25195364739543874,0.024957419538237158,-0.2930013880974296,"H1,H2","H1,H2,OOS,DD,CAGR"
A,SMALL,SMALLk80d15,SMALL,10.0,W,0,2,False,11.776297492513384,0.049384124252104034,0.43692644437850287,-0.27950483524058467,0.5564577728732983,0.3362383376723129,0.6743029417690256,0.30488571606656567,0.032431993237009404,-0.27950483524058545,"H1,H2","H1,H2,OOS,DD,CAGR"
A,SMALL,SMALLk80d15,SMALL,10.0,W,0,3,False,11.63740704953724,0.056057078873464894,0.48636387867138053,-0.26913117167400313,0.6523636409060067,0.34545812268383247,0.7489031401291402,0.3395912803802998,0.03716837098739223,-0.26913117167400447,"H1,H2","H1,H2,OOS,DD,CAGR"
A,SMALL,SMALLk80d15,SMALL,10.0,W,0,4,False,11.631623383142392,0.05164613798999507,0.454715291941955,-0.24380779288570187,0.5601887520201905,0.36631967453206576,0.6836073830136988,0.32737021973986585,0.03545145172549913,-0.24380779288570198,"H1,H2","H1,H2,OOS,DD,CAGR"
A,SMALL,SMALLk80d15,SMALL,10.0,2W,0,0,True,8.399048487587898,0.05825347475461684,0.4987758311585634,-0.2940763064356189,0.6751082022728804,0.34788645536023205,0.7907133165409634,0.3338082854521803,0.036547464921468764,-0.29407630643561766,"H1,H2","H1,H2,OOS,DD,CAGR"
A,SMALL,SMALLk80d15,SMALL,10.0,2W,0,1,False,8.277649012710096,0.06679740197514694,0.5582474835510244,-0.28305232676873826,0.6491773687716568,0.4804891341472093,0.7560276364248604,0.44448309474461434,0.05207573788513309,-0.28305232676873593,H1,"H1,H2,OOS,DD,CAGR"
A,SMALL,SMALLk80d15,SMALL,10.0,2W,0,2,False,8.492439104083088,0.04924898658876997,0.43131650364482854,-0.264274073663761,0.5364208779052017,0.34462553616503633,0.5902181869601375,0.3442514260380918,0.038456974832663526,-0.26427407366376043,"H1,H2","H1,H2,OOS,DD,CAGR"
A,SMALL,SMALLk80d15,SMALL,10.0,2W,0,3,False,8.300011340843026,0.06193939806807136,0.5238138930724094,-0.2669295415505062,0.5964544062489229,0.4658831005312615,0.6388225787557359,0.4619990106925529,0.05533433414745548,-0.26692954155050685,H1,"H1,H2,OOS,DD,CAGR"
A,SMALL,SMALLk80d15,SMALL,10.0,2W,0,4,False,8.265768409463517,0.06490058936020082,0.5455946506495908,-0.2563902104755763,0.6476534517405024,0.46359501020609767,0.7015400120077638,0.46187487595813176,0.055314548433247124,-0.2563902104755753,H1,"H1,H2,OOS,DD,CAGR"
A,SMALL,SMALLk80d15,SMALL,10.0,2W,1,0,False,8.315089497464475,0.06080472467448894,0.5182675884984758,-0.25885779768334083,0.6278742548344989,0.42865482127863197,0.7075187375509504,0.41432941752921776,0.04805612073240084,-0.2588577976833415,H1,"H1,H2,OOS,DD,CAGR"
A,SMALL,SMALLk80d15,SMALL,10.0,2W,1,1,False,8.227386840779591,0.057441162041784954,0.49383195158300813,-0.29520214812859236,0.6217898175297516,0.387758040386342,0.7062574480997285,0.377365073087626,0.04285402728022092,-0.295202148128592,"H1,H2","H1,H2,OOS,DD,CAGR"
A,SMALL,SMALLk80d15,SMALL,10.0,2W,1,2,False,8.278179973787886,0.06513716125714475,0.5436915610771218,-0.24687682462882143,0.6885871849412117,0.42210915210137506,0.7996700047746161,0.40014783633208084,0.04636081526452096,-0.24687682462882132,H1,"H1,H2,OOS,DD,CAGR"
A,SMALL,SMALLk80d15,SMALL,10.0,2W,1,3,False,8.182900070127058,0.054927235192737234,0.4720577102424926,-0.26500868385993537,0.7038178002798446,0.2753603430610375,0.7849559961212198,0.2963684154368238,0.031549004719024776,-0.2650086838599357,"H1,H2","H1,H2,OOS,DD,CAGR"
A,SMALL,SMALLk80d15,SMALL,10.0,2W,1,4,False,8.254238099430152,0.05289581039252256,0.45575798707232096,-0.3160614351975891,0.7027313124829665,0.24906100963892275,0.7954516546787462,0.2679547738383942,0.027749631636138083,-0.31606143519758956,"H1,H2","H1,H2,OOS,DD,CAGR"
A,SMALL,SMALLk80d15,SMALL,10.0,M,0,0,True,5.629284708691056,0.08548593509736402,0.6799949747450964,-0.27822555439011076,0.7502285384578472,0.6247362482582561,0.7828193541238121,0.6235616271175085,0.07988207448962714,-0.27822555439011,-,"H1,H2,OOS,DD,CAGR"
A,SMALL,SMALLk80d15,SMALL,10.0,M,0,1,False,5.6036440966546825,0.06883413302755459,0.56268788425564,-0.2694957681996213,0.6287260882855661,0.5087384807184581,0.7147852478182042,0.47757982779264285,0.058297400063407334,-0.26949576819962184,H1,"H1,H2,OOS,DD,CAGR"
A,SMALL,SMALLk80d15,SMALL,10.0,M,0,2,False,5.492315360701959,0.07121820651816346,0.5761260239262841,-0.2526743546300806,0.7551373651320648,0.42615184096232495,0.8470442828356428,0.4249167059340867,0.050954680131440666,-0.2526743546300805,-,"H1,H2,OOS,DD,CAGR"
A,SMALL,SMALLk80d15,SMALL,10.0,M,0,3,False,5.5675133328289474,0.06664996273544954,0.5426902333613064,-0.3019972700688297,0.6995503855526988,0.4124306245020596,0.747715014954745,0.4289041322235057,0.051785630386870674,-0.3019972700688306,H1,"H1,H2,OOS,DD,CAGR"
A,SMALL,SMALLk80d15,SMALL,10.0,M,0,4,False,5.582215179025597,0.06052087352421798,0.4894345067228047,-0.3788359523162932,0.7120013669694352,0.3196555674928461,0.7287020025883681,0.36670885318954316,0.04433395908236859,-0.37883595231629363,"H1,H2,DD","H1,H2,OOS,DD,CAGR"
A,SMALL,SMALLk80d15,SMALL,10.0,6W,0,0,True,4.517748822890788,0.05286620366864203,0.44308660932147426,-0.3780869666990414,0.6349408047283988,0.2970037787377124,0.6462748279902387,0.33968921554292647,0.03969127633858571,-0.37808696669904285,"H1,H2,DD","H1,H2,OOS,DD,CAGR"
A,SMALL,SMALLk80d15,SMALL,10.0,6W,0,1,False,4.54046624741993,0.04704032458059415,0.40007868500999216,-0.37144400291647517,0.5432758461100662,0.29454637051237065,0.587549048849957,0.305268298847173,0.03476081154671462,-0.3714440029164755,"H1,H2,DD","H1,H2,OOS,DD,CAGR"
A,SMALL,SMALLk80d15,SMALL,10.0,6W,0,2,False,4.498523916474417,0.05134939688800855,0.4289751672030875,-0.3697199193190692,0.6323526927730753,0.2804714602603482,0.6953742748987135,0.2972657015686027,0.03373590427128614,-0.3697199193190698,"H1,H2,DD","H1,H2,OOS,DD,CAGR"
A,SMALL,SMALLk80d15,SMALL,10.0,6W,0,3,False,4.3879748381556345,0.06047725166436391,0.49263000824651604,-0.34873779622604373,0.6245902563401136,0.3962325711069155,0.6529767677610531,0.4141485776875139,0.05165427837634451,-0.34873779622604484,"H1,H2","H1,H2,OOS,DD,CAGR"
A,SMALL,SMALLk80d15,SMALL,10.0,6W,0,4,False,4.516838047756562,0.05666495862670562,0.4669075447442286,-0.3406023127473433,0.6225193046074357,0.3506108989307484,0.6282886567681356,0.38722073560198383,0.04738567376952907,-0.3406023127473423,"H1,H2","H1,H2,OOS,DD,CAGR"
A,SMALL,SMALLk80d15,SMALL,10.0,6W,1,0,False,4.466640705304673,0.06059406133096812,0.4923634444132151,-0.3596389441738286,0.7630041104554821,0.284016355345782,0.7891104029187309,0.34237475341336926,0.040501634914260176,-0.35963894417382947,H2,"H1,H2,OOS,DD,CAGR"
A,SMALL,SMALLk80d15,SMALL,10.0,6W,1,1,False,4.460911033827352,0.06819306143501169,0.5426965534401855,-0.36666661853099336,0.8194277995076671,0.3325948954047475,0.8356878463071579,0.3966420197773538,0.049086663241683315,-0.3666666185309937,"H2,DD","H1,H2,OOS,DD,CAGR"
A,SMALL,SMALLk80d15,SMALL,10.0,6W,1,2,False,4.499474984840912,0.059776911602306804,0.4825830602114707,-0.3864767339748447,0.695727727094604,0.3151304190785354,0.7731943010868589,0.33055781567972736,0.03876820869312114,-0.38647673397484406,"H1,H2,DD","H1,H2,OOS,DD,CAGR"
A,SMALL,SMALLk80d15,SMALL,10.0,6W,1,3,False,4.5238360199610455,0.06482320335593839,0.5192042870393612,-0.35175817442023527,0.6960347102521771,0.38119956018384943,0.7946107737048073,0.3762051206429853,0.045619689844745404,-0.3517581744202355,"H1,H2","H1,H2,OOS,DD,CAGR"
A,SMALL,SMALLk80d15,SMALL,10.0,6W,1,4,False,4.47459609213528,0.05707687127570238,0.4677983331483153,-0.38435556098635704,0.7374055549415445,0.252639878144365,0.8472767014589551,0.26871816460973647,0.02906803761964305,-0.3843555609863575,"H1,H2,DD","H1,H2,OOS,DD,CAGR"
A,SMALL,SMALLk80d15,SMALL,10.0,6W,2,0,False,4.53954538543847,0.05782123930746286,0.48230106203591755,-0.2971948176217626,0.7034359609954343,0.3000758577422069,0.7875503273097113,0.31788039147905256,0.03563603500406498,-0.2971948176217625,"H1,H2","H1,H2,OOS,DD,CAGR"
A,SMALL,SMALLk80d15,SMALL,10.0,6W,2,1,False,4.530038415464415,0.04978009981555975,0.42602030760771664,-0.35499893926227644,0.5624133955156941,0.3101592580297871,0.6738864751330773,0.2881933899378673,0.031077971148849137,-0.35499893926227555,"H1,H2","H1,H2,OOS,DD,CAGR"
A,SMALL,SMALLk80d15,SMALL,10.0,6W,2,2,False,4.5137265530646085,0.055357044332341454,0.4701225405009359,-0.2948850474921769,0.5017701844005885,0.4447397626478377,0.6152734396178564,0.3891655509379637,0.04521796270173528,-0.2948850474921768,H1,"H1,H2,OOS,DD,CAGR"
A,SMALL,SMALLk80d15,SMALL,10.0,6W,2,3,False,4.432664074407924,0.06878409457065482,0.5645000934348045,-0.2602344340250847,0.5504480225610661,0.5793351246332467,0.6466962568518647,0.5195600253118755,0.06440589704824284,-0.26023443402508284,H1,"H1,H2,OOS,DD,CAGR"
A,SMALL,SMALLk80d15,SMALL,10.0,6W,2,4,False,4.48094321327964,0.07373815682712692,0.6045843300489195,-0.23462673696984215,0.6135508028692949,0.5988119273559164,0.729472995761188,0.5338581048479074,0.065390791526454,-0.2346267369698417,H1,"H1,H2,OOS,DD,CAGR"
A,SMALL,SMALLk80d15,SMALL,10.0,6W,3,0,False,4.510530736909185,0.08525669148810722,0.6837258797958959,-0.2173383953348237,0.6311510063232499,0.7324735374956979,0.689289946250264,0.6809751967551194,0.08688058117369613,-0.2173383953348237,H1,"H1,H2,OOS,DD,CAGR"
A,SMALL,SMALLk80d15,SMALL,10.0,6W,3,1,False,4.4242284456580885,0.07702530692243093,0.6269050203376043,-0.24265109990838363,0.7221851955659587,0.5447960468453596,0.8117914913861917,0.5213213009295073,0.0635707594707613,-0.24265109990838363,H1,"H1,H2,OOS,DD,CAGR"
A,SMALL,SMALLk80d15,SMALL,10.0,6W,3,2,False,4.468794186042575,0.08209401238975222,0.6567178979929065,-0.26604521357276834,0.7386954684619418,0.5863828416179772,0.8247996980781052,0.5601828440706206,0.06975377297027707,-0.26604521357276767,H1,"H1,H2,OOS,DD,CAGR"
A,SMALL,SMALLk80d15,SMALL,10.0,6W,3,3,False,4.449640127194929,0.07294695108251625,0.5927955424666542,-0.2679558671465857,0.6466406161612569,0.5471613930388338,0.7462437702132046,0.5039738907752903,0.06146553031872748,-0.26795586714658437,H1,"H1,H2,OOS,DD,CAGR"
A,SMALL,SMALLk80d15,SMALL,10.0,6W,3,4,False,4.448901519853954,0.08362682606246019,0.6597414660984773,-0.26233941905914937,0.7161755991595403,0.6143562711240741,0.8471613735989892,0.554271539366675,0.07014085729930075,-0.2623394190591496,H1,"H1,H2,OOS,DD,CAGR"
A,SMALL,SMALLk80d15,SMALL,10.0,6W,4,0,False,4.458919778505598,0.0827351210634486,0.6614500537487037,-0.27583887782661487,0.7520390415772383,0.5838750054525572,0.8787898076108459,0.5359205527558591,0.0660755982872212,-0.2758388778266142,-,"H1,H2,OOS,DD,CAGR"
A,SMALL,SMALLk80d15,SMALL,10.0,6W,4,1,False,4.525097493209499,0.06837428705164172,0.5628913747666713,-0.28167978007345507,0.6677393876953361,0.47074408371745263,0.7477668727686113,0.45451506108113127,0.053909187069440145,-0.28167978007345595,H1,"H1,H2,OOS,DD,CAGR"
A,SMALL,SMALLk80d15,SMALL,10.0,6W,4,2,False,4.637252230009088,0.06318157740042696,0.5233736511779672,-0.27797203796047276,0.7543979974868674,0.3258740291483761,0.7630696179469229,0.38750652505555155,0.04501925794757522,-0.2779720379604739,H2,"H1,H2,OOS,DD,CAGR"
A,SMALL,SMALLk80d15,SMALL,10.0,6W,4,3,False,4.54554082248858,0.06663085521506606,0.54689781926576,-0.3057275118096704,0.6904683404721541,0.43143859613482227,0.7497217066405487,0.4366052734619491,0.05270711753087909,-0.3057275118096705,H1,"H1,H2,OOS,DD,CAGR"
A,SMALL,SMALLk80d15,SMALL,10.0,6W,4,4,False,4.460139956174784,0.05519360342117774,0.4564041325812815,-0.3491587525644454,0.7320476108241154,0.24613369369505003,0.7634994548003643,0.3001041311925196,0.033909175909539124,-0.34915875256444473,"H1,H2","H1,H2,OOS,DD,CAGR"
A,SMALL,SMALLk80d15,SMALL,10.0,6W,5,0,False,4.444641983527761,0.05049379385455155,0.42641138229400555,-0.3300082325897723,0.6348732106871837,0.2626381234372452,0.6938050706559157,0.28502624521151304,0.0312499214138362,-0.33000823258977263,"H1,H2","H1,H2,OOS,DD,CAGR"
A,SMALL,SMALLk80d15,SMALL,10.0,6W,5,1,False,4.530306302603338,0.05802835244383164,0.4750265247832902,-0.35285564092313026,0.7514609219324626,0.2562486253360756,0.8097900931556087,0.2989430874755655,0.03359042266716483,-0.35285564092313015,H2,"H1,H2,OOS,DD,CAGR"
A,SMALL,SMALLk80d15,SMALL,10.0,6W,5,2,False,4.503295039877407,0.05143851084494111,0.4298457786251482,-0.3591854133818332,0.6842975527673487,0.23306577987690447,0.7785696409463972,0.24970052042333596,0.026243693881599084,-0.3591854133818323,"H1,H2","H1,H2,OOS,DD,CAGR"
A,SMALL,SMALLk80d15,SMALL,10.0,6W,5,3,False,4.5039006591740165,0.05692199614850657,0.46663696259214216,-0.3521639319448895,0.6664292131729935,0.3120075024212859,0.7187298994612863,0.33574046731585255,0.03934650658390626,-0.3521639319448894,"H1,H2","H1,H2,OOS,DD,CAGR"
A,SMALL,SMALLk80d15,SMALL,10.0,6W,5,4,False,4.4513648005483795,0.053156999861955434,0.4432789712617191,-0.3712794931385609,0.6104213910472073,0.31654238058347745,0.6282567148589886,0.34868761036156515,0.04119181999682531,-0.3712794931385619,"H1,H2,DD","H1,H2,OOS,DD,CAGR"
A,SMALL,SMALLk80d15,SMALL,10.0,Q,0,0,True,2.7389778456895773,0.05871535988808496,0.47281720608394945,-0.3486227768433072,0.6583359389560672,0.33067854115818274,0.6318605256960933,0.39153625645154844,0.048655012137881926,-0.3486227768433071,"H1,H2","H1,H2,OOS,DD,CAGR"
A,SMALL,SMALLk80d15,SMALL,10.0,Q,0,1,False,2.7800780436134045,0.04705056851911493,0.395277455374839,-0.3697366861367585,0.6043556270396915,0.23274190704158373,0.6565985242473218,0.25879559614452147,0.027845128387476104,-0.36973668613675825,"H1,H2,DD","H1,H2,OOS,DD,CAGR"
A,SMALL,SMALLk80d15,SMALL,10.0,Q,0,2,False,2.710414997558541,0.051359183805619546,0.425148632068175,-0.3710361327999031,0.6526373052214395,0.24984172976105692,0.7058042840680328,0.2786593274552276,0.030848130664569595,-0.371036132799903,"H1,H2,DD","H1,H2,OOS,DD,CAGR"
A,SMALL,SMALLk80d15,SMALL,10.0,Q,0,3,False,2.7571680552637936,0.042397803922189725,0.36361441017774015,-0.3845495828643716,0.55450877384153,0.21499226835344457,0.620183491827137,0.2285475360339598,0.023188040448805403,-0.38454958286437235,"H1,H2,DD","H1,H2,OOS,DD,CAGR"
A,SMALL,SMALLk80d15,SMALL,10.0,Q,0,4,False,2.703436624614984,0.05105670169542531,0.4232700859888704,-0.3675813136588689,0.639630296637119,0.25691345647991887,0.6737214423426058,0.29317276075362025,0.03308878082606226,-0.36758131365886904,"H1,H2,DD","H1,H2,OOS,DD,CAGR"
A,U56,U56k20d00,U56,10.0,D,0,0,True,6.871159744582062,0.04680323211454862,0.8581643487317384,-0.08012187166245088,0.6429434376713868,1.05505344964272,0.6128537619731769,1.0527144779655713,0.059151221943858134,-0.08012187166245044,-,"H1,CAGR"
A,U56,U56k20d00,U56,10.0,2D,0,0,True,4.958679676809038,0.04815591225996685,0.8792055763446116,-0.08691042923983838,0.681254914363381,1.0601496850642154,0.6566140072060501,1.0553886077872727,0.05954264795276898,-0.0869104292398385,-,"H1,CAGR"
A,U56,U56k20d00,U56,10.0,2D,1,0,False,4.98295551647194,0.0463007409678029,0.8440545347843408,-0.0846790077686771,0.5731724380889499,1.0897978279162337,0.5396038184039955,1.0835029151883127,0.06163387164699019,-0.0744132836148148,H1,"H1,CAGR"
A,U56,U56k20d00,U56,10.0,W,0,0,True,3.25404882650826,0.04832162337136281,0.8744648659636802,-0.09328217496575497,0.6367694789450811,1.0881188552040835,0.6359957785722485,1.059856929069007,0.06088633192978721,-0.09328217496575475,H1,"H1,CAGR"
A,U56,U56k20d00,U56,10.0,W,0,1,False,3.1915019522180743,0.05384460926838042,0.9647705639686854,-0.09147977188537293,0.7101275040147687,1.1970268785727245,0.6981272412411338,1.1756961629010378,0.06768511669015131,-0.09147977188537293,-,"H1,CAGR"
A,U56,U56k20d00,U56,10.0,W,0,2,False,3.14669754308586,0.05317567705838622,0.9463077562622898,-0.07552991878061566,0.635798525617451,1.223543633252792,0.6445962670191793,1.179831518154494,0.06919540501459354,-0.06886112486546803,H1,"H1,CAGR"
A,U56,U56k20d00,U56,10.0,W,0,3,False,3.2592310079428772,0.04984099436967426,0.888668334806576,-0.08288894653294943,0.6389063071329056,1.117731173737287,0.6359861401065602,1.0899171838049042,0.06287290825883352,-0.08288894653294931,H1,"H1,CAGR"
A,U56,U56k20d00,U56,10.0,W,0,4,False,3.2198263231768802,0.045948584133661985,0.8284026167788107,-0.09938424804349144,0.5517261085476907,1.0765125257120947,0.5305994036859455,1.0598545478631283,0.06129830114733914,-0.08172701113073699,H1,"H1,CAGR"
A,U56,U56k20d00,U56,10.0,2W,0,0,True,2.3234561048642464,0.04900779918114906,0.8622693968457139,-0.11307515368841226,0.541938827390196,1.1449411916917818,0.5271106149264361,1.118796556074239,0.0668596562940107,-0.1090829346183747,H1,"H1,CAGR"
A,U56,U56k20d00,U56,10.0,2W,0,1,False,2.3129429753400834,0.05575140603991424,0.9651138707370317,-0.11012839077457537,0.7589292338596391,1.1488938322342024,0.7373314795144459,1.140055764478263,0.06884598391224617,-0.11012839077457515,-,"H1,CAGR"
A,U56,U56k20d00,U56,10.0,2W,0,2,False,2.2868722743580427,0.05532425546149011,0.9478644938779727,-0.11837895266065157,0.7580677108166259,1.1145152115590886,0.7549433364858924,1.093319380460343,0.0673382885328293,-0.11837895266065157,-,"H1,CAGR"
A,U56,U56k20d00,U56,10.0,2W,0,3,False,2.283840026016117,0.05401997507035339,0.9456652321994033,-0.10109849351951716,0.7441414848892711,1.1286602303258084,0.7543904632148815,1.095831442011886,0.0646444685696339,-0.10109849351951727,-,"H1,CAGR"
A,U56,U56k20d00,U56,10.0,2W,0,4,False,2.282576685119178,0.050006953950270105,0.8771259956104847,-0.1071450928345341,0.6873616621463968,1.0447352431109278,0.6905164023253884,1.0188515176916269,0.06102763649427656,-0.10714509283453366,-,"H1,CAGR"
A,U56,U56k20d00,U56,10.0,2W,1,0,False,2.340547539280446,0.054602584108400576,0.9679752872935597,-0.08427075334483036,0.7117991199448866,1.1977357689550787,0.7049139807771471,1.1718137278914693,0.06885462346541726,-0.08427075334483014,-,"H1,CAGR"
A,U56,U56k20d00,U56,10.0,2W,1,1,False,2.3108916644497244,0.058156318552842645,1.0276041313317081,-0.08743121721181146,0.729749648289753,1.2981619406848148,0.7491394769570897,1.2469737353012216,0.07294510088874162,-0.08743121721181135,-,"H1,CAGR"
A,U56,U56k20d00,U56,10.0,2W,1,2,False,2.225681000245247,0.05534143431895244,0.9664395981377,-0.0790645070292112,0.6616536407227293,1.235927470651578,0.6546609326933597,1.2050751222939151,0.07243437912294737,-0.07906450702921097,-,"H1,CAGR"
A,U56,U56k20d00,U56,10.0,2W,1,3,False,2.3005898296800464,0.050736185440746207,0.879845639424018,-0.0983572458548827,0.5524469390700155,1.1697975381820327,0.5544433322306368,1.1303260527354646,0.06833175750221243,-0.09699128456694128,H1,"H1,CAGR"
A,U56,U56k20d00,U56,10.0,2W,1,4,False,2.2783184787886546,0.04847533337937504,0.8528876482210606,-0.11019997261865866,0.5086631893576927,1.1549415942120513,0.48564023993021505,1.1324716956776049,0.06792965006396146,-0.10547055716213849,H1,"H1,CAGR"
A,U56,U56k20d00,U56,10.0,M,0,0,True,1.5295758515838926,0.05823872401614527,0.9967001677042802,-0.09634035449701761,0.8372598158520841,1.1400450508915763,0.823660542991989,1.1297450916621046,0.06888890379926371,-0.0963403544970175,-,"H1,CAGR"
A,U56,U56k20d00,U56,10.0,M,0,1,False,1.6049787250607028,0.05686935309816055,0.9659274801474,-0.10630399005853663,0.6764068695281599,1.2244805366715854,0.6583905330490153,1.2036438718379157,0.07405735372638467,-0.1063039900585363,-,"H1,CAGR"
A,U56,U56k20d00,U56,10.0,M,0,2,False,1.6628941620499906,0.05605692339631019,0.9133050815309455,-0.13707018605421162,0.6615262549717706,1.1271812504764032,0.645987964291373,1.108262145864833,0.07315123863042317,-0.13707018605421206,-,"H1,CAGR"
A,U56,U56k20d00,U56,10.0,M,0,3,False,1.6355007485012243,0.057118366806194754,0.9295838331523282,-0.13599413332803978,0.6305519883099954,1.1815966258168438,0.6038523017919813,1.1662120323885214,0.07726991890572354,-0.13599413332804,H1,"H1,CAGR"
A,U56,U56k20d00,U56,10.0,M,0,4,False,1.5855895895028145,0.05649862176315623,0.9114772209415941,-0.148746799757296,0.6016355558651564,1.1667981054874232,0.5733979092607236,1.1501741167103823,0.07800500344560679,-0.148746799757296,"H1,DD","H1,CAGR"
A,U56,U56k20d00,U56,10.0,6W,0,0,True,1.3071574933843346,0.059128736954668026,0.9977996325833758,-0.1096854943216804,0.6370297306070526,1.310240665785032,0.6067733767374036,1.2902276656270066,0.08135810857123982,-0.10968549432168018,H1,"H1,CAGR"
A,U56,U56k20d00,U56,10.0,6W,0,1,False,1.251883710335707,0.06595465167217984,1.1012357127442174,-0.11089974245713141,0.7903620845632875,1.3705386693510044,0.7599427708403388,1.3556672453633472,0.08640666155015087,-0.11089974245713119,-,"H1,CAGR"
A,U56,U56k20d00,U56,10.0,6W,0,2,False,1.263178284480104,0.06408305713808349,1.0481992842134218,-0.11920293203884835,0.7772127071128738,1.2759100723370387,0.7464838270874848,1.2643303524570695,0.0840127977434546,-0.11920293203884824,-,"H1,CAGR"
A,U56,U56k20d00,U56,10.0,6W,0,3,False,1.2207633699095657,0.06786172520540257,1.1212148508685418,-0.11477722548498437,0.8760030650927924,1.3322775970641063,0.8589294453501715,1.3135981644643184,0.0853384691682062,-0.11477722548498492,-,"H1,CAGR"
A,U56,U56k20d00,U56,10.0,6W,0,4,False,1.265246208011913,0.06457977041160001,1.0639154148408672,-0.1190653364896117,0.8709876396394082,1.2300246726059498,0.857540179194165,1.214143902735902,0.07965726895010028,-0.1190653364896117,-,"H1,CAGR"
A,U56,U56k20d00,U56,10.0,6W,1,0,False,1.3222843306705203,0.06089026547317955,1.0247274898349659,-0.10619833149030378,0.8120268937935321,1.2115362035478876,0.7714654218131286,1.2146253412659687,0.07645538579025413,-0.10619833149030344,-,"H1,CAGR"
A,U56,U56k20d00,U56,10.0,6W,1,1,False,1.2786643638440178,0.06183352649236129,1.0452186348515051,-0.1160859580058331,0.8487801796920679,1.217882711860239,0.8097348185796951,1.2211909864972892,0.07666194989166364,-0.11608595800583366,-,"H1,CAGR"
A,U56,U56k20d00,U56,10.0,6W,1,2,False,1.3000228527593658,0.061007135069855334,0.9832388496116435,-0.14369833785200825,0.7651875144649849,1.1663475426147323,0.706367492550322,1.1787360736759012,0.08016390759295366,-0.14369833785200847,DD,"H1,CAGR"
A,U56,U56k20d00,U56,10.0,6W,1,3,False,1.3102766734631046,0.060961260926017946,0.98341803928466,-0.14166151300812424,0.733921760665487,1.1933358380386887,0.6656310583356536,1.210627932147743,0.08160679619007793,-0.14166151300812402,DD,"H1,CAGR"
A,U56,U56k20d00,U56,10.0,6W,1,4,False,1.3575022411171112,0.056784615532488036,0.9145859274703056,-0.15163438061699774,0.7658898814792127,1.043241321166486,0.7118588388771229,1.0605729172730587,0.07148631880521528,-0.15163438061699763,DD,"H1,CAGR"
A,U56,U56k20d00,U56,10.0,6W,2,0,False,1.3921036056265965,0.05403601128345814,0.8752057686943479,-0.14752510275921848,0.7366813693623999,0.9961272745916447,0.6915166006143536,1.0098757741674032,0.06691843402737985,-0.14752510275921882,DD,"H1,CAGR"
A,U56,U56k20d00,U56,10.0,6W,2,1,False,1.3983847848239006,0.0552345510228851,0.8968510863378603,-0.14563024080972065,0.7539019536585894,1.0223119979137865,0.7116215360125918,1.0343295234114804,0.06785936618286414,-0.1456302408097202,DD,"H1,CAGR"
A,U56,U56k20d00,U56,10.0,6W,2,2,False,1.3553554499865659,0.056452533787821446,0.9199772829156434,-0.14522922493874746,0.7883728224518498,1.0354129035262367,0.7595164363949578,1.0376076175881075,0.06855500195934083,-0.14522922493874735,DD,"H1,CAGR"
A,U56,U56k20d00,U56,10.0,6W,2,3,False,1.3515581982814209,0.057050170654326715,0.9253277564890018,-0.146020418622977,0.8154496420014862,1.0234309560909258,0.7886325554497684,1.0267394750884336,0.06777842748159801,-0.14602041862297732,DD,"H1,CAGR"
A,U56,U56k20d00,U56,10.0,6W,2,4,False,1.3510440562301622,0.05538632582007619,0.9028237223970843,-0.14656773929194888,0.7857015896714292,1.006442583562978,0.7812924077095155,0.9929628286659622,0.06547861135127842,-0.14656773929194877,DD,"H1,CAGR"
A,U56,U56k20d00,U56,10.0,6W,3,0,False,1.3210181431700776,0.05662100337178244,0.9206857469860437,-0.14656773929194877,0.8277180530708479,1.005401900706593,0.8283207268082542,0.99035190474112,0.06579543297950252,-0.146567739291949,DD,"H1,CAGR"
A,U56,U56k20d00,U56,10.0,6W,3,1,False,1.3434405581968818,0.059529849050058425,0.9580693031042163,-0.14682532881202226,0.8566253833855628,1.049863983237473,0.8625074457103685,1.0301912956295487,0.06900264141164647,-0.14682532881202204,DD,"H1,CAGR"
A,U56,U56k20d00,U56,10.0,6W,3,2,False,1.3099901744484899,0.0581678366246936,0.9428689168865875,-0.1470060101140861,0.8175908239255358,1.0533023572472868,0.805775784013775,1.0434679110283867,0.06980988497858243,-0.1470060101140861,DD,"H1,CAGR"
A,U56,U56k20d00,U56,10.0,6W,3,3,False,1.332230907998629,0.05397631792772328,0.8733394633391163,-0.14714985271405845,0.717881684030427,1.0073953178518058,0.7100994406914501,0.9927796500416877,0.06604868251942109,-0.14714985271405856,DD,"H1,CAGR"
A,U56,U56k20d00,U56,10.0,6W,3,4,False,1.352877022190809,0.05020629557026668,0.8312193444831361,-0.14731383314299362,0.6858210965618433,0.9561103164904214,0.6766554116558338,0.9433026820959213,0.06174357031113087,-0.1473138331429933,DD,"H1,CAGR"
A,U56,U56k20d00,U56,10.0,6W,4,0,False,1.3649690642232648,0.050564076417554116,0.8224483551993188,-0.14824864100289925,0.7088590918634585,0.9220971982852808,0.6897108081299737,0.9191336270930214,0.061346679637999335,-0.14824864100289925,DD,"H1,CAGR"
A,U56,U56k20d00,U56,10.0,6W,4,1,False,1.3125165198819209,0.05526360097517391,0.8916181858461381,-0.14787669143847615,0.7289250717803591,1.0314668480994031,0.6956749591620873,1.034030501357348,0.06914623136888753,-0.14787669143847604,DD,"H1,CAGR"
A,U56,U56k20d00,U56,10.0,6W,4,2,False,1.2985411073708149,0.06111167135759232,0.9930498635952633,-0.1499989873068598,0.8363137348998773,1.1299453833340234,0.8258708516645239,1.1169630341228736,0.07346330177967153,-0.14999898730686034,DD,"H1,CAGR"
A,U56,U56k20d00,U56,10.0,6W,4,3,False,1.3196226901433747,0.059022894903815626,0.970155558089313,-0.13705714301131566,0.8258060709905268,1.0975152817150935,0.823515747755007,1.0803225409447483,0.06963794453175498,-0.13705714301131555,-,"H1,CAGR"
A,U56,U56k20d00,U56,10.0,6W,4,4,False,1.3355273649542732,0.05673282664242918,0.9352333805705232,-0.1431257961792355,0.7882855451066975,1.0639251821390994,0.7866716785098954,1.045624763800479,0.06770144816543233,-0.14312579617923604,DD,"H1,CAGR"
A,U56,U56k20d00,U56,10.0,6W,5,0,False,1.354052586228699,0.05884460130758451,0.9816026577406487,-0.1250159987185241,0.7837233431425338,1.1544361116337003,0.7785990539101989,1.133380848289776,0.07206922180078568,-0.12501599871852398,-,"H1,CAGR"
A,U56,U56k20d00,U56,10.0,6W,5,1,False,1.3718796263575896,0.05900696367493752,0.98734084950223,-0.1247368274619659,0.7060865876516615,1.2346628743756114,0.6893330318866692,1.2141718778328385,0.07637187941664858,-0.1247368274619658,-,"H1,CAGR"
A,U56,U56k20d00,U56,10.0,6W,5,2,False,1.3506681500674769,0.05977558878063083,1.0029964622805214,-0.08932768245200984,0.7138071989396413,1.262359998018141,0.698068166706497,1.240108202585956,0.0770008538029685,-0.08932768245200962,-,"H1,CAGR"
A,U56,U56k20d00,U56,10.0,6W,5,3,False,1.3286449590836733,0.059790660171340715,0.988511151254124,-0.10522948099487806,0.6800926207611717,1.2597743136312536,0.6570911675181937,1.240576895537842,0.07910099502198742,-0.10522948099487772,-,"H1,CAGR"
A,U56,U56k20d00,U56,10.0,6W,5,4,False,1.3318703489734713,0.058627935739690384,0.9867460723777015,-0.10643155801352888,0.6640531916136589,1.2684314282011235,0.638518806436029,1.2492372020905897,0.07859776334876334,-0.10643155801352888,-,"H1,CAGR"
A,U56,U56k20d00,U56,10.0,Q,0,0,True,0.8995434053180067,0.05249848424097192,0.7948637464316828,-0.1885282062531457,0.8287304624195007,0.7885061769661161,0.8089543501693464,0.7969490165041918,0.058291335457741456,-0.1885282062531457,DD,"H1,H2,OOS,CAGR"
A,U56,U56k20d00,U56,10.0,Q,0,1,False,0.9229993569623413,0.052228309396400885,0.7831858024737767,-0.1886285847430451,0.7846023776351163,0.801888263653324,0.7669002012472279,0.8056314809876469,0.05998551550667064,-0.188628584743045,DD,"H1,H2,OOS,CAGR"
A,U56,U56k20d00,U56,10.0,Q,0,2,False,0.9373298452090577,0.0538131015264105,0.8034334756131957,-0.1884159882093237,0.767156173851446,0.8483632131845604,0.7462063129908049,0.8509963915378411,0.06355363892827048,-0.1884159882093237,DD,"H1,OOS,CAGR"
A,U56,U56k20d00,U56,10.0,Q,0,3,False,0.9178787367914438,0.05596872128667574,0.8523008300943755,-0.18813873347283805,0.828119343486457,0.8920188292829948,0.796891033576443,0.9006488744006358,0.06643919212602323,-0.18813873347283827,DD,"H1,CAGR"
A,U56,U56k20d00,U56,10.0,Q,0,4,False,0.9111545880144724,0.05302477764039115,0.809626628037172,-0.18860125971605057,0.8048939795781965,0.8357695837863633,0.7972744707978746,0.8323151726552588,0.06141976006290517,-0.18860125971605068,DD,"H1,OOS,CAGR"
A,U56,U56k20d01,U56,10.0,D,0,0,True,6.8234618355711465,0.07730233397914166,1.12796850033908,-0.09127626920539667,1.0218083196745105,1.224907190201327,0.8776941999744413,1.3097590975706965,0.09711904356977685,-0.08881343607200698,-,CAGR
A,U56,U56k20d01,U56,10.0,2D,0,0,True,4.893687297965467,0.08181751059558362,1.1826789602101773,-0.10104848093993568,1.1297172119687027,1.237055268210721,1.0020732250247641,1.3151669615471206,0.0986730286578037,-0.10104848093993635,-,CAGR
A,U56,U56k20d01,U56,10.0,2D,1,0,False,5.014308749226057,0.08016487499777658,1.1589752953751462,-0.09746534040485566,1.0651182785776678,1.2461051503962852,0.9164640203290096,1.3352492000542528,0.09999192863954098,-0.09746534040485688,-,CAGR
A,U56,U56k20d01,U56,10.0,W,0,0,True,3.328507153879813,0.08100495206360447,1.1561443330164334,-0.09969378926241879,1.0406964006537875,1.261036515879663,0.913180080553361,1.3321405105359947,0.10130517318230048,-0.09969378926241879,-,CAGR
A,U56,U56k20d01,U56,10.0,W,0,1,False,3.2966480019402313,0.08426503121869211,1.2008950079846954,-0.09910574018971263,1.1174427374281553,1.279904682440451,0.993879018200206,1.3524409007340408,0.10265316914480538,-0.09910574018971274,-,CAGR
A,U56,U56k20d01,U56,10.0,W,0,2,False,3.354018858703575,0.08661052726382179,1.221684576691562,-0.08732795148161476,1.1097103925160519,1.3245647896189123,0.9954661451727342,1.3858947132737003,0.10685966304811645,-0.0873279514816152,-,CAGR
A,U56,U56k20d01,U56,10.0,W,0,3,False,3.2854857474028525,0.08335206682867713,1.1771158770900632,-0.09295044762241189,1.1344363392250176,1.2235658832858098,0.998420394633324,1.3080851408730194,0.10061213392628887,-0.09295044762241123,-,CAGR
A,U56,U56k20d01,U56,10.0,W,0,4,False,3.2720245797654863,0.08077779369541127,1.1545070654686809,-0.09898306578444904,1.0501252998310455,1.2503760203322574,0.9060863255053476,1.3340804316473869,0.10141914401014951,-0.08519140924806445,-,CAGR
A,U56,U56k20d01,U56,10.0,2W,0,0,True,2.3900655438180425,0.08238667870977667,1.146301267909945,-0.11322747036347103,0.9843070672809275,1.2885879799875604,0.8495407544148557,1.3572799015348962,0.10692524196593389,-0.11322747036347125,-,CAGR
A,U56,U56k20d01,U56,10.0,2W,0,1,False,2.4086325357716007,0.08691268345526737,1.1955144774523037,-0.09915563326099308,1.107921994459339,1.2792618933403084,0.9688075751156453,1.3583753202036646,0.10833366839445424,-0.09915563326099319,-,CAGR
A,U56,U56k20d01,U56,10.0,2W,0,2,False,2.429155165982803,0.08988754018692657,1.2227038194613529,-0.09794416344683221,1.1157945226920452,1.3224886607420756,0.9898353046058808,1.3896431863773946,0.11232406158832942,-0.09794416344683199,-,CAGR
A,U56,U56k20d01,U56,10.0,2W,0,3,False,2.4302652132096783,0.0866222337667133,1.2000053861037732,-0.10197081297903743,1.0972524359270066,1.2961606567203383,0.9564090506918274,1.374017520866859,0.10904279645618775,-0.10197081297903743,-,CAGR
A,U56,U56k20d01,U56,10.0,2W,0,4,False,2.4080058568600493,0.0860985921713644,1.1957469778012195,-0.11555008796281352,1.1161421013294401,1.2730285949607132,0.9838647247581958,1.3488486210245318,0.1062735642493311,-0.11555008796281396,-,CAGR
A,U56,U56k20d01,U56,10.0,2W,1,0,False,2.4248661202072155,0.0856400410158864,1.2039951562365079,-0.08926077281484468,1.0729825863757907,1.322067286843768,0.9437509588810753,1.3930248571497819,0.10735403472842941,-0.0892607728148449,-,CAGR
A,U56,U56k20d01,U56,10.0,2W,1,1,False,2.419361742855238,0.08765012777896986,1.2303954573802742,-0.09440397759064156,1.117210873687047,1.3339948201560874,1.0051373134395658,1.3958009797100137,0.10718268887486837,-0.09440397759064123,-,CAGR
A,U56,U56k20d01,U56,10.0,2W,1,2,False,2.4519545484264977,0.08520338221024049,1.1822510347308843,-0.08168934226613112,1.1576895641702363,1.2138251235918893,1.044848360786211,1.2848372480986614,0.10016556505091478,-0.08168934226613123,-,CAGR
A,U56,U56k20d01,U56,10.0,2W,1,3,False,2.395328518057113,0.08340108767672616,1.1498151106554062,-0.10594538577323831,1.1321113907667282,1.1759593369292292,1.007763355081968,1.255307589164612,0.0987594013442934,-0.10594538577323864,-,CAGR
A,U56,U56k20d01,U56,10.0,2W,1,4,False,2.3577686144503502,0.08119103140857575,1.1338087705992952,-0.11333048720267891,1.0594785874061687,1.205707388241944,0.9338597262117595,1.2786345737938372,0.09990329473948734,-0.1133304872026788,-,CAGR
A,U56,U56k20d01,U56,10.0,M,0,0,True,1.6291208283759884,0.09433553393214367,1.2829767082556098,-0.10693135158164169,1.2331114305527702,1.3339065465046978,1.104924953032964,1.4157520696384402,0.11155093785674719,-0.10693135158164169,-,CAGR
A,U56,U56k20d01,U56,10.0,M,0,1,False,1.7166781929731696,0.0919114777687966,1.2475724258410386,-0.11454053344530035,1.181322047459945,1.3124927671596782,1.042862871435906,1.3984396869296531,0.11104321371887393,-0.11454053344530046,-,CAGR
A,U56,U56k20d01,U56,10.0,M,0,2,False,1.710080871965187,0.08568329490477722,1.1290697061204409,-0.14350030225770927,1.145731651350055,1.132912555343784,1.0096954923793038,1.219073520884194,0.10186212127592409,-0.14350030225770927,DD,CAGR
A,U56,U56k20d01,U56,10.0,M,0,3,False,1.7512550201165142,0.08292051643680787,1.0631592099008624,-0.1768225012205672,1.0890140859773587,1.0685813269959392,0.9402826135964104,1.1561270268860067,0.10146785335003927,-0.17682250122056742,DD,CAGR
A,U56,U56k20d01,U56,10.0,M,0,4,False,1.6853142648518715,0.08084004077941587,1.0418584979613468,-0.1845974213749354,1.0262165805954695,1.0784727552658726,0.8879939843070561,1.1539843353941082,0.10155707346657872,-0.1845974213749354,DD,CAGR
A,U56,U56k20d01,U56,10.0,6W,0,0,True,1.3365760781069247,0.09883363924333666,1.311018566684629,-0.11617287902314988,1.0926002612312393,1.4995306016770247,0.9704291073803061,1.5511278428420694,0.12919529307029065,-0.11617287902315021,-,CAGR
A,U56,U56k20d01,U56,10.0,6W,0,1,False,1.3288760643051423,0.10256047558117865,1.3566443857950101,-0.11562595439220358,1.1970032220216067,1.5001239366084707,1.0706190162011324,1.5586083801300117,0.13105188660392453,-0.11562595439220402,-,CAGR
A,U56,U56k20d01,U56,10.0,6W,0,2,False,1.2975284967591292,0.10192245790129051,1.3373282358911727,-0.12088074754804468,1.1749420079968624,1.4833152768297286,1.0591003516070838,1.5325138472496969,0.13098695528407833,-0.12088074754804479,-,CAGR
A,U56,U56k20d01,U56,10.0,6W,0,3,False,1.3190388382310831,0.10430509149514844,1.3882305857476862,-0.12729736377213763,1.2234134134636905,1.53579975519216,1.1016999433311134,1.5920848244004688,0.13225122894917152,-0.12729736377213763,-,CAGR
A,U56,U56k20d01,U56,10.0,6W,0,4,False,1.3836518285245043,0.09583056569494852,1.2831564743241537,-0.12765033342610987,1.22124585305174,1.3513029747206684,1.0928026717366244,1.4214419615734104,0.11799173379545991,-0.12765033342610999,-,CAGR
A,U56,U56k20d01,U56,10.0,6W,1,0,False,1.3927094033369236,0.09186622638951514,1.2669411065706704,-0.1115860688684972,1.1806091364182612,1.3499726488604664,1.03445090559031,1.4349912635173458,0.113716951553823,-0.11158606886849753,-,CAGR
A,U56,U56k20d01,U56,10.0,6W,1,1,False,1.3474681011424885,0.091695670973726,1.2575952737627478,-0.11889648233260508,1.2014037465657825,1.316102333880426,1.0611506289173587,1.4011332779474632,0.1113001995735925,-0.11889648233260541,-,CAGR
A,U56,U56k20d01,U56,10.0,6W,1,2,False,1.3533811924253645,0.09606799304150271,1.246055783062171,-0.14568990912997837,1.1870841476694154,1.3155051299595606,1.0250071021636802,1.4029928641452685,0.12194472616519847,-0.14568990912997837,DD,CAGR
A,U56,U56k20d01,U56,10.0,6W,1,3,False,1.3712341803833112,0.0863174371942752,1.090773790352182,-0.17964231107968975,1.0910733022810986,1.1194010041868407,0.9125899303600605,1.2186456421725689,0.10978644446361319,-0.17964231107968986,DD,CAGR
A,U56,U56k20d01,U56,10.0,6W,1,4,False,1.3349680108593913,0.08682624651042925,1.0921982525566303,-0.18596063912565386,1.1035844094784026,1.1138736730073544,0.946227514697535,1.200868771644662,0.1087223234061101,-0.1859606391256543,DD,CAGR
A,U56,U56k20d01,U56,10.0,6W,2,0,False,1.3574687853136178,0.08795134894525414,1.0895126007241152,-0.18574133681660854,1.0675403370044516,1.1342794074352418,0.9137106422558534,1.2159786272251363,0.11189704279532653,-0.18574133681660832,DD,CAGR
A,U56,U56k20d01,U56,10.0,6W,2,1,False,1.3804964723431346,0.08790181754862503,1.104446775904786,-0.184365716430278,1.087548513545908,1.1438120934805518,0.929244085770039,1.2306344873017925,0.11107558149521668,-0.18436571643027866,DD,CAGR
A,U56,U56k20d01,U56,10.0,6W,2,2,False,1.35943676418706,0.09144758036351974,1.1471656407369797,-0.18263258779011926,1.1666480394567538,1.1601099341002732,1.0385036078121823,1.2329213006437205,0.11074029034485089,-0.18263258779011926,DD,CAGR
A,U56,U56k20d01,U56,10.0,6W,2,3,False,1.4048519713965302,0.09165423579008336,1.1529326658374845,-0.18321651612603929,1.1974310199304494,1.1508934607544539,1.0537193531597515,1.2336856960997533,0.1108902364699178,-0.1832165161260395,DD,CAGR
A,U56,U56k20d01,U56,10.0,6W,2,4,False,1.3803982061614186,0.09172500464103939,1.156957502769267,-0.18317393037326302,1.2093371584999484,1.1494476970203673,1.0929209046738206,1.2166240822571575,0.10900242297902896,-0.18317393037326268,DD,CAGR
A,U56,U56k20d01,U56,10.0,6W,3,0,False,1.4392476358124635,0.08813190620792977,1.1064825901067648,-0.1831739303732628,1.1726057387153073,1.0893347048004605,1.053393270437215,1.1590793115543103,0.1044342333289916,-0.18317393037326257,DD,CAGR
A,U56,U56k20d01,U56,10.0,6W,3,1,False,1.4047919537076725,0.08930835652489488,1.117264329766115,-0.18346942576935366,1.2056915296259882,1.0848477134718666,1.0860122930029408,1.1566188990068311,0.10440030547768764,-0.18346942576935388,DD,CAGR
A,U56,U56k20d01,U56,10.0,6W,3,2,False,1.3975828221418158,0.08626012457194343,1.0818692014040436,-0.18341608495158324,1.2072077220604798,1.0216862012325851,1.0895883985142483,1.096543565944748,0.09839072342808963,-0.183416084951583,DD,CAGR
A,U56,U56k20d01,U56,10.0,6W,3,3,False,1.3713450352634495,0.085180311324764,1.0605364934554382,-0.18435041526877471,1.2471911771183224,0.954707521089577,1.1197827202130357,1.0432041045920486,0.09394736938939774,-0.18435041526877538,DD,CAGR
A,U56,U56k20d01,U56,10.0,6W,3,4,False,1.3809737291313842,0.07978014906230735,1.0125324709736803,-0.18525587006874422,1.1958343230605006,0.9075956116606221,1.0685519309993796,0.9964948192924716,0.08803498888278116,-0.185255870068744,DD,CAGR
A,U56,U56k20d01,U56,10.0,6W,4,0,False,1.3861806822585792,0.08231546242713805,1.0410582872225704,-0.1848316674742393,1.1966992157787857,0.9577242339749774,1.0484904634854635,1.055176545673196,0.09385324281497431,-0.1848316674742395,DD,CAGR
A,U56,U56k20d01,U56,10.0,6W,4,1,False,1.416177724580875,0.08716358725955664,1.0794981982349927,-0.17327221275275817,1.2701394027646356,0.9750873223166371,1.1040050218786222,1.0852328323671228,0.09883391540814168,-0.17327221275275817,DD,CAGR
A,U56,U56k20d01,U56,10.0,6W,4,2,False,1.358402577432342,0.09179120240551586,1.127630774073932,-0.18538034989503094,1.2777226180550176,1.0573644029459368,1.1277270950401836,1.1505365905791576,0.10623733820655201,-0.1853803498950315,DD,CAGR
A,U56,U56k20d01,U56,10.0,6W,4,3,False,1.3491086387999778,0.09167416624200309,1.1501794421972737,-0.1622470945852894,1.2801238419193322,1.0904364960757658,1.1252643437225447,1.1867603812651433,0.10694508443239092,-0.1622470945852894,DD,CAGR
A,U56,U56k20d01,U56,10.0,6W,4,4,False,1.3604961737011347,0.09085939527248432,1.1422727104568182,-0.18101583406207067,1.203700552022618,1.1230725103230108,1.0726685944862684,1.2031855473830402,0.10731508968614767,-0.18101583406207078,DD,CAGR
A,U56,U56k20d01,U56,10.0,6W,5,0,False,1.3481243708171462,0.09364018812391905,1.1842243170735303,-0.16097172285315287,1.1322665417526385,1.2459613786599417,1.0004625495772868,1.3168578247891554,0.11673458259313962,-0.16097172285315275,DD,CAGR
A,U56,U56k20d01,U56,10.0,6W,5,1,False,1.3416278158975767,0.09672061184357816,1.2450403475631586,-0.16234105080814643,1.1774782055145565,1.317275246769909,1.0397600473564834,1.3925826101388776,0.12031839045736681,-0.16234105080814665,DD,CAGR
A,U56,U56k20d01,U56,10.0,6W,5,2,False,1.334931050415526,0.10113827917083373,1.3298852351498938,-0.11570308678466446,1.284290186894922,1.3818471219592485,1.1679702532695513,1.450192626993053,0.12017731310279434,-0.11570308678466434,-,CAGR
A,U56,U56k20d01,U56,10.0,6W,5,3,False,1.3369788397413311,0.10056680412565822,1.3192466650913863,-0.12056218825306564,1.1979198725002258,1.4315096162563816,1.0559710558858575,1.508027225369655,0.1262865688432968,-0.12056218825306564,-,CAGR
A,U56,U56k20d01,U56,10.0,6W,5,4,False,1.3244086482959596,0.09851233384694247,1.3028431345239186,-0.12920726461221865,1.1375578224487262,1.4496147524885528,1.0111224276916753,1.508866085700524,0.1264063974658991,-0.1292072646122191,-,CAGR
A,U56,U56k20d01,U56,10.0,Q,0,0,True,0.874773081976967,0.09412443813094895,1.1111987147236575,-0.21217577044866343,1.214008479385268,1.0668827743609173,1.1042601884227992,1.135141396448814,0.10827672896230411,-0.21217577044866331,DD,"DD,CAGR"
A,U56,U56k20d01,U56,10.0,Q,0,1,False,0.9313321383499583,0.09314321289011862,1.1018071188009935,-0.2127619234012238,1.246420387569409,1.0304619864712825,1.1211380907303685,1.1113322177859655,0.10608478581702219,-0.2127619234012238,DD,"DD,CAGR"
A,U56,U56k20d01,U56,10.0,Q,0,2,False,0.9024920851140705,0.09828076168740818,1.1560660540729328,-0.21147819318678163,1.281914119975491,1.0968485717420775,1.1623017698515683,1.1731669649790706,0.1123877846317034,-0.21147819318678174,DD,"DD,CAGR"
A,U56,U56k20d01,U56,10.0,Q,0,3,False,0.880256326143737,0.09939715995048415,1.1838804882472047,-0.2112967416484356,1.3390237796200786,1.1078007212719683,1.2050543959971236,1.1939268165980075,0.11328780305694708,-0.21129674164843548,DD,"DD,CAGR"
A,U56,U56k20d01,U56,10.0,Q,0,4,False,0.852772311380325,0.09877399171157664,1.1944252565451896,-0.21173535251174636,1.299322466198713,1.15083991188453,1.1983427942298277,1.2144344113865062,0.11343875186599295,-0.21173535251174636,DD,"DD,CAGR"
A,U56,U56k20d02,U56,10.0,D,0,0,True,6.513875104232138,0.08315624788718545,1.1862149602413457,-0.10799106292464622,1.0907308544647063,1.2744265287679697,0.9491477127854401,1.3653563452500963,0.10116047981197052,-0.10799106292464677,-,CAGR
A,U56,U56k20d02,U56,10.0,2D,0,0,True,4.72142100627737,0.08411972330981632,1.1927975138379743,-0.10831029871118858,1.134151881654108,1.2497794389559294,0.9998005791301567,1.3380425416572934,0.100030451957277,-0.10831029871118891,-,CAGR
A,U56,U56k20d02,U56,10.0,2D,1,0,False,4.660206896824634,0.08766126777663796,1.2430997474659693,-0.08926690470965648,1.144851165899452,1.3339945951564518,0.9982875044108188,1.4283373480318542,0.10641119384063824,-0.0892669047096567,-,CAGR
A,U56,U56k20d02,U56,10.0,W,0,0,True,3.0914000849374057,0.08759277440205193,1.229879145568304,-0.11228263276083483,1.1246417234795365,1.3266888718874965,0.9820174767793108,1.4167018537002156,0.10684490620134013,-0.11228263276083517,-,CAGR
A,U56,U56k20d02,U56,10.0,W,0,1,False,3.05714152417669,0.088634608918569,1.2398122782646148,-0.11563359452249744,1.153784088941545,1.3203092265719754,1.0093774648608456,1.413154526407002,0.10711630403344441,-0.11563359452249689,-,CAGR
A,U56,U56k20d02,U56,10.0,W,0,2,False,3.0463389602341917,0.08941254756018191,1.2403130653754992,-0.08727815788148985,1.1160862484113567,1.353421818888016,0.9788914862522747,1.4373137953740405,0.10976974782652826,-0.08727815788148996,-,CAGR
A,U56,U56k20d02,U56,10.0,W,0,3,False,3.080772144694568,0.0874199416588628,1.210359058546972,-0.10496187190849449,1.154584920702931,1.2654443824405224,1.011193957495725,1.3595447649732786,0.10445448457479167,-0.10496187190849415,-,CAGR
A,U56,U56k20d02,U56,10.0,W,0,4,False,3.0642340598725704,0.08208340115545965,1.1485086367778115,-0.10725497148401852,1.1115254378062827,1.1871140891602854,0.9688595944156239,1.2835270108549626,0.0973457581938777,-0.10725497148401864,-,CAGR
A,U56,U56k20d02,U56,10.0,2W,0,0,True,2.247773574495151,0.08637021198650952,1.1723917852809427,-0.11860391681764304,1.102941266603393,1.2386216773893388,0.9562525809192295,1.3341391372494686,0.10454478455991056,-0.1186039168176426,-,CAGR
A,U56,U56k20d02,U56,10.0,2W,0,1,False,2.2339437940153375,0.08957352980032485,1.2104006516386518,-0.10955449051499211,1.1922650263524766,1.235294317974646,1.046274751937777,1.3330114327988942,0.10554616822317664,-0.10955449051499211,-,CAGR
A,U56,U56k20d02,U56,10.0,2W,0,2,False,2.187112050604931,0.08929709227963434,1.1886207539695233,-0.12330990287412946,1.1546998102562633,1.2272579568675017,1.014150332900363,1.31800980035939,0.10642826370199732,-0.1233099028741299,-,CAGR
A,U56,U56k20d02,U56,10.0,2W,0,3,False,2.2079030107203668,0.09046616863537249,1.2283564095731967,-0.11730374690145307,1.1912312572337793,1.2691737804558691,1.054271563055419,1.3581957040868264,0.10706206492030645,-0.1173037469014534,-,CAGR
A,U56,U56k20d02,U56,10.0,2W,0,4,False,2.292753916673853,0.08022454695627768,1.0762191111859563,-0.14523881306890585,1.1178118005726532,1.0572780859371693,0.9693084741442334,1.156992532937711,0.09368813825088562,-0.14523881306890607,DD,CAGR
A,U56,U56k20d02,U56,10.0,2W,1,0,False,2.230693851008287,0.08636633818884243,1.2044368882145566,-0.10859909080574015,1.1025871160640706,1.2981964930795458,0.955410259613415,1.391688673368795,0.10582057399818634,-0.1085990908057397,-,CAGR
A,U56,U56k20d02,U56,10.0,2W,1,1,False,2.2172263432632815,0.08922110468539768,1.2329057035094577,-0.12161508425346645,1.154200363008457,1.3070692001540032,1.0193568844209002,1.3941273209126124,0.1067467080000315,-0.1216150842534659,-,CAGR
A,U56,U56k20d02,U56,10.0,2W,1,2,False,2.2404825493834095,0.08669223671764392,1.187756535049413,-0.10205022682155207,1.1327803791506907,1.2416815418670069,1.0024627755114028,1.3273839946463455,0.10266501998262023,-0.1020502268215524,-,CAGR
A,U56,U56k20d02,U56,10.0,2W,1,3,False,2.229084097288533,0.08355412393528328,1.1285077512742718,-0.11453597973919583,1.0798072442164184,1.1772750268683616,0.9343855069167867,1.2733968086597685,0.10047881160816363,-0.11453597973919627,-,CAGR
A,U56,U56k20d02,U56,10.0,2W,1,4,False,2.207277477002397,0.08416521606836058,1.1544977460696086,-0.11779541080904754,1.0908319518710072,1.2154957293657753,0.9554461676261456,1.3042465862922012,0.10079463714391745,-0.11779541080904776,-,CAGR
A,U56,U56k20d02,U56,10.0,M,0,0,True,1.5588094332725577,0.09393644957676406,1.249805762658453,-0.118441887367981,1.2075338979049464,1.2930344186214375,1.0484713691284608,1.4020309018945436,0.111464199151319,-0.11844188736798122,-,CAGR
A,U56,U56k20d02,U56,10.0,M,0,1,False,1.5773143467122925,0.09210278729676769,1.2120901537703863,-0.1284292830854903,1.1521027528046404,1.2711238861813028,0.9994622789911051,1.3705190308253228,0.11119101746882087,-0.1284292830854903,-,CAGR
A,U56,U56k20d02,U56,10.0,M,0,2,False,1.6194410596683988,0.0853264380376535,1.0802966998088432,-0.15997246108503393,1.1338916374109418,1.0570027305167768,0.9807577219251835,1.1565926979137586,0.10034602859365105,-0.15997246108503405,DD,CAGR
A,U56,U56k20d02,U56,10.0,M,0,3,False,1.667776025938392,0.0851317782270995,1.0713200264832246,-0.15990865622589923,1.0548996703815263,1.1008173868797795,0.8985997248069166,1.1961951673187305,0.10466134644292291,-0.15990865622589934,DD,CAGR
A,U56,U56k20d02,U56,10.0,M,0,4,False,1.6097848651828672,0.08528992121805223,1.0773580619294794,-0.1670356970971717,1.1052250897427285,1.075724330100479,0.9539460852694214,1.1696270091038792,0.10237478127890887,-0.1670356970971718,DD,CAGR
A,U56,U56k20d02,U56,10.0,6W,0,0,True,1.3351780895052525,0.09338794992196053,1.2196362660568625,-0.11600540200833664,1.1093164179466737,1.3206811184667389,0.9680532111239631,1.4074513897871919,0.11487062201148701,-0.11600540200833664,-,CAGR
A,U56,U56k20d02,U56,10.0,6W,0,1,False,1.315146408890015,0.09798062706183353,1.274827793117284,-0.1129206749079843,1.1859257068820583,1.3586068070990032,1.0474451581742916,1.444007058972812,0.1186674151303031,-0.11292067490798396,-,CAGR
A,U56,U56k20d02,U56,10.0,6W,0,2,False,1.2933753848833702,0.10075586766460165,1.2842686352084642,-0.12965032832108736,1.1937303401342794,1.3714743344653297,1.0626874263901265,1.4457272305446018,0.12344653719550891,-0.12965032832108747,-,CAGR
A,U56,U56k20d02,U56,10.0,6W,0,3,False,1.2945820290812935,0.10127180406047143,1.3115471994543573,-0.12713178240852685,1.2313564659845817,1.3893853144884913,1.1009091305238836,1.466985747105442,0.12214317157802324,-0.12713178240852718,-,CAGR
A,U56,U56k20d02,U56,10.0,6W,0,4,False,1.3275766161601823,0.09341527387443382,1.1731169867744122,-0.1572684501482179,1.2181435154169415,1.1593973253483238,1.0843922870719995,1.2434851503293702,0.10907112491141135,-0.15726845014821733,DD,CAGR
A,U56,U56k20d02,U56,10.0,6W,1,0,False,1.3191606025347091,0.09371778725844915,1.2474850640549522,-0.12555350832149403,1.2037460688675552,1.2928456932370038,1.0604345774152493,1.387749661612624,0.11098988334760596,-0.12555350832149426,-,CAGR
A,U56,U56k20d02,U56,10.0,6W,1,1,False,1.2575514906533787,0.0939462374049631,1.238378608012785,-0.13460868772182244,1.2047610368132913,1.276748995651786,1.060940902097844,1.370373391213095,0.11154873056956838,-0.13460868772182233,-,CAGR
A,U56,U56k20d02,U56,10.0,6W,1,2,False,1.293020207095704,0.09453090351766669,1.1774985900393693,-0.1643151703086979,1.2126887145975118,1.1725126535993424,1.056021440419183,1.2696808707711162,0.11282651498710017,-0.16431517030869724,DD,CAGR
A,U56,U56k20d02,U56,10.0,6W,1,3,False,1.311404668670923,0.09262499658703693,1.1482859059331048,-0.16354381341283553,1.1710131025532853,1.1511075185644457,1.0124112503664326,1.2494484038718559,0.11137454191536311,-0.16354381341283541,DD,CAGR
A,U56,U56k20d02,U56,10.0,6W,1,4,False,1.3310829386365202,0.09085865100960278,1.1252459434129976,-0.17122813621378596,1.1566442724560537,1.12131934678563,1.0068821533262813,1.214679051764672,0.10831231982290035,-0.17122813621378596,DD,CAGR
A,U56,U56k20d02,U56,10.0,6W,2,0,False,1.351353343584563,0.09111142124513827,1.1315493072476535,-0.16690091078554892,1.144015682817029,1.1415552616907993,0.9929331899181885,1.2343090433282253,0.10970229187269798,-0.16690091078554936,DD,CAGR
A,U56,U56k20d02,U56,10.0,6W,2,1,False,1.3242592750721098,0.09053652125060307,1.133433846307639,-0.1648487469014024,1.1758942184257335,1.1205218798456904,1.0235391574730042,1.2172346785533266,0.10707068467272052,-0.16484874690140183,DD,CAGR
A,U56,U56k20d02,U56,10.0,6W,2,2,False,1.2807058912161693,0.0920341420278703,1.1498534766724842,-0.16422138784127815,1.2593376801946756,1.0866580497315377,1.1265277317360842,1.1766776020549181,0.10327972217040982,-0.16422138784127804,DD,CAGR
A,U56,U56k20d02,U56,10.0,6W,2,3,False,1.323074238497119,0.09306205895421327,1.1708680150760264,-0.1650780800431959,1.231011780686541,1.1491650270965086,1.0741654650528734,1.2471596535667901,0.10989042278800754,-0.16507808004319569,DD,CAGR
A,U56,U56k20d02,U56,10.0,6W,2,4,False,1.3322109587022493,0.089383071810196,1.1296049482259654,-0.16502343352537607,1.2028924102624294,1.0984420207916448,1.051882849201188,1.193447984222628,0.10479389516503401,-0.1650234335253764,DD,CAGR
A,U56,U56k20d02,U56,10.0,6W,3,0,False,1.3515999883595127,0.08979507773258022,1.136892413774467,-0.1650234335253763,1.2236988105560498,1.0993948021751385,1.079895947469377,1.1887677738517504,0.10471517319546675,-0.1650234335253764,DD,CAGR
A,U56,U56k20d02,U56,10.0,6W,3,1,False,1.3595731168752196,0.0903829661692277,1.140730469073733,-0.1654352071764862,1.2443626468245335,1.0909885089490863,1.1024723733118642,1.1807672761692305,0.10422402438004053,-0.16543520717648663,DD,CAGR
A,U56,U56k20d02,U56,10.0,6W,3,2,False,1.3161101546447953,0.08792273238509596,1.113417506177214,-0.16520130252320187,1.2106544566606539,1.0644012324254,1.0681486357520404,1.1563119776360455,0.10120777186639995,-0.16520130252320187,DD,CAGR
A,U56,U56k20d02,U56,10.0,6W,3,3,False,1.3070999482027859,0.08937169135706324,1.126112147198507,-0.1659567153179663,1.2854907861404032,1.026162873249463,1.1281028469531735,1.1369491620358207,0.09914653314719946,-0.1659567153179663,DD,CAGR
A,U56,U56k20d02,U56,10.0,6W,3,4,False,1.351836452616931,0.08394302742815452,1.0725560526305895,-0.16631876625359865,1.226648263620039,0.975353195669356,1.0666929143330175,1.0878652423616804,0.09352484114997073,-0.16631876625359876,DD,CAGR
A,U56,U56k20d02,U56,10.0,6W,4,0,False,1.3452560890146228,0.08745010911645901,1.1054670865494565,-0.16671152470212747,1.2921149429887782,0.9818665113830568,1.1437817923563658,1.0909803276179912,0.09425134646326216,-0.16671152470212725,DD,CAGR
A,U56,U56k20d02,U56,10.0,6W,4,1,False,1.293650307251422,0.08953622321826038,1.1223325443637246,-0.1597717956830833,1.2913562164786867,1.015845077615399,1.143433586998477,1.1208637869103615,0.09822090715346476,-0.15977179568308342,DD,CAGR
A,U56,U56k20d02,U56,10.0,6W,4,2,False,1.2866153244561411,0.09248127979410414,1.1540091151570282,-0.16235504620937458,1.2615138456412405,1.0916459945447918,1.1140426363861238,1.191804622327795,0.10479757723991656,-0.16235504620937447,DD,CAGR
A,U56,U56k20d02,U56,10.0,6W,4,3,False,1.2651243769807634,0.09149321862689308,1.1522478033031827,-0.16085969283161772,1.2660946933230375,1.081560185838365,1.117284172767308,1.1855712983189541,0.10266494418356364,-0.16085969283161783,DD,CAGR
A,U56,U56k20d02,U56,10.0,6W,4,4,False,1.327548707248695,0.08670335087101666,1.1022841121669662,-0.16451691561992743,1.2514296848874267,1.0036751403200643,1.0996707284939589,1.1134662169503884,0.0953288087445705,-0.16451691561992765,DD,CAGR
A,U56,U56k20d02,U56,10.0,6W,5,0,False,1.3375794916309862,0.0884373673027754,1.1362363286594375,-0.14815364866893177,1.1767065515478206,1.117060717154584,1.0201178279186447,1.2237391765468628,0.10306466691494065,-0.14815364866893177,DD,CAGR
A,U56,U56k20d02,U56,10.0,6W,5,1,False,1.3322726153563393,0.09365992521335276,1.217431690247393,-0.14969475688209888,1.2097407863454848,1.2338734043026167,1.0566897926917482,1.3377317219049518,0.11004578022105216,-0.14969475688209877,DD,CAGR
A,U56,U56k20d02,U56,10.0,6W,5,2,False,1.3113024498924337,0.09676306620797948,1.2771769510945032,-0.10769821202652663,1.2161415983743717,1.3363196454045618,1.0675544911520107,1.4365657165753893,0.1147292037365435,-0.10769821202652652,-,CAGR
A,U56,U56k20d02,U56,10.0,6W,5,3,False,1.2926517205510444,0.09514010363554903,1.2285306047378495,-0.11837405483113106,1.1310295236484291,1.3191230981372204,0.9827813811707875,1.4107209765088464,0.11698431376519136,-0.11837405483113095,-,CAGR
A,U56,U56k20d02,U56,10.0,6W,5,4,False,1.318027372580937,0.09366754544108824,1.2409733361541013,-0.11259240552662597,1.1563017930051034,1.320247554663212,1.016501694038948,1.4111132672907603,0.11247315391873447,-0.1125924055266262,-,CAGR
A,U56,U56k20d02,U56,10.0,Q,0,0,True,0.8859410468553487,0.0847093936811194,1.0070623899633895,-0.1962008748951629,1.146573766768687,0.9237488044206839,1.0016677047892706,1.0225535462480608,0.09489084186495722,-0.19620087489516336,DD,CAGR
A,U56,U56k20d02,U56,10.0,Q,0,1,False,0.9203763335406516,0.08071081113818113,0.9687799437553412,-0.19638845136411487,1.1252538151311609,0.8752804474241916,0.97865691162298,0.9753095263382493,0.08995095928852503,-0.19638845136411542,DD,CAGR
A,U56,U56k20d02,U56,10.0,Q,0,2,False,0.9219372060867782,0.08169828582928962,0.9680808392262207,-0.1959117890658576,1.143400941736396,0.856059980302481,1.0000647395953857,0.9582380149939352,0.08875264464083488,-0.19591178906585782,DD,CAGR
A,U56,U56k20d02,U56,10.0,Q,0,3,False,0.9235189548033189,0.08358648445493788,0.9952890284312518,-0.1958164036028308,1.1692682942482464,0.8928634570043253,1.024997518856295,0.9910381507553007,0.09244696036529909,-0.19581640360283092,DD,CAGR
A,U56,U56k20d02,U56,10.0,Q,0,4,False,0.87658357969338,0.08397075378410768,1.0149884488972385,-0.19343394641982026,1.202628577014279,0.8944034037319868,1.062562660861105,0.9956129100685606,0.09037924105409068,-0.1934339464198176,DD,CAGR
A,U56,U56k20d03,U56,10.0,D,0,0,True,6.754966976993793,0.08755153396573556,1.1469557540241258,-0.10754917404499398,1.116856262806151,1.1800317206394888,0.9486411567138677,1.2942466435440854,0.10569600039028626,-0.09616762146826774,-,CAGR
A,U56,U56k20d03,U56,10.0,2D,0,0,True,4.891588397584664,0.08952170369144063,1.165311339312112,-0.10079441892751062,1.181658140452421,1.1604666018538332,1.0176480869180387,1.2757735561399635,0.10497051505767696,-0.1007944189275104,-,CAGR
A,U56,U56k20d03,U56,10.0,2D,1,0,False,4.873040381545076,0.0909386076164993,1.1814255738085577,-0.09694590803656389,1.176118619930151,1.1945759634182236,1.0040659115233166,1.3133458919448622,0.10831715511766782,-0.08753537977608339,-,CAGR
A,U56,U56k20d03,U56,10.0,W,0,0,True,3.1907935674555614,0.09143008680395259,1.1738276308962325,-0.1181146060514563,1.1784181014286064,1.179751812040965,1.0088196784153949,1.296379524713204,0.1085612970466272,-0.1181146060514563,-,CAGR
A,U56,U56k20d03,U56,10.0,W,0,1,False,3.1658407395689974,0.09479957198892608,1.2186080778326218,-0.11479374863355252,1.2072583802599146,1.2374205095642472,1.0405420019582612,1.3510123347211462,0.11276242140538373,-0.11479374863355307,-,CAGR
A,U56,U56k20d03,U56,10.0,W,0,2,False,3.208591176237665,0.09345195908608095,1.189998756534585,-0.09792146897743226,1.1926692569702666,1.198120602168071,1.029867504140742,1.3090297887459172,0.11065265966726723,-0.0863411028277169,-,CAGR
A,U56,U56k20d03,U56,10.0,W,0,3,False,3.1733985348112137,0.09273975464094741,1.1798537088077634,-0.0925708267983204,1.2142792126319222,1.160170723946502,1.0427169998740966,1.2829033843334576,0.10789585518648592,-0.09257082679831996,-,CAGR
A,U56,U56k20d03,U56,10.0,W,0,4,False,3.1862110034884874,0.08761515375722406,1.125438626344197,-0.10764114433722105,1.1706554670292209,1.097057133528394,0.996238599008352,1.222413166967139,0.10201774330268454,-0.10341675965845376,-,CAGR
A,U56,U56k20d03,U56,10.0,2W,0,0,True,2.3035815352505553,0.09386155214604708,1.1627541150676597,-0.13710396652944223,1.147972600392415,1.1849079079964415,0.9732246979604157,1.3025124204950804,0.11331746458066982,-0.128155672288215,-,CAGR
A,U56,U56k20d03,U56,10.0,2W,0,1,False,2.2864422760663214,0.09788046213583534,1.2101478166931148,-0.11450051078983436,1.23554518455695,1.2018576322892964,1.0600562809002887,1.321750398446029,0.1157742589489632,-0.11450051078983392,-,CAGR
A,U56,U56k20d03,U56,10.0,2W,0,2,False,2.3093196059870826,0.09576260792550229,1.1756769275401562,-0.1292704768024059,1.2170935047337097,1.1572035897871087,1.0488968034021908,1.2707838483200988,0.11279310868014414,-0.12927047680240633,-,CAGR
A,U56,U56k20d03,U56,10.0,2W,0,3,False,2.3507305657609328,0.09520021719266669,1.1838071326282118,-0.12210865222201506,1.2151082498778798,1.1716450005379626,1.0462769902348785,1.2864118579825172,0.11226112332284766,-0.12210865222201506,-,CAGR
A,U56,U56k20d03,U56,10.0,2W,0,4,False,2.332889449512345,0.09031059303003874,1.131808464150967,-0.13623823832290216,1.2054986421740859,1.087490406848595,1.0303591153697484,1.2093392005538193,0.10507776559139037,-0.13623823832290238,-,CAGR
A,U56,U56k20d03,U56,10.0,2W,1,0,False,2.325796994184743,0.09345364433752912,1.1903889819967666,-0.10472793685802106,1.1768876426290453,1.2117535313737642,1.0035593266765817,1.3282993167528878,0.1123926007800653,-0.10472793685802051,-,CAGR
A,U56,U56k20d03,U56,10.0,2W,1,1,False,2.39826609140508,0.09302669530117402,1.188034798599079,-0.10984881687515946,1.1587449636384606,1.2213222474856338,1.0018596979312364,1.3263083691850044,0.11133598589792193,-0.10984881687515946,-,CAGR
A,U56,U56k20d03,U56,10.0,2W,1,2,False,2.3386119619564285,0.09250866790999623,1.1634787960136421,-0.09563191063903487,1.2446949016864437,1.1063529428940224,1.0873260310902162,1.2229123615009732,0.10406997009033248,-0.09563191063903609,-,CAGR
A,U56,U56k20d03,U56,10.0,2W,1,3,False,2.2962560300288137,0.09400997050061588,1.1660894924159189,-0.11143980228041972,1.18153970982884,1.1604433630513227,1.0162074020951712,1.2789620219248206,0.10968071380331734,-0.1001733474183718,-,CAGR
A,U56,U56k20d03,U56,10.0,2W,1,4,False,2.251779063679983,0.09155818173645236,1.1412938512719182,-0.13741621182547403,1.1504499074570882,1.1426977494715256,0.9807536661549654,1.2607986399992868,0.1084933376979178,-0.12353306762520277,-,CAGR
A,U56,U56k20d03,U56,10.0,M,0,0,True,1.6244946847882284,0.10105916031067852,1.24713730997096,-0.10759875062228041,1.2780051895840996,1.2296868388178592,1.0972285940175075,1.3600598795733259,0.1174921433643954,-0.10759875062228064,-,CAGR
A,U56,U56k20d03,U56,10.0,M,0,1,False,1.6548433757302048,0.09835825935547926,1.2122262783692301,-0.11392032262771234,1.1951927057320464,1.236912109648441,1.0113329766265982,1.3601427762174698,0.11909920201256918,-0.1139203226277119,-,CAGR
A,U56,U56k20d03,U56,10.0,M,0,2,False,1.6477243076859223,0.09220200080116281,1.110109452234733,-0.14162005365552188,1.1688696182969074,1.0793042013886176,0.9972577385350112,1.195331988424981,0.10863545974826638,-0.14162005365552177,DD,CAGR
A,U56,U56k20d03,U56,10.0,M,0,3,False,1.713085349949763,0.08887679156999218,1.0519736759385154,-0.15414809557946885,1.029224345704939,1.0841463495416837,0.8458520063479688,1.1994775193888334,0.11144222108164303,-0.15414809557946896,DD,CAGR
A,U56,U56k20d03,U56,10.0,M,0,4,False,1.6683159746135905,0.0871980078700958,1.0084235934323906,-0.19624019001720128,1.0679813004102676,0.9860412296669036,0.890834179698714,1.0967098851169264,0.10606903190315475,-0.1962401900172015,DD,CAGR
A,U56,U56k20d03,U56,10.0,6W,0,0,True,1.341256574991705,0.10272423175041245,1.238156843286744,-0.12022134140947582,1.1721209794666323,1.3018071378265126,1.0085966785577345,1.4100480332407979,0.12461247649433416,-0.12022134140947605,-,CAGR
A,U56,U56k20d03,U56,10.0,6W,0,1,False,1.3238886313201979,0.10738993172276534,1.2926396721571876,-0.11939534859309464,1.2436491873586049,1.3439765929725713,1.077302408967882,1.4517286865590378,0.12989693757645604,-0.11939534859309464,-,-
A,U56,U56k20d03,U56,10.0,6W,0,2,False,1.3411485472325917,0.10876829049048053,1.2855856196084612,-0.13217770058304246,1.2539151457609874,1.325671927272888,1.0996766563045817,1.422223918892928,0.13104824710353968,-0.13217770058304257,-,-
A,U56,U56k20d03,U56,10.0,6W,0,3,False,1.3245616386478143,0.1098995141917285,1.316232179131547,-0.13407251717155222,1.3289869362962563,1.317551267892554,1.171869037939628,1.4247615244820881,0.12802534120488374,-0.13407251717155189,-,-
A,U56,U56k20d03,U56,10.0,6W,0,4,False,1.3517505942119747,0.10423632084530454,1.2487415861079232,-0.14107274802421188,1.3604688381743124,1.1757843948195577,1.2063585302348276,1.286850094980778,0.11660422286440597,-0.14107274802421155,DD,CAGR
A,U56,U56k20d03,U56,10.0,6W,1,0,False,1.3598512992738603,0.1030471460899689,1.259939465150139,-0.11554105170558049,1.3561321843932863,1.1871381634191411,1.1962559325772333,1.3103907034755171,0.11366545056256405,-0.11554105170558093,-,CAGR
A,U56,U56k20d03,U56,10.0,6W,1,1,False,1.3504989349435375,0.10176889832491409,1.254083339487452,-0.1207794969850774,1.3258995511836729,1.2017415473646913,1.1685122238427998,1.320410410508898,0.11378152043088874,-0.1207794969850774,-,CAGR
A,U56,U56k20d03,U56,10.0,6W,1,2,False,1.3185685937114107,0.10344338728680214,1.217200093922722,-0.14639851947732185,1.298343044176362,1.1687971727219149,1.12599619590567,1.2884815303327772,0.11933284704588631,-0.1463985194773223,DD,CAGR
A,U56,U56k20d03,U56,10.0,6W,1,3,False,1.3350694774503813,0.10004568589104901,1.1674246692592494,-0.15907153578565647,1.2299065876796411,1.1340351291437822,1.0495153295967212,1.25649865091084,0.11771714157342927,-0.15907153578565625,DD,CAGR
A,U56,U56k20d03,U56,10.0,6W,1,4,False,1.3411164198618748,0.09764959733582335,1.0956569891812202,-0.19853446068249025,1.2214324634896538,1.0237113319992361,1.0524743550243825,1.137001827253871,0.11234662300391784,-0.1985344606824906,DD,CAGR
A,U56,U56k20d03,U56,10.0,6W,2,0,False,1.3483153248645605,0.09944989746894484,1.0978240790430402,-0.20113899124871737,1.2272828366077457,1.0279157211034369,1.061437491221425,1.136384378812192,0.11482883740001948,-0.20113899124871681,DD,CAGR
A,U56,U56k20d03,U56,10.0,6W,2,1,False,1.3551341678873015,0.09821729829051762,1.0966867106797205,-0.19982271136596086,1.2179786468744023,1.0324307459016655,1.0487227172428766,1.1424524662675783,0.11416693861020755,-0.19982271136596075,DD,CAGR
A,U56,U56k20d03,U56,10.0,6W,2,2,False,1.361758157995284,0.09715988172689416,1.0883446856418997,-0.19942873315768028,1.243393805127303,1.001232966217121,1.081579429649966,1.108750066009017,0.11043216743899142,-0.19942873315768006,DD,CAGR
A,U56,U56k20d03,U56,10.0,6W,2,3,False,1.3699611446497748,0.09502139851299574,1.0732415414317102,-0.20011022427774194,1.1779152706647986,1.0254648762510927,0.9948970802902206,1.1391668866703322,0.11355978009174805,-0.2001102242777424,DD,CAGR
A,U56,U56k20d03,U56,10.0,6W,2,4,False,1.3461695346169182,0.0938847863842649,1.062722766020305,-0.1999170886712467,1.179988835038456,1.0061220559185426,1.0034276398588462,1.1168988331017973,0.11104607059146598,-0.19991708867124658,DD,CAGR
A,U56,U56k20d03,U56,10.0,6W,3,0,False,1.3737898678271743,0.09190620008562611,1.0425237223451158,-0.1999170886712469,1.1414297912608968,0.999671794800248,0.9698334901852568,1.104982003794574,0.10991073132174423,-0.1999170886712468,DD,CAGR
A,U56,U56k20d03,U56,10.0,6W,3,1,False,1.3882563708611881,0.09158710972096507,1.033108335214956,-0.20013510476355711,1.1638258179918581,0.9685787302938458,0.9988786222955176,1.0722577638891133,0.10714354581815533,-0.200135104763557,DD,CAGR
A,U56,U56k20d03,U56,10.0,6W,3,2,False,1.337201017617695,0.08977662292267441,1.0157922864294904,-0.1999512699133542,1.193482438886887,0.9183634401160972,1.0267234248294335,1.027291990743442,0.10207750189875742,-0.199951269913354,DD,CAGR
A,U56,U56k20d03,U56,10.0,6W,3,3,False,1.3261171860301024,0.0907464564333329,1.0201053543753527,-0.20080232413902221,1.2691214655153553,0.8660124313448915,1.090310377045038,0.9928141953258216,0.09831784255767517,-0.20080232413902233,DD,CAGR
A,U56,U56k20d03,U56,10.0,6W,3,4,False,1.3475559018626684,0.08494177245546952,0.9691153971081614,-0.20204818671705616,1.212103649087925,0.8169734069155287,1.031606585838092,0.9454101670803137,0.09213657419021493,-0.20204818671705682,DD,"H2,CAGR"
A,U56,U56k20d03,U56,10.0,6W,4,0,False,1.3550154049743766,0.08799003941088235,1.0022837367171809,-0.19949661545177555,1.2957270295480212,0.8180380126964644,1.125899172248601,0.9431908430743646,0.09209000871253203,-0.19949661545177588,DD,"H2,CAGR"
A,U56,U56k20d03,U56,10.0,6W,4,1,False,1.335500600611905,0.09031542080673893,1.0256850846232206,-0.1910186766262123,1.29161760352953,0.8632774798823174,1.1205362272956245,0.985421743247368,0.09687654599559647,-0.19101867662621208,DD,CAGR
A,U56,U56k20d03,U56,10.0,6W,4,2,False,1.358606995582399,0.0927932725401941,1.056146954361901,-0.19706107211989576,1.3114840062653323,0.9043150983397681,1.1441888464344339,1.0219393964015984,0.10061082725620296,-0.1970610721198951,DD,CAGR
A,U56,U56k20d03,U56,10.0,6W,4,3,False,1.3652796746074016,0.09224042456028125,1.0616336208303416,-0.18357667319138737,1.2736868092448412,0.9307635225294362,1.1117369448769376,1.0459256551035572,0.10098310997676974,-0.18357667319138726,DD,CAGR
A,U56,U56k20d03,U56,10.0,6W,4,4,False,1.3386345415191376,0.09207911487777798,1.073043030427432,-0.19692488039902145,1.309229214596272,0.9227721745746782,1.148214254594814,1.04086512639411,0.09891431691543784,-0.1969248803990219,DD,CAGR
A,U56,U56k20d03,U56,10.0,6W,5,0,False,1.3942990170350382,0.09039732722463656,1.0722740493000686,-0.16218770202051624,1.187282052694197,1.0029280861092267,1.008545589270755,1.125470255575139,0.10460269460796079,-0.16218770202051636,DD,CAGR
A,U56,U56k20d03,U56,10.0,6W,5,1,False,1.3767058541597657,0.09296873880101764,1.1215804704123906,-0.1623374718152104,1.1921250606276101,1.0810242521515139,1.014156254078347,1.2031847134473552,0.1089273184836752,-0.1623374718152102,DD,CAGR
A,U56,U56k20d03,U56,10.0,6W,5,2,False,1.362776830400503,0.10017581143008458,1.2088616359146953,-0.1130887572048499,1.2644264241315872,1.1720931565998243,1.1043991549992191,1.2886487656173162,0.11399920238502959,-0.11308875720485001,-,CAGR
A,U56,U56k20d03,U56,10.0,6W,5,3,False,1.3542659051286445,0.10222061674487648,1.2185094057795087,-0.10899353790131405,1.172196986131295,1.2657774973383453,1.0150686429893052,1.3704747457065636,0.12272456217946126,-0.10899353790131383,-,CAGR
A,U56,U56k20d03,U56,10.0,6W,5,4,False,1.3197589514366226,0.10296167255708144,1.24821363557,-0.12248324464068083,1.2303092329572913,1.2726223990926617,1.0720418892523982,1.3798170421707174,0.12180228310332386,-0.12248324464068128,-,CAGR
A,U56,U56k20d03,U56,10.0,Q,0,0,True,0.8674789711578654,0.08927731226603242,0.9914413685830188,-0.21215157126782846,1.1888270385309798,0.8572638264518306,1.02855357332026,0.9768938253063818,0.09602102547659541,-0.21215157126782858,DD,"DD,CAGR"
A,U56,U56k20d03,U56,10.0,Q,0,1,False,0.903339199546878,0.08573459781753656,0.9604707127495234,-0.2123766562918895,1.1823441023792887,0.8154731703401467,1.017875970748645,0.936072177995543,0.09203351233236301,-0.21237665629188907,DD,"H2,DD,CAGR"
A,U56,U56k20d03,U56,10.0,Q,0,2,False,0.8869498901404816,0.08707573114282074,0.9596825513949256,-0.2135316968314147,1.1601173628663923,0.8299526635346571,1.00466432952323,0.9426215435063623,0.0941180792430949,-0.21353169683141482,DD,"H2,DD,CAGR"
A,U56,U56k20d03,U56,10.0,Q,0,3,False,0.8851194265942731,0.09123745200110034,1.0098327478040636,-0.21346168408804767,1.2078017576109654,0.8902606415871736,1.0540347450154937,0.9975392166141612,0.10023734348653623,-0.213461684088048,DD,"DD,CAGR"
A,U56,U56k20d03,U56,10.0,Q,0,4,False,0.8787229399288955,0.09021167830650101,1.0081837533215017,-0.21384070138288602,1.2463085954812996,0.8594207407110088,1.0990634419947676,0.9666827243319539,0.09588925894760814,-0.21384070138288624,DD,"DD,CAGR"
A,U56,U56k20d04,U56,10.0,D,0,0,True,6.694869327886631,0.06269247984039517,1.052707634116154,-0.07534243255152084,0.9225696187543407,1.1684376143652815,0.7516266762032884,1.265175431978447,0.08259918386975529,-0.07534243255152062,-,"H1,CAGR"
A,U56,U56k20d04,U56,10.0,2D,0,0,True,4.766737589686886,0.06620000885634814,1.1030553801010712,-0.07923140469516576,1.0178014234339197,1.1837504858973489,0.8618069042552556,1.2744731998151786,0.08398872206698993,-0.0792314046951661,-,CAGR
A,U56,U56k20d04,U56,10.0,2D,1,0,False,4.86155858677819,0.0644539926566996,1.0753939101887253,-0.07930650413975493,0.9369292765743163,1.1980742306503105,0.7759987869184763,1.2869898354620946,0.08453400259688126,-0.07930650413975515,-,"H1,CAGR"
A,U56,U56k20d04,U56,10.0,W,0,0,True,3.1905871084896082,0.06270230971024593,1.0340531997381397,-0.0893820572516918,0.8763457359762561,1.171193703215263,0.7349877658037305,1.2426210099356196,0.08320368599577987,-0.08938205725169168,-,"H1,CAGR"
A,U56,U56k20d04,U56,10.0,W,0,1,False,3.1985711745324252,0.06682859841474342,1.1009812418099902,-0.09097986996339413,0.955595098107697,1.2294715939751086,0.813074336472181,1.3048461484296412,0.08680604010920345,-0.09097986996339424,-,"H1,CAGR"
A,U56,U56k20d04,U56,10.0,W,0,2,False,3.1870421239153512,0.07262580480655467,1.1729874732366612,-0.07542841523394705,1.0510703061301658,1.28378599448769,0.9287725523244176,1.3467526783951904,0.09172096257344897,-0.07542841523394594,-,CAGR
A,U56,U56k20d04,U56,10.0,W,0,3,False,3.151842189316558,0.06724118778198473,1.0972099456033186,-0.08413049608402567,0.9937805132356591,1.192009269896316,0.8539989489809955,1.271005741490047,0.08513036250288586,-0.08413049608402645,-,CAGR
A,U56,U56k20d04,U56,10.0,W,0,4,False,3.164829659648604,0.06578276323183463,1.0868677598336816,-0.0896746306433912,0.9062380645563329,1.2430900260816733,0.7473252501018078,1.3242772961147544,0.08830697803751675,-0.08721088425493884,-,"H1,CAGR"
A,U56,U56k20d04,U56,10.0,2W,0,0,True,2.266033087689502,0.06656420289914444,1.0688898124165536,-0.1047714474452689,0.843981229793424,1.2576933001220212,0.7001222897225503,1.320541289685534,0.09181117433052322,-0.10477144744526978,-,"H1,CAGR"
A,U56,U56k20d04,U56,10.0,2W,0,1,False,2.303187095206821,0.07015087582512902,1.1119894747886414,-0.10249655696441118,1.000438415373924,1.214102927806839,0.8503854823338288,1.2959432427040172,0.09034629179857756,-0.10249655696441118,-,CAGR
A,U56,U56k20d04,U56,10.0,2W,0,2,False,2.310630460500125,0.07500411002818153,1.1719485883248788,-0.10360546468683107,1.0606711809407996,1.2751061932355772,0.9305540831275241,1.3427251667707272,0.09513080600739365,-0.10360546468683085,-,CAGR
A,U56,U56k20d04,U56,10.0,2W,0,3,False,2.281690958273987,0.07099464583880688,1.1278568277726437,-0.09942661078058412,0.9951722064914513,1.2466856478293185,0.8543128890641467,1.3199508678920875,0.09182443742741087,-0.09942661078058423,-,CAGR
A,U56,U56k20d04,U56,10.0,2W,0,4,False,2.269120440538598,0.07062934210035698,1.1245233404953645,-0.10012515877335137,0.9923231669567918,1.2428951041268086,0.856835542120371,1.3126696719158228,0.09110913337280224,-0.10012515877335182,-,CAGR
A,U56,U56k20d04,U56,10.0,2W,1,0,False,2.2888881944626704,0.07183526052647804,1.1629023491497334,-0.08607748656033476,0.9742747710737205,1.3267665681607677,0.8318465058849255,1.3968804940277904,0.09464023835620128,-0.08607748656033476,-,CAGR
A,U56,U56k20d04,U56,10.0,2W,1,1,False,2.3130550918631725,0.0736469139377749,1.1968689124304974,-0.08068699620433661,1.0230748704257953,1.349333764447617,0.8960289952142222,1.4112073045068787,0.09493737135296199,-0.08068699620433706,-,CAGR
A,U56,U56k20d04,U56,10.0,2W,1,2,False,2.2604398030711104,0.07498069882928027,1.1941103794362973,-0.07093146252029303,1.1044020277338777,1.2800878219444447,0.9781682021523629,1.3490087643273323,0.0931967257143449,-0.07093146252029292,-,CAGR
A,U56,U56k20d04,U56,10.0,2W,1,3,False,2.3212268119262585,0.07132343949904851,1.137840788678632,-0.08628339831328613,1.027636958425114,1.2388177347855436,0.9014141960208216,1.30661458313567,0.08982372738888533,-0.08628339831328613,-,CAGR
A,U56,U56k20d04,U56,10.0,2W,1,4,False,2.2775156895973905,0.06647020138484883,1.0791250726259922,-0.0894110630217847,0.8949548786717662,1.2371698548253132,0.7482723256373834,1.3076022757701313,0.08945018787762504,-0.0894110630217847,-,"H1,CAGR"
A,U56,U56k20d04,U56,10.0,M,0,0,True,1.5758222241595758,0.07604059855202228,1.1897435702187704,-0.10913629164003402,1.157527661973154,1.2278969352731224,1.0414107003544324,1.299762571992902,0.09020516314334937,-0.10913629164003424,-,CAGR
A,U56,U56k20d04,U56,10.0,M,0,1,False,1.6053778321144014,0.07496272664662373,1.1753800258816702,-0.10081703346514093,1.070342832980205,1.2722345107217279,0.941985066989426,1.3436359405707343,0.0934002385179975,-0.10081703346514104,-,CAGR
A,U56,U56k20d04,U56,10.0,M,0,2,False,1.6452331991850715,0.07271509988059188,1.099934409974202,-0.1316275205848083,1.0445199520926218,1.1605862543779766,0.9143689698716422,1.2327771967788543,0.09065988807584513,-0.13162752058480842,-,CAGR
A,U56,U56k20d04,U56,10.0,M,0,3,False,1.6788894297895771,0.06981081692276225,1.0646850609167702,-0.1306215977498938,0.9648235498988501,1.1586587083651723,0.8250912169020131,1.2315120692473602,0.09023295229310713,-0.13062159774989412,-,CAGR
A,U56,U56k20d04,U56,10.0,M,0,4,False,1.6251772597914742,0.0648013191038197,0.9792607775808232,-0.1476775238893575,0.812711892377476,1.1214211887641143,0.6774672165990343,1.180745826215589,0.08878675735718233,-0.14767752388935762,DD,"H1,CAGR"
A,U56,U56k20d04,U56,10.0,6W,0,0,True,1.2935161182521733,0.07983972127357819,1.2111098529984048,-0.10849610322002556,0.9323754759573079,1.4421888653106982,0.7966377597298236,1.492260256989835,0.11050255689047406,-0.10849610322002556,-,"H1,CAGR"
A,U56,U56k20d04,U56,10.0,6W,0,1,False,1.2505513828684476,0.08456211348120779,1.2838695378922946,-0.11351302097252192,1.0848919420163585,1.4562048475287603,0.9478452251556465,1.5142446669001506,0.11229158792007898,-0.1135130209725217,-,CAGR
A,U56,U56k20d04,U56,10.0,6W,0,2,False,1.2422912196583782,0.08235340710031824,1.237163052094899,-0.11381598841037166,1.0579892585762753,1.3944032101480788,0.9162282511041836,1.4553201734269148,0.10996406294465944,-0.11381598841037155,-,CAGR
A,U56,U56k20d04,U56,10.0,6W,0,3,False,1.2232514831766073,0.08797116348796297,1.327141739979032,-0.12411934218733456,1.1369360738967222,1.493697221043963,1.0051061706581506,1.5500495150596534,0.11527098954697657,-0.12411934218733434,-,CAGR
A,U56,U56k20d04,U56,10.0,6W,0,4,False,1.2992879632705812,0.08013886123339509,1.2263227269444033,-0.11982519222861832,1.1255503990256497,1.3251487162178108,0.9860416797048093,1.3950186094916608,0.1026082280656675,-0.11982519222861798,-,CAGR
A,U56,U56k20d04,U56,10.0,6W,1,0,False,1.341054576567776,0.07644606838797108,1.1966767815828805,-0.11402656756113794,1.0346354806232982,1.3393506070828718,0.8707653428525154,1.4243585780356183,0.10069875970609599,-0.11402656756113794,-,CAGR
A,U56,U56k20d04,U56,10.0,6W,1,1,False,1.29125567769456,0.07695444390710526,1.2068191700955837,-0.10576658399109384,1.1119602144017018,1.2970666417180965,0.9552973942637438,1.3852702679435276,0.0974794287514491,-0.10576658399109373,-,CAGR
A,U56,U56k20d04,U56,10.0,6W,1,2,False,1.2660344161218866,0.08068239785190667,1.1964215989836482,-0.13413808541751449,1.0784694935726187,1.3088940369757767,0.9098021349326775,1.3924781776802595,0.10664883144508708,-0.1341380854175146,-,CAGR
A,U56,U56k20d04,U56,10.0,6W,1,3,False,1.3542692841140944,0.07392539775537932,1.1104883364444704,-0.13383594448510538,1.0051675020999964,1.2109579270215984,0.8309496822992939,1.3016115919346436,0.09785989844917231,-0.13383594448510516,-,CAGR
A,U56,U56k20d04,U56,10.0,6W,1,4,False,1.353434869557141,0.0709432547911315,1.0512109571102635,-0.14937880097286693,0.9429600344764218,1.152872800025916,0.7774749679529134,1.2373175608590512,0.09452371897904865,-0.1493788009728666,DD,"H1,CAGR"
A,U56,U56k20d04,U56,10.0,6W,2,0,False,1.3575706934819112,0.07252004989807403,1.0547640990961575,-0.14877842910823458,0.9338987844719288,1.1657142369539506,0.7752033525295366,1.2445220867886042,0.09690877973864098,-0.1487784291082348,DD,"H1,CAGR"
A,U56,U56k20d04,U56,10.0,6W,2,1,False,1.3698281362549525,0.07236655856660912,1.0606053801918927,-0.14765565791895152,0.927610169383055,1.1793420497703488,0.7658060901814485,1.262787276773839,0.09650920802271057,-0.14765565791895152,DD,"H1,CAGR"
A,U56,U56k20d04,U56,10.0,6W,2,2,False,1.3351300993319097,0.07687891333437036,1.1305778304773406,-0.1457562632396221,1.0277532407158354,1.2287463971185983,0.8863666153186591,1.3006710366995171,0.09927411587723478,-0.1457562632396222,DD,CAGR
A,U56,U56k20d04,U56,10.0,6W,2,3,False,1.3606300604787553,0.07436165230417457,1.0976998968922411,-0.1464563106826431,1.0749151902483862,1.13767199898659,0.9282599915285593,1.2200397639855156,0.09280126916702236,-0.14645631068264375,DD,CAGR
A,U56,U56k20d04,U56,10.0,6W,2,4,False,1.3314764641334969,0.07319426364109716,1.0740134235251195,-0.14612377468452498,1.044837255895248,1.1188552360408026,0.9206920347451288,1.1860084105198485,0.09095024042581912,-0.14612377468452464,DD,CAGR
A,U56,U56k20d04,U56,10.0,6W,3,0,False,1.354557252626182,0.07057975510532333,1.0334468455251422,-0.14612377468452475,1.026339359994908,1.0626189044404581,0.8942507734136318,1.136218033384835,0.08752924372031723,-0.1461237746845251,DD,CAGR
A,U56,U56k20d04,U56,10.0,6W,3,1,False,1.3304373293154943,0.07592518341678778,1.1066320719754208,-0.14616621539229357,1.1287144386763823,1.1182107806393287,1.000207451332156,1.190912392013165,0.09228992318431395,-0.14616621539229357,DD,CAGR
A,U56,U56k20d04,U56,10.0,6W,3,2,False,1.323608143392841,0.07425037043073068,1.0819355740469174,-0.1460790144785452,1.1347395584031363,1.0695551494439852,1.0049244801758204,1.1472648228482163,0.08856935643414277,-0.14607901447854565,DD,CAGR
A,U56,U56k20d04,U56,10.0,6W,3,3,False,1.2973624862267608,0.07162360742816176,1.0395079835861312,-0.14717049042631647,1.1210737710955658,1.0051671782112657,0.9984071857961633,1.0820780173350266,0.08373406208991963,-0.14717049042631603,DD,CAGR
A,U56,U56k20d04,U56,10.0,6W,3,4,False,1.3484014889545628,0.0665779543358509,0.9867752089497658,-0.14932243593829453,1.0750674471097916,0.9551958808353137,0.9626941670794765,1.0226815465102077,0.07860676628175445,-0.14932243593829453,DD,CAGR
A,U56,U56k20d04,U56,10.0,6W,4,0,False,1.344911307085542,0.06663227323612997,0.9850517365280899,-0.1467518073128028,1.0329913655869818,0.9815737399614858,0.8943574560440894,1.0598026199775625,0.08188475670304007,-0.14675180731280257,DD,CAGR
A,U56,U56k20d04,U56,10.0,6W,4,1,False,1.3199443806548783,0.07213133126789595,1.045515229400261,-0.14343087093172457,1.1611410490519234,0.9943261252208765,1.0002374407300278,1.0936162427439107,0.08565060228894561,-0.1434308709317248,DD,CAGR
A,U56,U56k20d04,U56,10.0,6W,4,2,False,1.3251403546985876,0.07624975369401699,1.0932764823762566,-0.14793890581874325,1.144610714146786,1.0867200012693705,1.0096278266326657,1.1641679651800083,0.09194644640204341,-0.14793890581874292,DD,CAGR
A,U56,U56k20d04,U56,10.0,6W,4,3,False,1.3318509069128477,0.0773901218413795,1.1387982724801242,-0.12746783075464463,1.1211600535677553,1.1786658076083245,0.9826318414208153,1.2538089374574957,0.09619395294388622,-0.1274678307546444,-,CAGR
A,U56,U56k20d04,U56,10.0,6W,4,4,False,1.337589436838448,0.07690167768049894,1.1308802168125363,-0.13302004733163453,1.0451058536230644,1.217780331665181,0.9319139376742375,1.2721420290076328,0.09747935385976247,-0.13302004733163586,-,CAGR
A,U56,U56k20d04,U56,10.0,6W,5,0,False,1.3194474407796581,0.07901319439677112,1.174183677573274,-0.13142760351534288,1.0304173166270518,1.3032701185300462,0.920436686454287,1.3511106755155569,0.10195612452556069,-0.13142760351534277,-,CAGR
A,U56,U56k20d04,U56,10.0,6W,5,1,False,1.3413995392519378,0.07865255169477203,1.1935547288492527,-0.12995188073915875,1.0333289772080054,1.3350794607557464,0.9085760098896644,1.391289113536407,0.10255234486246279,-0.12995188073915875,-,CAGR
A,U56,U56k20d04,U56,10.0,6W,5,2,False,1.3584843999601566,0.08414072638361292,1.2890829380661235,-0.09369138461029158,1.1320591766264332,1.4292084812656345,1.015616540540365,1.4829614658412915,0.10691404467899224,-0.09369138461029125,-,CAGR
A,U56,U56k20d04,U56,10.0,6W,5,3,False,1.348888798567716,0.08183727569121291,1.2380462754966919,-0.10320851273881726,1.0266304917261737,1.419344259989782,0.8854282269026296,1.4825189086714758,0.1090011358209233,-0.10320851273881715,-,CAGR
A,U56,U56k20d04,U56,10.0,6W,5,4,False,1.2891834245722007,0.08049527393655764,1.2294948775281926,-0.10562639498072401,0.9563260602571109,1.4568497299472465,0.820113591797452,1.50786011792577,0.11079580446425696,-0.10562639498072379,-,"H1,CAGR"
A,U56,U56k20d04,U56,10.0,Q,0,0,True,0.9001986615850235,0.076116597376644,1.0488141207904484,-0.17950148117864317,1.1620225225902179,0.9968119777310478,1.068068815676002,1.056820182089191,0.08643672177657491,-0.17950148117864295,DD,CAGR
A,U56,U56k20d04,U56,10.0,Q,0,1,False,0.9200941087921326,0.07810600188086081,1.0653848199985805,-0.18007152441014163,1.1825632671101838,1.011394745356507,1.0688799568928438,1.08348107829836,0.08966716148114795,-0.18007152441014151,DD,CAGR
A,U56,U56k20d04,U56,10.0,Q,0,2,False,0.9320688175361266,0.0815630657429498,1.1120635871697684,-0.17852229366881978,1.1873753239837395,1.0883892915367024,1.078608133146098,1.1529687884087805,0.095563273203086,-0.17852229366882,DD,CAGR
A,U56,U56k20d04,U56,10.0,Q,0,3,False,0.9082674685744877,0.08216805656993675,1.1502641721757922,-0.178392612269881,1.2878107664497198,1.0952721733510047,1.1705503324890423,1.1662351084600273,0.09533284383624263,-0.1783926122698808,DD,CAGR
A,U56,U56k20d04,U56,10.0,Q,0,4,False,0.8897246323607956,0.07816427290180372,1.1162477940211333,-0.17898782661469093,1.2005806849383778,1.096111674576343,1.12017352154123,1.1424314148710941,0.09189381959497256,-0.17898782661469093,DD,CAGR
A,U56,U56k20d05,U56,10.0,D,0,0,True,6.652784352161033,0.09728468419655578,1.21821870665854,-0.12334781986376753,1.2851308075460097,1.1636717593176034,1.1386541486179715,1.2800394860496132,0.10740618606681207,-0.12334781986376875,-,CAGR
A,U56,U56k20d05,U56,10.0,2D,0,0,True,4.913872879126113,0.10229532466753022,1.271717480382495,-0.12104191132569952,1.345030251514081,1.2129182756855328,1.2114345420873638,1.3194021635642612,0.11174486431119734,-0.12104191132569864,-,CAGR
A,U56,U56k20d05,U56,10.0,2D,1,0,False,4.831759425491727,0.102190292029819,1.2700329884503445,-0.12223048791492963,1.292833124009929,1.2542093047848495,1.1436432570279658,1.3670006906687338,0.11563421214438097,-0.12223048791493052,-,CAGR
A,U56,U56k20d05,U56,10.0,W,0,0,True,3.259654421240414,0.10321788341911509,1.2664163655667535,-0.12136198854167579,1.2900598087659008,1.2515329770299648,1.1551937884048298,1.3516360178490874,0.116495021400991,-0.12136198854167579,-,CAGR
A,U56,U56k20d05,U56,10.0,W,0,1,False,3.2345506024655273,0.10336746312296974,1.2697650117633694,-0.12507226680854322,1.3252392513013345,1.226024613480932,1.189039579554112,1.3325576251146487,0.11411623705257945,-0.12507226680854322,-,CAGR
A,U56,U56k20d05,U56,10.0,W,0,2,False,3.2033463227940486,0.10704727007702752,1.2993739924889978,-0.11334212327796822,1.277827542998283,1.3236662779799155,1.1551673773859368,1.409234924572709,0.12267398968171883,-0.11334212327796822,-,-
A,U56,U56k20d05,U56,10.0,W,0,3,False,3.3297224730427972,0.10455026171206416,1.2736548429082457,-0.10692188944917902,1.3071910425016162,1.2492161886766588,1.1660600221809376,1.3564528346963263,0.11720286672486346,-0.10692188944917902,-,CAGR
A,U56,U56k20d05,U56,10.0,W,0,4,False,3.2984865083531325,0.10006107413128085,1.2337605943545047,-0.11686475925599371,1.2683254528038104,1.2081901040297687,1.12162165921295,1.3198088875286602,0.11274936975550198,-0.11686475925599293,-,CAGR
A,U56,U56k20d05,U56,10.0,2W,0,0,True,2.367981227855633,0.10313215131199427,1.2328798160993022,-0.12509375930232147,1.2040804900596596,1.264266240369883,1.0631738423546249,1.3602167548182762,0.12135352749417794,-0.12509375930232158,-,CAGR
A,U56,U56k20d05,U56,10.0,2W,0,1,False,2.4164736993012834,0.10628547593365179,1.261606381503156,-0.1252624767074797,1.3292537422157935,1.2116570829402102,1.1865114486228687,1.3204761204677569,0.11846921019062084,-0.1252624767074796,-,CAGR
A,U56,U56k20d05,U56,10.0,2W,0,2,False,2.342860369186039,0.10995375410692865,1.2931499134088489,-0.12632511165943505,1.3243438128326501,1.2750220620117467,1.1951201811840841,1.3686657647189353,0.12418585978393493,-0.12632511165943539,-,-
A,U56,U56k20d05,U56,10.0,2W,0,3,False,2.3674167724555115,0.10967084216835077,1.303278101579452,-0.13269964746245533,1.3519886119316624,1.2693653086508858,1.214393963682535,1.3721955311035776,0.12276497866946956,-0.13269964746245577,-,-
A,U56,U56k20d05,U56,10.0,2W,0,4,False,2.4559613428630076,0.10226332742568944,1.220331947301501,-0.13851733975885527,1.337892193792629,1.1288618029415016,1.202310683738224,1.2381284076014771,0.11028433490068834,-0.13851733975885505,DD,CAGR
A,U56,U56k20d05,U56,10.0,2W,1,0,False,2.3815876800911457,0.10509277367972536,1.2716938615381705,-0.12055996162133609,1.2857380468436312,1.2645840149295586,1.1471402362143817,1.3669798801850228,0.11918680740469312,-0.12055996162133598,-,CAGR
A,U56,U56k20d05,U56,10.0,2W,1,1,False,2.36386747508318,0.10433971840159106,1.2631457171593066,-0.12374582272139723,1.2909103723046684,1.243211757307939,1.1651302876299559,1.3389081070651654,0.11606852026259351,-0.12374582272139745,-,CAGR
A,U56,U56k20d05,U56,10.0,2W,1,2,False,2.3879979666492823,0.10479406684044945,1.2508580447683428,-0.11310492458394428,1.3385712410573902,1.1809413966965665,1.2239991787289894,1.2739359656302212,0.11235296067242273,-0.11310492458394383,-,CAGR
A,U56,U56k20d05,U56,10.0,2W,1,3,False,2.45282735624835,0.101972932147808,1.2159720436471793,-0.11229922438975981,1.2943241960576883,1.1534809346603718,1.1685493167509537,1.2540409727303001,0.11072087064296232,-0.11229922438975959,-,CAGR
A,U56,U56k20d05,U56,10.0,2W,1,4,False,2.3688044489921363,0.1006775237948212,1.21685893052418,-0.12092923909742359,1.2445680599655813,1.198380174447944,1.1111800700930823,1.297838103048722,0.11357823850273308,-0.12092923909742348,-,CAGR
A,U56,U56k20d05,U56,10.0,M,0,0,True,1.6909479474294116,0.108146790634011,1.2582015913829794,-0.14610982514052395,1.2979935199351784,1.228668751784763,1.1583959489520848,1.335139742068109,0.12085935502814005,-0.14610982514052395,DD,-
A,U56,U56k20d05,U56,10.0,M,0,1,False,1.6990534867640028,0.10434382825894462,1.2102460462882423,-0.14669971216085198,1.2529355828987718,1.17966127388987,1.099554198612834,1.2948028558009068,0.11833867809640375,-0.14669971216085165,DD,CAGR
A,U56,U56k20d05,U56,10.0,M,0,2,False,1.7183787009447664,0.09755378755745236,1.0941526426208954,-0.18008983886616525,1.1915897266330961,1.0307715666690154,1.0333351705847411,1.144212510939173,0.11133016874500701,-0.1800898388661658,DD,CAGR
A,U56,U56k20d05,U56,10.0,M,0,3,False,1.7634442371433732,0.0980904531683977,1.0986334947278413,-0.17871863192897453,1.1946399880770548,1.0388805214440406,1.0330132559524927,1.1525053109132504,0.1128201722781832,-0.17871863192897453,DD,CAGR
A,U56,U56k20d05,U56,10.0,M,0,4,False,1.7162032112193526,0.09507738861644488,1.0668425275683315,-0.18575515167391587,1.138630022106756,1.0278699475926254,0.9854204462849303,1.1315968995683514,0.11137072212257504,-0.18575515167391587,DD,CAGR
A,U56,U56k20d05,U56,10.0,6W,0,0,True,1.3897390321038865,0.1157725307768076,1.3168030459465148,-0.1366009290425655,1.2465422696327435,1.3844943479627994,1.1076825032125905,1.472648012719896,0.13870554084062303,-0.1366009290425655,-,-
A,U56,U56k20d05,U56,10.0,6W,0,1,False,1.3634243907865526,0.11970837379887822,1.36167430716738,-0.13736790454735115,1.3463646212112312,1.384183761748458,1.2104709812051346,1.475469404619068,0.1392697260909992,-0.13736790454735082,-,-
A,U56,U56k20d05,U56,10.0,6W,0,2,False,1.3506349577249426,0.11860882931958461,1.3417301233570482,-0.1335534810273703,1.3129732382229813,1.3773922884516208,1.1731877015223866,1.4670162711525772,0.14066293703447008,-0.13355348102737064,-,-
A,U56,U56k20d05,U56,10.0,6W,0,3,False,1.3578119792009515,0.12443856477351933,1.4085246018896684,-0.1469940452099059,1.356127043411726,1.4625573966676877,1.2178246792232053,1.5505577858704471,0.147548193011394,-0.1469940452099061,DD,-
A,U56,U56k20d05,U56,10.0,6W,0,4,False,1.4332394087217657,0.11410851363877939,1.2960988697143125,-0.14908884041991866,1.3690061993659886,1.2480034263802051,1.2292517866812174,1.3502504704138174,0.12820531378143563,-0.14908884041991888,DD,-
A,U56,U56k20d05,U56,10.0,6W,1,0,False,1.4183818134052308,0.11302983847049042,1.3121134395239566,-0.15013796125867573,1.3913811785549817,1.252885744275095,1.244096912589672,1.3660950569440649,0.12531853286970485,-0.15013796125867607,DD,-
A,U56,U56k20d05,U56,10.0,6W,1,1,False,1.352603561355831,0.11123802773751734,1.2922975033001984,-0.1506400856711081,1.3913229014085942,1.2205425555171006,1.2397133646335876,1.3360833965642975,0.12353457940651347,-0.15064008567110798,DD,-
A,U56,U56k20d05,U56,10.0,6W,1,2,False,1.3812253997439945,0.1106858030487321,1.2145126517059908,-0.1821011305623791,1.3593403637532726,1.126328824833337,1.1966059173438284,1.2409382340388884,0.12523648097783857,-0.1821011305623792,DD,-
A,U56,U56k20d05,U56,10.0,6W,1,3,False,1.4306963218197268,0.10499531646016602,1.1549838631596534,-0.1805642566864848,1.270253766397838,1.0871122800087116,1.0954414842652838,1.2069875023123569,0.12144833041401237,-0.18056425668648501,DD,CAGR
A,U56,U56k20d05,U56,10.0,6W,1,4,False,1.414137032313172,0.10364953539643418,1.143764531460067,-0.18657555405928783,1.2364152265222375,1.0901499377607191,1.075532560386402,1.2005360328588475,0.11993329988990786,-0.1865755540592875,DD,CAGR
A,U56,U56k20d05,U56,10.0,6W,2,0,False,1.4210431844003268,0.1067618943649018,1.1729372475156863,-0.18014986385224996,1.2350584030707248,1.1408059769297312,1.0798015689716434,1.245799247766435,0.12454442701254109,-0.18014986385224974,DD,-
A,U56,U56k20d05,U56,10.0,6W,2,1,False,1.446755845274799,0.10555454498224925,1.1675603106864592,-0.17850825260535186,1.2621664323482427,1.1063598339605296,1.1081239248900001,1.2169254595052397,0.11975422206520192,-0.17850825260535153,DD,CAGR
A,U56,U56k20d05,U56,10.0,6W,2,2,False,1.380480344808685,0.10847687603903355,1.1904119624329697,-0.17657338391807786,1.3085518679243135,1.1097200450605265,1.1770627905432474,1.208164102760463,0.11924694945717129,-0.17657338391807753,DD,-
A,U56,U56k20d05,U56,10.0,6W,2,3,False,1.4367518768437775,0.10497635603743882,1.1630819893855557,-0.17754620335286586,1.2782683617919441,1.088629657522043,1.1300453550026812,1.1952880127911674,0.11774369701054233,-0.17754620335286575,DD,CAGR
A,U56,U56k20d05,U56,10.0,6W,2,4,False,1.443578870464036,0.10181259294272937,1.1222584781448415,-0.1776912622056489,1.2427319654860645,1.0430586130139319,1.115187935033062,1.1367515659808862,0.11238154850233983,-0.17769126220564913,DD,CAGR
A,U56,U56k20d05,U56,10.0,6W,3,0,False,1.4456043933962126,0.10152769668266903,1.1234809480232542,-0.1776912622056489,1.2803493948005165,1.0189390029676675,1.1507928642732503,1.1164960410317795,0.11028050307778914,-0.17769126220564901,DD,CAGR
A,U56,U56k20d05,U56,10.0,6W,3,1,False,1.4522751096887752,0.10207999077105834,1.1320149937592539,-0.1782537767681075,1.295570323078111,1.022380980466099,1.1636214244490044,1.121998668652236,0.11047122924309694,-0.1782537767681075,DD,CAGR
A,U56,U56k20d05,U56,10.0,6W,3,2,False,1.3811020731771182,0.1017857756124807,1.1269350832902063,-0.17806102107761468,1.3269646492742282,0.9912289714561191,1.195836891396932,1.0933454758493633,0.10789521456308782,-0.17806102107761457,DD,CAGR
A,U56,U56k20d05,U56,10.0,6W,3,3,False,1.4071871887315959,0.09968283299606528,1.0948131303383661,-0.17873155287935594,1.3363010781882871,0.9226126906520746,1.1964226383553735,1.037930919346508,0.10264695759085041,-0.17873155287935594,DD,CAGR
A,U56,U56k20d05,U56,10.0,6W,3,4,False,1.4203336892383758,0.0967004203873485,1.0805542704163626,-0.1792634436145949,1.3334733978838385,0.9034680282215247,1.197634753354819,1.0159736076277055,0.09920861575727336,-0.17926344361459512,DD,CAGR
A,U56,U56k20d05,U56,10.0,6W,4,0,False,1.4153206854625742,0.09945907148409772,1.1029312374413878,-0.18081364117292553,1.3092428493541404,0.96218221497879,1.1580965472790619,1.0784876570873925,0.10642656145269491,-0.18081364117292553,DD,CAGR
A,U56,U56k20d05,U56,10.0,6W,4,1,False,1.3799827007504462,0.10397628169285933,1.1390291168283033,-0.17670585855780196,1.3698235400328667,0.9808759833233098,1.2061841543319347,1.1077107278461018,0.11077792338203007,-0.17670585855780208,DD,CAGR
A,U56,U56k20d05,U56,10.0,6W,4,2,False,1.3778222845101824,0.11031693346225957,1.2070920805107843,-0.18190074787623678,1.3892618869372482,1.0871365503986294,1.2388084826898904,1.1991450422028247,0.12022938990264231,-0.18190074787623656,DD,-
A,U56,U56k20d05,U56,10.0,6W,4,3,False,1.3846658567871737,0.11138363313825383,1.2301745230021526,-0.17771149157050614,1.401286049976046,1.113079799038307,1.2506496611806517,1.2272666774900365,0.1210353492000098,-0.17771149157050625,DD,-
A,U56,U56k20d05,U56,10.0,6W,4,4,False,1.4437599944482744,0.10830961550405704,1.1994948573491528,-0.18493833985481223,1.3944719919075332,1.0618884457597528,1.2655496090578586,1.1657868853315563,0.11432347967675094,-0.18493833985481223,DD,-
A,U56,U56k20d05,U56,10.0,6W,5,0,False,1.4119124146626345,0.11001216320078111,1.2236207198624827,-0.1768168278976716,1.2686188660555722,1.200356124382093,1.1347397265807009,1.2931454111437972,0.12638334275276564,-0.1768168278976716,DD,-
A,U56,U56k20d05,U56,10.0,6W,5,1,False,1.4098316034835487,0.11136423138512064,1.2609257012593056,-0.17777916696514806,1.2963089002631765,1.2418523902425376,1.15722125090083,1.3404283287697711,0.12731078163776566,-0.17777916696514828,DD,-
A,U56,U56k20d05,U56,10.0,6W,5,2,False,1.4147939138952368,0.11832363526965839,1.3538472925787595,-0.12960543645104783,1.3591517311329089,1.354618130297333,1.2327549483979912,1.4470827288986623,0.13291065701918758,-0.12960543645104794,-,-
A,U56,U56k20d05,U56,10.0,6W,5,3,False,1.4313288525838495,0.11561066142500875,1.3164500078993322,-0.13099381107579644,1.289222604901589,1.346462058056868,1.1454133018862005,1.4459099713220722,0.13469113244758302,-0.13099381107579633,-,-
A,U56,U56k20d05,U56,10.0,6W,5,4,False,1.3906638588728384,0.11355774980010969,1.3025121489921647,-0.13879324578787366,1.2367542015552997,1.3656868048211832,1.0924697448462632,1.4603614305156039,0.13549910570380908,-0.13879324578787322,DD,-
A,U56,U56k20d05,U56,10.0,Q,0,0,True,0.8848223413000006,0.10831366936918063,1.1005653146096224,-0.22046146062901406,1.2991833283612273,0.9645221013662685,1.1754536594839604,1.0620243541192445,0.11386081671747683,-0.22046146062901462,DD,DD
A,U56,U56k20d05,U56,10.0,Q,0,1,False,0.9320241161308926,0.10629865163863328,1.0837274179301195,-0.22088391607976632,1.3064853861614425,0.9345850033927073,1.1683945377184113,1.0419222292607226,0.11211877352527089,-0.2208839160797662,DD,"DD,CAGR"
A,U56,U56k20d05,U56,10.0,Q,0,2,False,0.9212770905444528,0.10974657351461525,1.1088311063931189,-0.2240430357751153,1.296869556834981,0.9802975699210026,1.1551031156285763,1.0889904074559447,0.11756053398042621,-0.22404303577511553,DD,DD
A,U56,U56k20d05,U56,10.0,Q,0,3,False,0.9049062238107689,0.11001017688130665,1.1218848790211648,-0.22386593432348445,1.3537088707449474,0.9671215654118682,1.2042587673225749,1.0820556873364835,0.11649849125547629,-0.22386593432348445,DD,DD
A,U56,U56k20d05,U56,10.0,Q,0,4,False,0.9011145945936949,0.10699988085923717,1.1102012016290645,-0.22439761439826222,1.3391318645757722,0.9552071698214433,1.21413047445245,1.0561265475097876,0.11154065214696907,-0.22439761439826222,DD,DD
A,U56,U56k20d06,U56,10.0,D,0,0,True,6.636957301139268,0.059262033867158115,1.0775869248242742,-0.08602600551189077,1.0768803714852726,1.085517591661585,0.9552051315001601,1.1698946974523046,0.06839118083307372,-0.08602600551189166,-,CAGR
A,U56,U56k20d06,U56,10.0,2D,0,0,True,4.689755231809364,0.06435543071833161,1.1580066643206108,-0.08470996342680803,1.1484865843474872,1.1750963240600787,1.0310340990161195,1.2535875453412348,0.07446993863512819,-0.08470996342680726,-,CAGR
A,U56,U56k20d06,U56,10.0,2D,1,0,False,4.702534356120916,0.06374715323395219,1.14563204669477,-0.08267648347025236,1.1262138069887961,1.1699285348501656,1.0010715822563316,1.2541975742487717,0.07426872460621947,-0.08267648347025369,-,CAGR
A,U56,U56k20d06,U56,10.0,W,0,0,True,3.0138629620899775,0.0646580791583029,1.1557730866173157,-0.09821987074198946,1.1530402105040447,1.1682685745584884,1.0202359685462896,1.2571907335663466,0.07550433940404133,-0.09821987074198968,-,CAGR
A,U56,U56k20d06,U56,10.0,W,0,1,False,2.9856109898403367,0.0673209039776883,1.1939061706004965,-0.09221674890597753,1.2042761599523018,1.1942771937498566,1.0814935481140315,1.279333996021124,0.07688851724134382,-0.09221674890597764,-,CAGR
A,U56,U56k20d06,U56,10.0,W,0,2,False,3.0454945338354866,0.06834394955525003,1.1996162431706179,-0.0772010174675446,1.130828044010699,1.2667502145459344,1.0122076509236058,1.3378270498027647,0.08200882334252446,-0.07720101746754471,-,CAGR
A,U56,U56k20d06,U56,10.0,W,0,3,False,2.981608085084489,0.06953452217612699,1.2291240797952618,-0.07081683133923034,1.2141601290897988,1.2505221741490675,1.0866497445611112,1.3363905864691465,0.08055785224907197,-0.07081683133922922,-,CAGR
A,U56,U56k20d06,U56,10.0,W,0,4,False,2.969453710960852,0.06611157049053595,1.172985137190531,-0.08009349199901628,1.16961402923612,1.1848639854401708,1.0341988079725377,1.277155314808251,0.07688765801241826,-0.08009349199901628,-,CAGR
A,U56,U56k20d06,U56,10.0,2W,0,0,True,2.144444624114667,0.0668987198079738,1.1573385682213329,-0.1106700045863731,1.136534198097076,1.183974963416074,1.0046937177864372,1.2711407174621032,0.07869675447796354,-0.110670004586373,-,CAGR
A,U56,U56k20d06,U56,10.0,2W,0,1,False,2.133353226697345,0.06925453461214914,1.1871566119875427,-0.10065402802721302,1.2452158639944244,1.1518642492622906,1.1173533933761093,1.242675083931055,0.0780038909742593,-0.1006540280272128,-,CAGR
A,U56,U56k20d06,U56,10.0,2W,0,2,False,2.181890194376085,0.06708318688655002,1.1374929477278368,-0.10813015143735871,1.1862589353439446,1.1117514619096123,1.0699189467137495,1.1916980900600784,0.07607484712828239,-0.10813015143735849,-,CAGR
A,U56,U56k20d06,U56,10.0,2W,0,3,False,2.16079976304962,0.06916408804466267,1.1977806458403475,-0.0912263084642837,1.2650294535306283,1.1546091176430697,1.143138625515888,1.2426151190872057,0.07704297417381789,-0.0912263084642837,-,CAGR
A,U56,U56k20d06,U56,10.0,2W,0,4,False,2.202523654286598,0.06424725743544113,1.1099978998976812,-0.10474418899721749,1.1818624048360424,1.0681786936403177,1.046986968674505,1.1615011073215222,0.07316196650543771,-0.10474418899721716,-,CAGR
A,U56,U56k20d06,U56,10.0,2W,1,0,False,2.1384332746687664,0.06792594001723429,1.2006724444634116,-0.08079880948209195,1.1860702181323277,1.22414384584194,1.0493418818414788,1.3131966753827549,0.08010229645803202,-0.08079880948209184,-,CAGR
A,U56,U56k20d06,U56,10.0,2W,1,1,False,2.1687716208570014,0.06713487294055964,1.1741149598824736,-0.09562022788719537,1.155707584690867,1.1987549334296097,1.0440476861512333,1.2719880158857688,0.07775009704466673,-0.09562022788719549,-,CAGR
A,U56,U56k20d06,U56,10.0,2W,1,2,False,2.1995542500357352,0.06573668012154199,1.1416961866143343,-0.09660876922837602,1.1690670546711874,1.1311705007473825,1.0602681339024866,1.2050684716201583,0.07470364074701874,-0.09660876922837747,-,CAGR
A,U56,U56k20d06,U56,10.0,2W,1,3,False,2.1442819960380777,0.06912547888681386,1.1889436147328407,-0.08562776291127594,1.161142079460833,1.2215719577619728,1.0413378336413108,1.2993327879564909,0.08087571441180397,-0.08562776291127583,-,CAGR
A,U56,U56k20d06,U56,10.0,2W,1,4,False,2.0933040183273395,0.06704214765048966,1.1528105869504204,-0.10598026225084489,1.1198067740957258,1.1893388996487895,0.9877507195479633,1.2755754400682346,0.07939699156303193,-0.10598026225084511,-,CAGR
A,U56,U56k20d06,U56,10.0,M,0,0,True,1.47429516483799,0.07302909985007466,1.2515748074244708,-0.09185627788254713,1.2883463866972573,1.2299372941816344,1.1487037674398646,1.330407944726134,0.08259721611247772,-0.09185627788254735,-,CAGR
A,U56,U56k20d06,U56,10.0,M,0,1,False,1.5066173257584383,0.07106433451281613,1.194724621473321,-0.10550342484151976,1.2281431217564505,1.1776804087557589,1.0932587403879768,1.2722837074423234,0.08101843498434458,-0.10550342484152009,-,CAGR
A,U56,U56k20d06,U56,10.0,M,0,2,False,1.5649756920478046,0.06613876716080647,1.0898232379140502,-0.11967434985085557,1.194904152223846,1.0204475516838563,1.06540109824313,1.1145021903490715,0.07325948567380802,-0.11967434985085579,-,CAGR
A,U56,U56k20d06,U56,10.0,M,0,3,False,1.5424031295864657,0.06627287042726437,1.069166265046527,-0.12829815433721647,1.1486830556828453,1.0249813546426951,1.0110737653718136,1.1179510045201908,0.07594357656501716,-0.12829815433721647,-,CAGR
A,U56,U56k20d06,U56,10.0,M,0,4,False,1.5267083091677105,0.06531185157638975,1.0342222326539228,-0.15152861592061473,1.1123149408569644,0.9987385855569918,0.9764721061925359,1.0850163280642269,0.07627921785043879,-0.15152861592061495,DD,CAGR
A,U56,U56k20d06,U56,10.0,6W,0,0,True,1.210521871122914,0.07625587386635835,1.2606131397639264,-0.1086180519174127,1.1464369390722302,1.3652157204113273,1.0185075413529612,1.440009651380284,0.0931006598428521,-0.10861805191741303,-,CAGR
A,U56,U56k20d06,U56,10.0,6W,0,1,False,1.1942879538404694,0.0787662400182001,1.2951704872672922,-0.1034212152326115,1.2115086654231826,1.3750306870189641,1.0865566943791651,1.4495689775366856,0.09458208228949472,-0.10342121523261127,-,CAGR
A,U56,U56k20d06,U56,10.0,6W,0,2,False,1.17096743447363,0.07872859563050238,1.278975230309489,-0.1106578255468833,1.23571467783571,1.3289492234835467,1.1120448519674775,1.402271802544645,0.09402372249998447,-0.11065782554688341,-,CAGR
A,U56,U56k20d06,U56,10.0,6W,0,3,False,1.1822977387461466,0.0793503726698348,1.326945930462764,-0.10338839834009295,1.2940817297893557,1.3676843119535036,1.1656122910142417,1.446967789735167,0.09379117477401677,-0.10338839834009306,-,CAGR
A,U56,U56k20d06,U56,10.0,6W,0,4,False,1.2357992190578355,0.07600280949173976,1.250478024641427,-0.11487966035103347,1.3184961271857312,1.2190088225723785,1.1927615750878617,1.301548962896999,0.08707429265217037,-0.11487966035103303,-,CAGR
A,U56,U56k20d06,U56,10.0,6W,1,0,False,1.249936263097145,0.07394386888864579,1.2596204231946435,-0.093333493507744,1.2974029847251511,1.2380894181188238,1.1626212356850587,1.334281804555023,0.08362639705071051,-0.09333349350774356,-,CAGR
A,U56,U56k20d06,U56,10.0,6W,1,1,False,1.2196264575194133,0.07237096803919751,1.2171366914660529,-0.10735147997643946,1.2824248270954828,1.1755839350161523,1.148141132401327,1.2721239080021667,0.08126018783596223,-0.10735147997643957,-,CAGR
A,U56,U56k20d06,U56,10.0,6W,1,2,False,1.26275976133104,0.07369313626528817,1.1898292716291028,-0.12123527485973595,1.2839828620321636,1.1370353068702976,1.139509137545122,1.235046744769495,0.08401304970570034,-0.12123527485973595,-,CAGR
A,U56,U56k20d06,U56,10.0,6W,1,3,False,1.2363536572589344,0.07478646384754506,1.200358858189288,-0.12954070176962185,1.2969994377427432,1.1481322213784793,1.1541227525677058,1.2437956440563815,0.08542475506362313,-0.12954070176962207,-,CAGR
A,U56,U56k20d06,U56,10.0,6W,1,4,False,1.2668212193657107,0.06864715378938113,1.0770179322201041,-0.15174522123986223,1.2175127501566618,0.9937110256204617,1.0795623814616844,1.088794174473761,0.07670634706106605,-0.15174522123986212,DD,CAGR
A,U56,U56k20d06,U56,10.0,6W,2,0,False,1.2790924699809234,0.0687498141607954,1.0667881850008887,-0.159587522469959,1.2087995234795341,0.9835259054978013,1.075509198287989,1.074903242521386,0.0766489837151636,-0.1595875224699589,DD,CAGR
A,U56,U56k20d06,U56,10.0,6W,2,1,False,1.293706689889716,0.06853598045235532,1.0790839632619569,-0.15852993429474116,1.2277000563001246,0.9909398909418863,1.0954387905238026,1.0824328410803998,0.07603901887528464,-0.1585299342947415,DD,CAGR
A,U56,U56k20d06,U56,10.0,6W,2,2,False,1.2432507503186359,0.06990747683997944,1.0948034143244787,-0.15793934381165342,1.235043341078309,1.0144669808155595,1.1125372946759968,1.0980820458050422,0.07769618777905452,-0.15793934381165353,DD,CAGR
A,U56,U56k20d06,U56,10.0,6W,2,3,False,1.269207630213835,0.07062619159394568,1.108763308066311,-0.15891126432637348,1.2791768481366994,1.0091366360770817,1.1565298012580565,1.0943656645363922,0.07738884026394488,-0.15891126432637348,DD,CAGR
A,U56,U56k20d06,U56,10.0,6W,2,4,False,1.2736265042148578,0.06689726771751303,1.0461260801826158,-0.15868590236229474,1.2367029581075348,0.9379040307360138,1.116747173154267,1.0205995063922308,0.07300606056260373,-0.15868590236229507,DD,CAGR
A,U56,U56k20d06,U56,10.0,6W,3,0,False,1.2888128627662132,0.06691801898001248,1.0491784630359102,-0.15868590236229474,1.252773760083399,0.9374023898075134,1.1364448537759297,1.0167711848103291,0.07295258038338392,-0.15868590236229474,DD,CAGR
A,U56,U56k20d06,U56,10.0,6W,3,1,False,1.3168364918148843,0.06722274076435664,1.0469782269509644,-0.15912123175819848,1.229748882660454,0.9452207573592737,1.1235581126891931,1.018226971262508,0.0731739859081113,-0.1591212317581988,DD,CAGR
A,U56,U56k20d06,U56,10.0,6W,3,2,False,1.2589348885099918,0.06828072016742603,1.071125429610168,-0.15891568063620354,1.232916414153626,0.9868094560405984,1.1086982588218424,1.0678485775603381,0.07655588466461238,-0.15891568063620398,DD,CAGR
A,U56,U56k20d06,U56,10.0,6W,3,3,False,1.2271644747608055,0.06929728431704518,1.079641883109594,-0.15940298245488094,1.296948402179692,0.9508016478829662,1.150503214803245,1.0539191520664866,0.07559736535539519,-0.15940298245488083,DD,CAGR
A,U56,U56k20d06,U56,10.0,6W,3,4,False,1.2778930015789254,0.06337923979559679,1.0074389754433466,-0.16086560626700497,1.2203438078221018,0.8745643941854201,1.074364769466244,0.9801274295124299,0.06842848210218344,-0.1608656062670053,DD,CAGR
A,U56,U56k20d06,U56,10.0,6W,4,0,False,1.3186381299604741,0.06271581276707949,0.9962582954550242,-0.16150762434026555,1.276560489504159,0.8180720192740849,1.150462754277992,0.9165664759667286,0.0640269327944536,-0.1615076243402659,DD,"H2,CAGR"
A,U56,U56k20d06,U56,10.0,6W,4,1,False,1.2663245160991847,0.061795383605339316,0.9720125112601923,-0.1599115798299806,1.2048762769515602,0.8256607218242764,1.0759965828620883,0.9218141307775528,0.06500566246364614,-0.15991157982998017,DD,"H2,CAGR"
A,U56,U56k20d06,U56,10.0,6W,4,2,False,1.3024943390987274,0.061388539132756215,0.9696995066286132,-0.16033908300908672,1.2078426577045915,0.8211058037406962,1.076911597206465,0.9185181488323033,0.06462730308721909,-0.16033908300908606,DD,"H2,CAGR"
A,U56,U56k20d06,U56,10.0,6W,4,3,False,1.304955135709713,0.06056107349062123,0.9631645949716993,-0.14748409572877552,1.2057513946252407,0.8076777096092083,1.0815780033172304,0.9030238029676927,0.06283225989858154,-0.14748409572877585,DD,"H2,CAGR"
A,U56,U56k20d06,U56,10.0,6W,4,4,False,1.2917988326385288,0.06185889281888124,0.9910882404181538,-0.15352998222794678,1.2187421634811682,0.8485843040009925,1.0926105869562144,0.9428536854150008,0.06532532707142691,-0.15352998222794645,DD,CAGR
A,U56,U56k20d06,U56,10.0,6W,5,0,False,1.3242178195754815,0.062445304296968374,1.0155778914224098,-0.13939127198266488,1.1591179054525744,0.9294145255232115,1.0149321161843994,1.029237536278556,0.07008262859941694,-0.13939127198266466,DD,CAGR
A,U56,U56k20d06,U56,10.0,6W,5,1,False,1.2988494815933902,0.0653648940427578,1.073291837777177,-0.14025884829090396,1.1315241237454787,1.0425723408355083,0.9878397229388866,1.1397689696047741,0.07573216948334505,-0.14025884829090407,DD,CAGR
A,U56,U56k20d06,U56,10.0,6W,5,2,False,1.2983438987083997,0.06970099924776307,1.1519211143785235,-0.1001249229122031,1.1404487379447794,1.173074680464731,1.0127192780710177,1.255642020603125,0.08197256330931046,-0.10012492291220332,-,CAGR
A,U56,U56k20d06,U56,10.0,6W,5,3,False,1.2282918808481067,0.07338765894703791,1.204238083195944,-0.09998930671833828,1.1119875321837176,1.2904362194345953,0.9907782931451505,1.3616403473686596,0.08906098075048896,-0.09998930671833872,-,CAGR
A,U56,U56k20d06,U56,10.0,6W,5,4,False,1.1991766378073803,0.07499969129836148,1.234833530556332,-0.11092622352204196,1.1468576966628876,1.3179757060968298,1.014025525285834,1.3971501489928237,0.09129548083209982,-0.11092622352204184,-,CAGR
A,U56,U56k20d06,U56,10.0,Q,0,0,True,0.8671045868698215,0.06725395595245276,0.9970366729303155,-0.17002229702226768,1.154956212171405,0.9065718864686625,1.0174297152608873,0.9998182546500559,0.07522615734906468,-0.17002229702226768,DD,CAGR
A,U56,U56k20d06,U56,10.0,Q,0,1,False,0.8974959891642962,0.06479597883956378,0.9627902921438125,-0.1704002807901902,1.114157774699507,0.8821908326968488,0.9723324447502353,0.9745622183360096,0.07379086357942977,-0.17040028079019043,DD,CAGR
A,U56,U56k20d06,U56,10.0,Q,0,2,False,0.8802059343045219,0.06770304299560714,0.9989877223257669,-0.17010166927625825,1.1546476708376923,0.9118955246439233,1.0123464236407187,1.0068511768324933,0.07629250396532505,-0.17010166927625858,DD,CAGR
A,U56,U56k20d06,U56,10.0,Q,0,3,False,0.8731970525375816,0.06996294145187121,1.042835228101303,-0.16987892513557024,1.2600627475856752,0.9210597781341786,1.1242964770629833,1.0142027367317565,0.07660550102936003,-0.1698789251355699,DD,CAGR
A,U56,U56k20d06,U56,10.0,Q,0,4,False,0.8530716917252175,0.06758201800907093,1.0195182634049875,-0.17020292419404037,1.2202341783050505,0.9091010585819166,1.086400241481771,0.999593187670455,0.07469684984516656,-0.17020292419404093,DD,CAGR
A,U56,U56k20d07,U56,10.0,D,0,0,True,7.047618239265963,0.04564583052554094,0.7365252932515967,-0.11815839611756451,0.5601664804118515,0.902655930009699,0.4442777474434861,0.9759445883010671,0.061824916920466544,-0.1084709596338318,H1,"H1,CAGR"
A,U56,U56k20d07,U56,10.0,2D,0,0,True,5.078016130856766,0.0485670610476463,0.7768344947043384,-0.105425248643639,0.6239503882961185,0.9203639215836276,0.5077606863904012,0.9962292118989806,0.06365988495942454,-0.09970243665286749,H1,"H1,CAGR"
A,U56,U56k20d07,U56,10.0,2D,1,0,False,5.099010582613119,0.0492913814579905,0.7859798660671001,-0.11055410912046026,0.6021436966533538,0.9590783449440474,0.49402193708040676,1.025188617538216,0.06564523749412099,-0.09289418635058744,H1,"H1,CAGR"
A,U56,U56k20d07,U56,10.0,W,0,0,True,3.3082350531138522,0.05051396018228704,0.8025080859070141,-0.11581690966826419,0.6099354792604097,0.9814223247334378,0.49941239043731794,1.0470435359427022,0.06776880410783348,-0.10670630374375467,H1,"H1,CAGR"
A,U56,U56k20d07,U56,10.0,W,0,1,False,3.2131069699472046,0.055625793677173796,0.876000128959857,-0.10186386488546029,0.722250662020962,1.0202906842472061,0.6024109635946869,1.0989172018160376,0.07124271117783865,-0.09180202087425438,-,"H1,CAGR"
A,U56,U56k20d07,U56,10.0,W,0,2,False,3.2798508694884667,0.05596732035219709,0.8685580051589868,-0.10195015142570663,0.6692941357229647,1.0524338532337556,0.5608429287220849,1.1149339020773656,0.0740755030345972,-0.08436602419522465,-,"H1,CAGR"
A,U56,U56k20d07,U56,10.0,W,0,3,False,3.300616102593776,0.05407420778659633,0.8411106917555827,-0.10784633120728171,0.700259104584032,0.9744562575327881,0.6048900732972918,1.0356651477722798,0.06757221897667787,-0.08880149904577084,-,"H1,CAGR"
A,U56,U56k20d07,U56,10.0,W,0,4,False,3.2377995640661266,0.04882628371549824,0.7679509674943448,-0.1297927913861351,0.5843898610626563,0.9395764150626001,0.4702255306804828,1.0099592766685621,0.06585878326154138,-0.08861623186195389,H1,"H1,CAGR"
A,U56,U56k20d07,U56,10.0,2W,0,0,True,2.304295483477657,0.052751341868582324,0.8125211361581431,-0.13688229509733363,0.6058743158593383,1.0047826881672703,0.4992018792416701,1.0663674157553042,0.07112054014438818,-0.1207490323604199,H1,"H1,CAGR"
A,U56,U56k20d07,U56,10.0,2W,0,1,False,2.288966168177009,0.056402737511038525,0.8599139196633447,-0.12231870252088883,0.7372058444800687,0.9728823576137645,0.6192009169431278,1.0508238712146605,0.07116315872450452,-0.1052086418868654,-,"H1,CAGR"
A,U56,U56k20d07,U56,10.0,2W,0,2,False,2.300466476242988,0.06044092015095148,0.9042720488847427,-0.12432236003713826,0.7681588356274441,1.0269105285865021,0.6659874088586969,1.0877135349461955,0.07609592740885085,-0.1243223600371387,-,"H1,CAGR"
A,U56,U56k20d07,U56,10.0,2W,0,3,False,2.3417308702913604,0.05663761890206831,0.8705071522087129,-0.10929566214121678,0.7035026672494413,1.0251217101613932,0.6078907683756707,1.0811541677741625,0.07231511188944806,-0.10929566214121644,-,"H1,CAGR"
A,U56,U56k20d07,U56,10.0,2W,0,4,False,2.4118102147316574,0.05082431836305368,0.7837760990674846,-0.12049773031109934,0.6021161882868197,0.9509134143204111,0.4985661862540749,1.0115548197452404,0.06775343825381852,-0.12049773031109867,H1,"H1,CAGR"
A,U56,U56k20d07,U56,10.0,2W,1,0,False,2.3339814794588545,0.05717921366513323,0.8985850218690266,-0.1099677673981565,0.7187871102755281,1.0677753178953175,0.6137054376160118,1.1314441017845993,0.07341700300689613,-0.09144087679434498,-,"H1,CAGR"
A,U56,U56k20d07,U56,10.0,2W,1,1,False,2.3166270026913103,0.059191489660663565,0.9202034095110869,-0.10112187119397231,0.7016691397446321,1.1267212444228176,0.6087277748957926,1.17640272201089,0.07703633121750597,-0.0922614082837091,-,"H1,CAGR"
A,U56,U56k20d07,U56,10.0,2W,1,2,False,2.306558965891118,0.05404839033769071,0.8307011317742161,-0.10761963332684343,0.670225713000609,0.9799443258415664,0.5700209215221279,1.041101124062121,0.0694837731329192,-0.08962369722299535,-,"H1,CAGR"
A,U56,U56k20d07,U56,10.0,2W,1,3,False,2.277546277531225,0.054622129741459524,0.8232461373246064,-0.1243072529112953,0.6680449332768891,0.9706949440945964,0.5732279524959721,1.030581040792335,0.06929943651646497,-0.0948328834377713,-,"H1,CAGR"
A,U56,U56k20d07,U56,10.0,2W,1,4,False,2.2620201731932243,0.05153312260239029,0.7894839301391802,-0.13733256052979448,0.6180837864994689,0.9496057370733507,0.51040747292881,1.0165114276181646,0.06795733496746648,-0.11485862229492749,H1,"H1,CAGR"
A,U56,U56k20d07,U56,10.0,M,0,0,True,1.572192182682258,0.06137353534063017,0.9280870970684978,-0.0973391184694582,0.8452814252741837,1.0066378938386462,0.7534761630313772,1.071644431940815,0.0716662178460763,-0.0973391184694582,-,"H1,CAGR"
A,U56,U56k20d07,U56,10.0,M,0,1,False,1.6274089452821738,0.06261073566564268,0.9313769335478758,-0.1148870024812585,0.7389469838710133,1.1124925797320915,0.6328214686710651,1.1760460808665694,0.0806088677297947,-0.11488700248125872,-,"H1,CAGR"
A,U56,U56k20d07,U56,10.0,M,0,2,False,1.6420283712619315,0.0574877109092331,0.8461295326785102,-0.13091798505243346,0.6939013265238416,0.9855603693902988,0.5936870946767017,1.0460493020607324,0.07352632987669905,-0.13091798505243324,-,"H1,CAGR"
A,U56,U56k20d07,U56,10.0,M,0,3,False,1.6387113298896197,0.05634845077538864,0.8194935979231294,-0.14115889210308397,0.6462801869975018,0.9777314092993874,0.5396991450510212,1.0412187246720233,0.07420768107373665,-0.14115889210308386,DD,"H1,CAGR"
A,U56,U56k20d07,U56,10.0,M,0,4,False,1.559612679713663,0.05357148306032977,0.7628032895526663,-0.17629985844833085,0.6161872238941476,0.8912874735223382,0.5129999719036019,0.9494669502122548,0.07100145075641184,-0.17629985844833074,"H1,DD","H1,CAGR"
A,U56,U56k20d07,U56,10.0,6W,0,0,True,1.3168293351609546,0.06329902757459971,0.9274057385916785,-0.12130083892119659,0.678061746995456,1.1614554751923567,0.5772260278031988,1.2148090192128407,0.08473466240532379,-0.12130083892119647,-,"H1,CAGR"
A,U56,U56k20d07,U56,10.0,6W,0,1,False,1.2742312148853114,0.06723678193982185,0.987534122705554,-0.11881889547480129,0.7788796437228908,1.1811017997899567,0.6785651692692666,1.2370063125100614,0.08643883971905031,-0.11881889547480151,-,"H1,CAGR"
A,U56,U56k20d07,U56,10.0,6W,0,2,False,1.2896401282352588,0.06671464367273194,0.9621782111465854,-0.1341070495029305,0.7555344925211769,1.1474658549928198,0.6547482993865766,1.200300573538651,0.08710936093167532,-0.13410704950293073,-,"H1,CAGR"
A,U56,U56k20d07,U56,10.0,6W,0,3,False,1.2560483157421256,0.06925257902554827,1.014658487160857,-0.12052341225653795,0.8028456463631278,1.2083712084563927,0.711498502342422,1.2548503006884586,0.08861369339934266,-0.12052341225653784,-,"H1,CAGR"
A,U56,U56k20d07,U56,10.0,6W,0,4,False,1.2789233694217133,0.06523363419962447,0.9667014839358196,-0.12307609075435422,0.8011987974176393,1.1157223783661132,0.7074730610326992,1.1668437378554448,0.08233727652171474,-0.12307609075435444,-,"H1,CAGR"
A,U56,U56k20d07,U56,10.0,6W,1,0,False,1.3063871345656697,0.06350237029464467,0.9621030164974483,-0.10836927361144866,0.8067820693390756,1.1111185804326347,0.7050028745135188,1.177087928112147,0.07829219415219524,-0.10836927361144866,-,"H1,CAGR"
A,U56,U56k20d07,U56,10.0,6W,1,1,False,1.302277175160961,0.06353582747250974,0.9513386561595117,-0.1239119117125359,0.8360772770345396,1.0581158046358297,0.7417887470769587,1.1183348657513632,0.07675434814556681,-0.12391191171253624,-,"H1,CAGR"
A,U56,U56k20d07,U56,10.0,6W,1,2,False,1.3158965696467362,0.06104784626154203,0.8891924146013228,-0.13625373900779492,0.742611763283038,1.0211771893357122,0.631257338544155,1.0882094860214597,0.07822173070027194,-0.13625373900779492,-,"H1,CAGR"
A,U56,U56k20d07,U56,10.0,6W,1,3,False,1.2853211312900543,0.06306719982143627,0.9115293330697685,-0.1460765478516579,0.7932255324682639,1.0191140086140302,0.6906764289468067,1.0830347779981702,0.07807235887176178,-0.1460765478516579,DD,"H1,CAGR"
A,U56,U56k20d07,U56,10.0,6W,1,4,False,1.2868653287460714,0.059900794255943746,0.8440943081815069,-0.17892471301174706,0.7735428022706119,0.9090972452787394,0.665590851866157,0.9776039491340562,0.07365850386859996,-0.17892471301174684,DD,"H1,CAGR"
A,U56,U56k20d07,U56,10.0,6W,2,0,False,1.3190284849950646,0.060307563698463795,0.8424627889423352,-0.17840931238796076,0.7802393502908588,0.9003503961931966,0.6855644287952127,0.9611033410315355,0.07258817958259689,-0.17840931238796065,DD,"H1,CAGR"
A,U56,U56k20d07,U56,10.0,6W,2,1,False,1.332288519732995,0.05858926326649683,0.8156137013723056,-0.17767158604464628,0.7192728520360004,0.9024731648963543,0.6159310166847746,0.9673845645610155,0.07321047114707468,-0.1776715860446464,DD,"H1,CAGR"
A,U56,U56k20d07,U56,10.0,6W,2,2,False,1.3242817813421297,0.06133723632877852,0.852217931443427,-0.17668253076978158,0.7904605303567692,0.9099153899512723,0.6878550503857969,0.975546157473974,0.07442170808090598,-0.17668253076978135,DD,"H1,CAGR"
A,U56,U56k20d07,U56,10.0,6W,2,3,False,1.325188257707776,0.06434129153856882,0.8935084774971909,-0.17695872211012786,0.8486500931897538,0.9371553546504306,0.7586998249621915,0.9955165444166832,0.07564671144399693,-0.17695872211012775,DD,"H1,CAGR"
A,U56,U56k20d07,U56,10.0,6W,2,4,False,1.3626069172323874,0.061167179528588855,0.8515622133323792,-0.1768824273298042,0.7858110077423082,0.9124957211902073,0.6904828694485038,0.9733888967785641,0.07376476644419871,-0.17688242732980441,DD,"H1,CAGR"
A,U56,U56k20d07,U56,10.0,6W,3,0,False,1.3882605619130428,0.05798227913163201,0.8156856095220123,-0.17688242732980441,0.7832662350178052,0.8491029430194392,0.6939860752381882,0.9067165517656633,0.06855788347174463,-0.1768824273298043,DD,"H1,CAGR"
A,U56,U56k20d07,U56,10.0,6W,3,1,False,1.3521660078270814,0.058390717324804386,0.8195157732967383,-0.17690807394410468,0.767953190926988,0.8686778831863599,0.6801571568151463,0.923542764612397,0.06999437327029279,-0.17690807394410457,DD,"H1,CAGR"
A,U56,U56k20d07,U56,10.0,6W,3,2,False,1.3538980761183765,0.054908621552123504,0.7697585071602924,-0.17685399601828422,0.7409188709387281,0.7997942959996663,0.6354712246098426,0.8698473454878043,0.06604465935431825,-0.1768539960182839,DD,"H1,H2,OOS,CAGR"
A,U56,U56k20d07,U56,10.0,6W,3,3,False,1.3104183104526235,0.05864240683659272,0.8097765743926981,-0.1772513934622617,0.7923981658398542,0.8300459676068339,0.692231946817368,0.8984132729327782,0.06882225170278411,-0.1772513934622615,DD,"H1,H2,CAGR"
A,U56,U56k20d07,U56,10.0,6W,3,4,False,1.371585655400275,0.049630974065382416,0.7076240972520264,-0.17823234022729117,0.7189346089378809,0.7046055613679154,0.6305458313723746,0.7657833945498321,0.05713018443206619,-0.17823234022729129,DD,"H1,H2,OOS,CAGR"
A,U56,U56k20d07,U56,10.0,6W,4,0,False,1.421001901663813,0.04939203520674451,0.703993183999851,-0.17284250925947142,0.7052137662056868,0.71046830269481,0.62352206386309,0.7642262415118755,0.05752868183777737,-0.17284250925947087,DD,"H1,H2,OOS,CAGR"
A,U56,U56k20d07,U56,10.0,6W,4,1,False,1.3814747902117204,0.05203304249867413,0.7343479637298695,-0.16354722517637776,0.7367677754752715,0.7406294551475531,0.6327464769747217,0.8094975155604764,0.061748644618809134,-0.16354722517637788,DD,"H1,H2,OOS,CAGR"
A,U56,U56k20d07,U56,10.0,6W,4,2,False,1.330714139022799,0.058982336062145535,0.832062877539639,-0.16854112247875597,0.7803600481287857,0.8826333704905852,0.68281793839433,0.9411132008107648,0.07201703667183135,-0.1685411224787564,DD,"H1,CAGR"
A,U56,U56k20d07,U56,10.0,6W,4,3,False,1.371550473748361,0.05633396721933415,0.8179995454606404,-0.1556408745768737,0.739986363229609,0.889061675979001,0.6437520271654484,0.9480067116320555,0.06938668757063549,-0.1556408745768736,DD,"H1,CAGR"
A,U56,U56k20d07,U56,10.0,6W,4,4,False,1.3855344689357518,0.05105271631313091,0.7402614755677979,-0.17624685715441846,0.6965406659587949,0.7817812779967239,0.6115707576102569,0.8377766841624965,0.06084817431309952,-0.17624685715441968,DD,"H1,H2,OOS,CAGR"
A,U56,U56k20d07,U56,10.0,6W,5,0,False,1.4007710280498855,0.050983260845771206,0.7452979445631901,-0.15674409589933969,0.6372403052841813,0.8414065008801003,0.5361037348747797,0.9025938483345174,0.06542365782502912,-0.15674409589933969,"H1,DD","H1,CAGR"
A,U56,U56k20d07,U56,10.0,6W,5,1,False,1.3821563324545103,0.05624605901434343,0.8279219584801936,-0.15702029300034326,0.6982232727656073,0.9451881587260204,0.6043064489932736,1.0017165999518518,0.0709318636737244,-0.15702029300034304,DD,"H1,CAGR"
A,U56,U56k20d07,U56,10.0,6W,5,2,False,1.3940676975431379,0.05725974888654428,0.8429225551536845,-0.11563679157583395,0.6853221527113721,0.987798428105443,0.5956574296160749,1.0400914002802404,0.07284962778041959,-0.11563679157583384,-,"H1,CAGR"
A,U56,U56k20d07,U56,10.0,6W,5,3,False,1.366121842694441,0.059576047126357556,0.8619804783802166,-0.1203247851008381,0.6169875540423899,1.0905036722523977,0.5345026209507846,1.1290209779109235,0.08000371604400147,-0.12032478510083877,H1,"H1,CAGR"
A,U56,U56k20d07,U56,10.0,6W,5,4,False,1.3341265809289475,0.05922178311149828,0.868732776778469,-0.1265043681050736,0.671262318518901,1.0517478364554336,0.5793182919769809,1.1026144762286987,0.07718444194855145,-0.12650436810507393,-,"H1,CAGR"
A,U56,U56k20d07,U56,10.0,Q,0,0,True,0.904120613820828,0.0523928504946638,0.710399906413229,-0.22281508036035036,0.8283267662746219,0.6208462137664347,0.743903789305774,0.6891112905223614,0.053624056193861236,-0.22281508036035058,"H2,DD","H1,H2,OOS,DD,CAGR"
A,U56,U56k20d07,U56,10.0,Q,0,1,False,0.9302845425114541,0.05497187543532189,0.7421999767337589,-0.22311871595882038,0.8396386837600271,0.6708720404457638,0.7361251725796291,0.7498705887627821,0.05906421910119741,-0.22311871595881994,"H2,DD","H1,H2,OOS,DD,CAGR"
A,U56,U56k20d07,U56,10.0,Q,0,2,False,0.9101557205088826,0.05570837757978975,0.7487165414188743,-0.22202824454862946,0.8341170513649836,0.6869243076172196,0.7449710427585404,0.7546123546189911,0.05962057870834547,-0.22202824454862902,"H2,DD","H1,H2,OOS,DD,CAGR"
A,U56,U56k20d07,U56,10.0,Q,0,3,False,0.9046753178366272,0.06057627490164941,0.8240125149376719,-0.22184452426831358,0.9399379868879558,0.7460906475050847,0.8527638537717169,0.8106184082374929,0.06427190538100969,-0.2218445242683138,DD,"H1,H2,OOS,DD,CAGR"
A,U56,U56k20d07,U56,10.0,Q,0,4,False,0.8956797448095033,0.057985302507526315,0.7889919454656852,-0.2224560607099073,0.8646131652439109,0.7454934431486036,0.7900022814919688,0.7957000610614492,0.063713284660877,-0.22245606070990698,DD,"H1,H2,OOS,DD,CAGR"
A,U56,U56k20d08,U56,10.0,D,0,0,True,6.665346946426861,0.07789992621714692,1.0951320026718399,-0.1075630788274865,1.1945015518289335,1.0052742154999135,1.060729560531155,1.1226451408759446,0.08122578979447082,-0.10756307882748706,-,CAGR
A,U56,U56k20d08,U56,10.0,2D,0,0,True,4.7972246888431584,0.08198712049282175,1.1434696220026108,-0.10624307251381271,1.228599493971523,1.067518428174609,1.092623323587901,1.1839867693839374,0.08663650473593543,-0.1062430725138126,-,CAGR
A,U56,U56k20d08,U56,10.0,2D,1,0,False,4.8262728918060995,0.07993395865757713,1.1191221420463269,-0.09317270065667504,1.1984274111533795,1.0475677819333529,1.0582103888900896,1.1678825435614637,0.0848624765570336,-0.09317270065667571,-,CAGR
A,U56,U56k20d08,U56,10.0,W,0,0,True,3.1596675521395543,0.08133576007957011,1.1262856555732714,-0.1227997387198636,1.2490655247541482,1.017156702322779,1.1100278787103444,1.1394061118111212,0.08405996909313829,-0.12279973871986405,-,CAGR
A,U56,U56k20d08,U56,10.0,W,0,1,False,3.0789118020741175,0.08418215264220863,1.16319303417635,-0.12111213937980947,1.2865600311360392,1.0509617943492064,1.1498650992681905,1.1738674581291844,0.086164679975828,-0.12111213937980925,-,CAGR
A,U56,U56k20d08,U56,10.0,W,0,2,False,3.064292729329866,0.08634863164407247,1.1769605778964927,-0.086744117662229,1.1758634710625933,1.1802726896043274,1.0438677824282605,1.282482959182951,0.096563379069049,-0.08674411766222867,-,CAGR
A,U56,U56k20d08,U56,10.0,W,0,3,False,3.066300177462479,0.08764348140445177,1.2022752146828364,-0.0979138300318333,1.2963548785668844,1.1178577608791243,1.1582211040969448,1.2374716055700592,0.09186847131105913,-0.09791383003183307,-,CAGR
A,U56,U56k20d08,U56,10.0,W,0,4,False,3.026676111551456,0.08177477626271679,1.1294052985681322,-0.10192628484406596,1.1988746791539977,1.067801370829893,1.049103043352435,1.1933392776943068,0.08828079342063089,-0.09783979882052496,-,CAGR
A,U56,U56k20d08,U56,10.0,2W,0,0,True,2.241478171192995,0.08252016215207636,1.1089308582250765,-0.14062032341180142,1.2222775714137153,1.0096337035023133,1.085006960562816,1.1281370993612294,0.08610211780845645,-0.14062032341180197,DD,CAGR
A,U56,U56k20d08,U56,10.0,2W,0,1,False,2.215889849946623,0.08549517522005234,1.1463984136499472,-0.13495410929829554,1.3104157985444247,1.002825293513727,1.1774446424726839,1.1229737722824964,0.08587926659480427,-0.13495410929829588,-,CAGR
A,U56,U56k20d08,U56,10.0,2W,0,2,False,2.1706710414263495,0.08718049174306763,1.1572553957866938,-0.142662626425356,1.2594102425402527,1.0706560998554118,1.1296666122917673,1.1794910930715203,0.09172666124419182,-0.14266262642535588,DD,CAGR
A,U56,U56k20d08,U56,10.0,2W,0,3,False,2.200654957930625,0.08923459223013142,1.1998076110771962,-0.1314485701417456,1.3405790347303828,1.0766302670149634,1.209212142752825,1.1930495693651895,0.09091916968120839,-0.13144857014174516,-,CAGR
A,U56,U56k20d08,U56,10.0,2W,0,4,False,2.2820199058647272,0.0810561723718839,1.0848605339468653,-0.1497923497766953,1.1969398670512348,0.9928941801711373,1.053145610100295,1.1104910785542914,0.08643948695922976,-0.14979234977669575,DD,CAGR
A,U56,U56k20d08,U56,10.0,2W,1,0,False,2.2534325532543176,0.08709525243554794,1.1905266071866505,-0.10577920018845399,1.2728742353649567,1.1182720558751043,1.1335528342991448,1.2357834519230122,0.09252930663171655,-0.10577920018845366,-,CAGR
A,U56,U56k20d08,U56,10.0,2W,1,1,False,2.231594779230944,0.08555963486796836,1.167703104780108,-0.1170264770896684,1.2360626402271158,1.1061476817262899,1.1095811597501366,1.21431118055705,0.09040244899890548,-0.11702647708966829,-,CAGR
A,U56,U56k20d08,U56,10.0,2W,1,2,False,2.1681152127020025,0.08237620650764854,1.1050814512731861,-0.10801831632378978,1.1870930365061576,1.0348365696534432,1.058815211553474,1.1417231758149708,0.08755110379646736,-0.10801831632378978,-,CAGR
A,U56,U56k20d08,U56,10.0,2W,1,3,False,2.1697233062976933,0.08376745588309698,1.124432983306047,-0.11079231608511508,1.2062073199817167,1.054287188678692,1.0724688417766268,1.165506076558911,0.08940823503060336,-0.1107923160851153,-,CAGR
A,U56,U56k20d08,U56,10.0,2W,1,4,False,2.119257842117712,0.0861710550329724,1.1632933943559705,-0.1124345459516276,1.235088916729823,1.1004333510606745,1.0960795833384993,1.2166168216099653,0.09229870682341157,-0.11243454595162805,-,CAGR
A,U56,U56k20d08,U56,10.0,M,0,0,True,1.5287108134402616,0.09283880039162007,1.2322791795226755,-0.12298575599473849,1.3243321287674437,1.1495038689031898,1.1865422712308318,1.2689196615957747,0.09713620554043212,-0.12298575599473849,-,CAGR
A,U56,U56k20d08,U56,10.0,M,0,1,False,1.5907481608650913,0.08807181108788864,1.1552655976007966,-0.14041648208377855,1.2413728924973801,1.0778832340067224,1.1010563927231534,1.198697956811325,0.09289530364713894,-0.14041648208377822,DD,CAGR
A,U56,U56k20d08,U56,10.0,M,0,2,False,1.6006370992029986,0.08296484949915373,1.0274122894794173,-0.19366686557081703,1.2355519974902154,0.8700274314424931,1.1031285522535792,0.9791445930870913,0.08402825562803384,-0.19366686557081692,DD,CAGR
A,U56,U56k20d08,U56,10.0,M,0,3,False,1.611774578580652,0.08620740180406594,1.0698087524710165,-0.19326149031299156,1.2926070444991038,0.9074581439334439,1.1522925784615592,1.0200001510583547,0.08813809336753886,-0.19326149031299145,DD,CAGR
A,U56,U56k20d08,U56,10.0,M,0,4,False,1.5527129227248613,0.08669118411252397,1.0773718460919652,-0.19139435662745263,1.2347446851012303,0.966356411327044,1.091810932818918,1.0744575472989224,0.09307503993833688,-0.19139435662745297,DD,CAGR
A,U56,U56k20d08,U56,10.0,6W,0,0,True,1.247155243548233,0.09819282147431596,1.2603155179085541,-0.14036598315501025,1.24787608056457,1.2762548721874198,1.106855660900897,1.3790261898201197,0.11202869618087274,-0.14036598315501048,DD,CAGR
A,U56,U56k20d08,U56,10.0,6W,0,1,False,1.2382642346571977,0.09977221669690173,1.2842092129211198,-0.13549442548299473,1.2967809033112223,1.2777970324539483,1.1456737912543848,1.3918843996005634,0.11241137230176901,-0.13549442548299473,-,CAGR
A,U56,U56k20d08,U56,10.0,6W,0,2,False,1.2268456620455377,0.09951594711022382,1.2729883716152934,-0.14329394088313407,1.29113660153452,1.264298731120452,1.141447584333164,1.3738247734930131,0.11290077441462576,-0.14329394088313374,DD,CAGR
A,U56,U56k20d08,U56,10.0,6W,0,3,False,1.2492086817059196,0.0981443302293068,1.263311004801374,-0.14256963460378258,1.3202455038224281,1.2201352687465954,1.1683005867631906,1.336957964238997,0.10865151987051735,-0.14256963460378258,DD,CAGR
A,U56,U56k20d08,U56,10.0,6W,0,4,False,1.3059887280212616,0.09133979686526739,1.1586758625351532,-0.16044695018896116,1.2769299436430168,1.0722300825567472,1.1315534529125573,1.1829483994861612,0.09929770043862751,-0.16044695018896094,DD,CAGR
A,U56,U56k20d08,U56,10.0,6W,1,0,False,1.289230854919748,0.0910658017910062,1.1980578056143152,-0.12740617108407037,1.3120100725550679,1.0985153429489416,1.166570589478524,1.2232143921312228,0.09532594744086054,-0.1274061710840706,-,CAGR
A,U56,U56k20d08,U56,10.0,6W,1,1,False,1.2802345365952983,0.08895478577644345,1.1746255726075607,-0.14539685271113845,1.3127100920272523,1.0548252913988205,1.174499502222615,1.1754577668785997,0.09146674095802454,-0.14539685271113845,DD,CAGR
A,U56,U56k20d08,U56,10.0,6W,1,2,False,1.3072509656785085,0.08596765105309845,1.0517215250715881,-0.19724730372508326,1.2784046235070257,0.8920453551639097,1.1368393155506824,1.0028237274069276,0.0885469107269492,-0.19724730372508326,DD,CAGR
A,U56,U56k20d08,U56,10.0,6W,1,3,False,1.2865610776670309,0.08546441712279074,1.0455028882529716,-0.19611035918758446,1.2686594921483203,0.8883581170346163,1.1176449206218078,1.0053640800883064,0.08885497341836368,-0.19611035918758457,DD,CAGR
A,U56,U56k20d08,U56,10.0,6W,1,4,False,1.2824575154232702,0.0841462196523568,1.0427034142589282,-0.19249627462661512,1.2959868173275018,0.8531453114585897,1.1533088447049933,0.9721064772125078,0.083681581075433,-0.19249627462661478,DD,CAGR
A,U56,U56k20d08,U56,10.0,6W,2,0,False,1.31097035318828,0.08426290464051367,1.0432124690599023,-0.18871932921442536,1.2764696613814035,0.8626422325444069,1.143955068992146,0.975944261276806,0.08331123839209398,-0.18871932921442514,DD,CAGR
A,U56,U56k20d08,U56,10.0,6W,2,1,False,1.3304414120470676,0.08209357057038802,1.0283327865686285,-0.18722802142532602,1.2532794953398676,0.8498906507257831,1.121991281001198,0.9639790167186159,0.08083188238815109,-0.18722802142532635,DD,CAGR
A,U56,U56k20d08,U56,10.0,6W,2,2,False,1.3003018909904422,0.08545352872131606,1.0606923166824156,-0.18678676562195717,1.2836589273639378,0.888340311910613,1.1536056126517298,0.9987362811486283,0.08500932982195519,-0.1867867656219575,DD,CAGR
A,U56,U56k20d08,U56,10.0,6W,2,3,False,1.3169514375143287,0.08789618506412067,1.092432890715252,-0.18766168710910747,1.3394673062562414,0.9065052427139233,1.2059982205833961,1.0187681610218906,0.08718997861513067,-0.18766168710910758,DD,CAGR
A,U56,U56k20d08,U56,10.0,6W,2,4,False,1.3259879348282075,0.08523413701287152,1.0583806901267725,-0.18813847470436218,1.2906896520453999,0.8867233552705662,1.1565821173640272,0.9966569439016655,0.0857418651596833,-0.18813847470436174,DD,CAGR
A,U56,U56k20d08,U56,10.0,6W,3,0,False,1.347809480901111,0.08384376795589121,1.0469589498648915,-0.18813847470436196,1.3315802197907787,0.8410001651116298,1.2011591560335442,0.9504518026643822,0.08171056034789159,-0.18813847470436162,DD,CAGR
A,U56,U56k20d08,U56,10.0,6W,3,1,False,1.3618747989339932,0.08371149183183313,1.0447216729822082,-0.18867439559340926,1.3274530970659535,0.8386922489644707,1.205653322193413,0.9429027256910013,0.08094974858284765,-0.18867439559340937,DD,CAGR
A,U56,U56k20d08,U56,10.0,6W,3,2,False,1.3293139454788307,0.08430569997038173,1.0484015793868988,-0.1886068646815403,1.2798732549803662,0.8804577388768288,1.159577424796406,0.9792098025931378,0.08437503548645098,-0.1886068646815402,DD,CAGR
A,U56,U56k20d08,U56,10.0,6W,3,3,False,1.320609675510542,0.08611930570895687,1.0686359480193883,-0.18915438408065854,1.3251650961484172,0.8798351739343042,1.1831610611447956,0.997180481719394,0.08609295670105332,-0.18915438408065866,DD,CAGR
A,U56,U56k20d08,U56,10.0,6W,3,4,False,1.3323830715649463,0.0817543058350878,1.0322609898526083,-0.18962921521872678,1.3114853872081909,0.8184941790969718,1.1782568830658864,0.9353155568390725,0.07852944902158421,-0.18962921521872644,DD,"H2,CAGR"
A,U56,U56k20d08,U56,10.0,6W,4,0,False,1.372462149467983,0.082481898562345,1.0353569307253323,-0.1902639070235176,1.3184951306136257,0.8182346282577829,1.1903898331031426,0.9321552183455324,0.07868772127400447,-0.19026390702351736,DD,"H2,CAGR"
A,U56,U56k20d08,U56,10.0,6W,4,1,False,1.3184294437423185,0.08606933189888233,1.073525315024402,-0.18975597897726826,1.3470710674141286,0.864166821292516,1.2159180810187737,0.9790564711720507,0.08322631947012371,-0.18975597897726826,DD,CAGR
A,U56,U56k20d08,U56,10.0,6W,4,2,False,1.3042018564690954,0.08835331439841254,1.1038655724173323,-0.1900900738022443,1.3502650360878523,0.916646365890954,1.2186097606171886,1.029041354298799,0.08752871704706444,-0.1900900738022444,DD,CAGR
A,U56,U56k20d08,U56,10.0,6W,4,3,False,1.292608484612029,0.08584401681059273,1.0820323731990151,-0.1800503398640304,1.3674675241070768,0.8548239320509433,1.2423045677986497,0.9706640175938845,0.08078811928888596,-0.18005033986403052,DD,CAGR
A,U56,U56k20d08,U56,10.0,6W,4,4,False,1.288763561463325,0.08523142544975992,1.0748090341625385,-0.1907150905311975,1.3410064763395846,0.863807105433303,1.2116576264124628,0.9804218826343264,0.08170687042770619,-0.19071509053119862,DD,CAGR
A,U56,U56k20d08,U56,10.0,6W,5,0,False,1.3082281491006147,0.08861650283897937,1.1325802435066004,-0.1555587425126681,1.292427448414487,1.0045557309920248,1.151722181219196,1.1214139565536365,0.09205316485750781,-0.1555587425126682,DD,CAGR
A,U56,U56k20d08,U56,10.0,6W,5,1,False,1.2860974953907018,0.09225832125480427,1.1841313053488811,-0.1578652319921361,1.306950982801684,1.0806175847135278,1.166656896176435,1.1987375535460567,0.09661885220506305,-0.1578652319921362,DD,CAGR
A,U56,U56k20d08,U56,10.0,6W,5,2,False,1.302017848656035,0.09311745904500812,1.2088455931591662,-0.1081214520181959,1.2525448821847536,1.1715624358192251,1.1227501708553038,1.277293372713007,0.10066402627118287,-0.10812145201819634,-,CAGR
A,U56,U56k20d08,U56,10.0,6W,5,3,False,1.2838023722415433,0.09391929738784333,1.2184698944319896,-0.11074241344531965,1.1835262795804167,1.2530504874107076,1.0511798826277197,1.3497753212315533,0.10754520517800459,-0.11074241344531999,-,CAGR
A,U56,U56k20d08,U56,10.0,6W,5,4,False,1.2459146264018832,0.09730805340835902,1.2624612845004124,-0.11316654680082616,1.274800560238816,1.254863272580845,1.1379636041350323,1.3603611047822701,0.10813635732266214,-0.11316654680082638,-,CAGR
A,U56,U56k20d08,U56,10.0,Q,0,0,True,0.8907177272602309,0.08289211317378609,0.9796332940677716,-0.2116501865833118,1.2364708226629988,0.7977542615385099,1.1153670077457427,0.8968144134327382,0.08172268840317298,-0.21165018658331236,DD,"H2,DD,CAGR"
A,U56,U56k20d08,U56,10.0,Q,0,1,False,0.9266636638782978,0.08120301700528465,0.9514031739264487,-0.21197501907380456,1.2225120152336693,0.7638502164905512,1.0959220549072135,0.8657696185883811,0.08002375749086044,-0.21197501907380412,DD,"H2,OOS,DD,CAGR"
A,U56,U56k20d08,U56,10.0,Q,0,2,False,0.8928057949653097,0.08347007876074541,0.9696729836902757,-0.21162980492262606,1.2123650298856858,0.7977951917627022,1.087502545619499,0.8983705257893871,0.08327938015560798,-0.21162980492262617,DD,"H2,DD,CAGR"
A,U56,U56k20d08,U56,10.0,Q,0,3,False,0.8885479370565669,0.0851902821784929,1.0045736369625269,-0.21130838961887932,1.306299214628653,0.7928877066912029,1.1810462936165702,0.897240810689676,0.08213645558359817,-0.21130838961887932,DD,"H2,DD,CAGR"
A,U56,U56k20d08,U56,10.0,Q,0,4,False,0.8771503018489716,0.08302356798895016,0.9851895258075577,-0.21161221356242033,1.2902064438546033,0.7738395148170734,1.1635897775289081,0.8783362527929671,0.0801404572079516,-0.21161221356242021,DD,"H2,OOS,DD,CAGR"
A,U56,U56k20d09,U56,10.0,D,0,0,True,6.576110797990495,0.07598473620582658,1.171548895500842,-0.10149525300083562,1.2758189063636824,1.0847520831367294,1.1484852292889134,1.1912182932600168,0.08090583336390278,-0.1014952530008355,-,CAGR
A,U56,U56k20d09,U56,10.0,2D,0,0,True,4.767373133556335,0.08115864987080945,1.2414656494542176,-0.09481609407085578,1.352559953720707,1.150652344330599,1.2378108781236217,1.2473199681437572,0.08563905653087667,-0.09481609407085534,-,CAGR
A,U56,U56k20d09,U56,10.0,2D,1,0,False,4.708512277981871,0.07900322416598238,1.2085547128893648,-0.09239263772552564,1.2646830503378412,1.1639952140041065,1.1355854924793212,1.2654456802035958,0.08680750149026162,-0.0923926377255263,-,CAGR
A,U56,U56k20d09,U56,10.0,W,0,0,True,3.0830439403782957,0.08165923900548533,1.233334083397271,-0.104414186847263,1.2804715736221575,1.200711744856688,1.172003014720441,1.282132373166947,0.09018064982752838,-0.10441418684726311,-,CAGR
A,U56,U56k20d09,U56,10.0,W,0,1,False,3.1150600590244277,0.08259239744265368,1.242616745382385,-0.10819093588316309,1.3124734235627171,1.18722429270198,1.2072354148473186,1.271769998960381,0.08877781679710672,-0.10819093588316286,-,CAGR
A,U56,U56k20d09,U56,10.0,W,0,2,False,3.0996330226443662,0.08332604757526574,1.247239665365036,-0.11204935044444231,1.2662101602440914,1.2361895637723095,1.1769629338136136,1.3022292233582138,0.09146920899626099,-0.08457897774809686,-,CAGR
A,U56,U56k20d09,U56,10.0,W,0,3,False,3.0920638665547493,0.0810442662947446,1.215951638785356,-0.0965280209244822,1.2678626223905642,1.1754824877573387,1.1598992179404732,1.2602590276438819,0.08806806912208387,-0.09014722304378031,-,CAGR
A,U56,U56k20d09,U56,10.0,W,0,4,False,3.116977537336799,0.07913346340907723,1.2040303486435284,-0.09026989011750841,1.2521782693300565,1.167491447170985,1.133981389203429,1.258757622743829,0.0870864868598582,-0.09026989011750852,-,CAGR
A,U56,U56k20d09,U56,10.0,2W,0,0,True,2.2211958556865827,0.08377724328728764,1.2308483885278174,-0.11581756395415654,1.1851342171499288,1.2773624894664994,1.072328308293151,1.3496796795321258,0.09806308735777014,-0.11581756395415654,-,CAGR
A,U56,U56k20d09,U56,10.0,2W,0,1,False,2.2615445275658383,0.08677915575518091,1.2606860221449943,-0.11441871851544083,1.3203154102811088,1.2183255911385962,1.2102148783376707,1.3017745890651402,0.095187179456937,-0.11441871851544105,-,CAGR
A,U56,U56k20d09,U56,10.0,2W,0,2,False,2.1832439232910983,0.08572936304806844,1.226374857530718,-0.126749296665138,1.3415828736992763,1.1422170817857313,1.2462540710489702,1.218804194226768,0.09110143975125484,-0.12674929666513823,-,CAGR
A,U56,U56k20d09,U56,10.0,2W,0,3,False,2.206993727208972,0.08510284039505289,1.241792260374271,-0.11256142055919205,1.387041598564785,1.1285518218385135,1.2940847608996942,1.2094829165658707,0.08789022847123906,-0.11256142055919205,-,CAGR
A,U56,U56k20d09,U56,10.0,2W,0,4,False,2.249771655056897,0.08064238278077318,1.1802034755385713,-0.11756114079190616,1.3548498674147902,1.044881624801471,1.2524027373020503,1.1350265112651106,0.08256073689711685,-0.11756114079190616,-,CAGR
A,U56,U56k20d09,U56,10.0,2W,1,0,False,2.2309820546746453,0.08276485514068255,1.2259426834867273,-0.10667761434617462,1.2964361852156645,1.1741183034872071,1.1898077314262316,1.2566661234127547,0.09014189200210465,-0.10667761434617407,-,CAGR
A,U56,U56k20d09,U56,10.0,2W,1,1,False,2.2286154554099897,0.08247147009864886,1.225331174508179,-0.10442258051140751,1.250303755215161,1.208052442336635,1.1528148482739944,1.2819316463906025,0.09035210280461037,-0.10442258051140718,-,CAGR
A,U56,U56k20d09,U56,10.0,2W,1,2,False,2.258185478711344,0.08442843149072954,1.2478307889272808,-0.08401738614423415,1.301235606681692,1.205827114232,1.2048673179193092,1.2823718061564333,0.09077361159580755,-0.08401738614423426,-,CAGR
A,U56,U56k20d09,U56,10.0,2W,1,3,False,2.307688580438232,0.08300857548170693,1.21919749088098,-0.09761845658708856,1.2134964237281778,1.2293052609175643,1.1151762420418085,1.299257922238343,0.09292546279905567,-0.09761845658708868,-,CAGR
A,U56,U56k20d09,U56,10.0,2W,1,4,False,2.2351836917073973,0.08092222808954652,1.2072028398264005,-0.10773350239292445,1.1545612328012587,1.258522491041024,1.0397104506649437,1.3336183914894564,0.09467190899324218,-0.107733502392925,-,CAGR
A,U56,U56k20d09,U56,10.0,M,0,0,True,1.5326948555190771,0.08756173950565471,1.2482042655863568,-0.11936958962712052,1.3327089032063049,1.1865997631647949,1.224877525241286,1.270300983856956,0.09497288327027187,-0.11936958962712008,-,CAGR
A,U56,U56k20d09,U56,10.0,M,0,1,False,1.577743314341179,0.0841522850606693,1.2084629826981503,-0.11245630171735554,1.2285947937788366,1.198744312856021,1.1127697508179497,1.2819612547155523,0.09490009986994496,-0.11245630171735532,-,CAGR
A,U56,U56k20d09,U56,10.0,M,0,2,False,1.6175269985431195,0.07824611784064084,1.099662128398345,-0.12500633581779064,1.1294566858291004,1.0855505684706057,1.00417235864118,1.1725796401174589,0.08994289887626472,-0.12500633581779053,-,CAGR
A,U56,U56k20d09,U56,10.0,M,0,3,False,1.5989220936546489,0.07855018317817519,1.091157291250577,-0.13373896773633176,1.1163234377012494,1.0831353269422181,0.9846296870458419,1.1717672692902739,0.09156240927959125,-0.13373896773633165,-,CAGR
A,U56,U56k20d09,U56,10.0,M,0,4,False,1.5689666326208114,0.0782554480640234,1.0837742088629656,-0.14438388226881826,1.135947760048794,1.060018840789769,1.0081664656166471,1.1447794615461953,0.09107032713064545,-0.1443838822688186,DD,CAGR
A,U56,U56k20d09,U56,10.0,6W,0,0,True,1.2489072631371836,0.09543051740691699,1.3242576708603169,-0.11432709768286886,1.2164133228869949,1.4238491413296708,1.1033987683291675,1.4895590480435394,0.11432074172542062,-0.11432709768286908,-,CAGR
A,U56,U56k20d09,U56,10.0,6W,0,1,False,1.2231342764367534,0.09967661352275692,1.37777691887489,-0.11768585871135717,1.3670687810750257,1.3964450905100672,1.2570853631602297,1.4699128812653601,0.1136208859981398,-0.11768585871135706,-,CAGR
A,U56,U56k20d09,U56,10.0,6W,0,2,False,1.193456677438019,0.09537804766072777,1.2944432982836591,-0.12828210026606712,1.3466333147956175,1.2695614847580674,1.2312255122538993,1.3478200307196255,0.1083752208262263,-0.12828210026606723,-,CAGR
A,U56,U56k20d09,U56,10.0,6W,0,3,False,1.228950754006519,0.09861533794833233,1.3558053228116071,-0.11810617922083777,1.4520647380260492,1.2937862484111877,1.3458876182591355,1.37253873014591,0.10819968491637733,-0.11810617922083799,-,CAGR
A,U56,U56k20d09,U56,10.0,6W,0,4,False,1.3040278113047732,0.09134523900960612,1.264933429401706,-0.12528782892821833,1.4489755262231039,1.1373187433150431,1.3372797682630908,1.227816844820885,0.09641871620582987,-0.12528782892821866,-,CAGR
A,U56,U56k20d09,U56,10.0,6W,1,0,False,1.3197034463526427,0.08913743372799798,1.2544905002220728,-0.12661947427719533,1.3958174964213161,1.152436314146606,1.2743628507288514,1.2489695916201806,0.09560622825349374,-0.1266194742771959,-,CAGR
A,U56,U56k20d09,U56,10.0,6W,1,1,False,1.2487145072648538,0.09105906376111927,1.290490521888749,-0.12029280374717788,1.3942927134319032,1.2146264348713187,1.2738642202618755,1.3087322406451187,0.0988219850261487,-0.12029280374717755,-,CAGR
A,U56,U56k20d09,U56,10.0,6W,1,2,False,1.2808816416422417,0.09010086519760074,1.2374131885384108,-0.1306586683498726,1.3413747320925686,1.1689174075826438,1.2091419708971343,1.2659545609479577,0.10001964044576783,-0.13065866834987272,-,CAGR
A,U56,U56k20d09,U56,10.0,6W,1,3,False,1.2940005417479303,0.0893074721732976,1.221663670694811,-0.1386591183368875,1.295967619648976,1.1775881317560313,1.1556383902163527,1.275919956675128,0.10148165768203699,-0.13865911833688738,DD,CAGR
A,U56,U56k20d09,U56,10.0,6W,1,4,False,1.3048282994988565,0.08501431609238175,1.164201687747035,-0.14948721160782297,1.279981856938625,1.08617916307682,1.1553033246191935,1.1791447291249137,0.09337536661648227,-0.1494872116078232,DD,CAGR
A,U56,U56k20d09,U56,10.0,6W,2,0,False,1.3129107179340191,0.08488451345851145,1.1566714152257809,-0.1452197651879098,1.24175868685476,1.100005676143462,1.115236797231874,1.1926399804886882,0.0944174638913795,-0.14521976518790936,DD,CAGR
A,U56,U56k20d09,U56,10.0,6W,2,1,False,1.3528619034066123,0.08712423961030646,1.2000286997086815,-0.1430264949333655,1.301454663506991,1.128352198965535,1.1788038239853447,1.2215553453371026,0.0951936320233091,-0.14302649493336506,DD,CAGR
A,U56,U56k20d09,U56,10.0,6W,2,2,False,1.2758859007299832,0.08730869551953746,1.1959339558103639,-0.1420814808683869,1.2984320809292083,1.122160342912455,1.18927978266732,1.2067261937594693,0.09423639756553581,-0.142081480868387,DD,CAGR
A,U56,U56k20d09,U56,10.0,6W,2,3,False,1.2827348266674867,0.0837554897785786,1.1530610180562175,-0.14280216169388793,1.2348864812250022,1.097861850167698,1.1136636418301462,1.1871702703603055,0.09272271771701202,-0.14280216169388804,DD,CAGR
A,U56,U56k20d09,U56,10.0,6W,2,4,False,1.276067661911601,0.08238862655112689,1.1311818485766185,-0.14272724651681956,1.2567595211698193,1.0445743285895004,1.15668035776221,1.1221289446322207,0.08834500449792992,-0.14272724651681934,DD,CAGR
A,U56,U56k20d09,U56,10.0,6W,3,0,False,1.2789128463802697,0.08258620911154813,1.132429254067145,-0.14272724651681956,1.2935097627364047,1.0223728615759329,1.190791876741818,1.1035676365306457,0.08750363813114226,-0.14272724651681956,DD,CAGR
A,U56,U56k20d09,U56,10.0,6W,3,1,False,1.3368220304440823,0.0833261639177234,1.1363814560462155,-0.14285064517353663,1.283921285305565,1.0327585100950367,1.1817167087039553,1.1138263759005735,0.08819326796455451,-0.14285064517353685,DD,CAGR
A,U56,U56k20d09,U56,10.0,6W,3,2,False,1.2833556173176308,0.08360741738025501,1.1455925245947811,-0.14282582761123297,1.304223810034331,1.0336369169130686,1.19589360569828,1.1199305733614195,0.08830287849906515,-0.14282582761123253,DD,CAGR
A,U56,U56k20d09,U56,10.0,6W,3,3,False,1.2896300488633243,0.07906556923152208,1.078749171810443,-0.14339942548633744,1.2546792407812484,0.9510064551267926,1.1556861039614037,1.0338913020494542,0.08157623001139624,-0.14339942548633777,DD,CAGR
A,U56,U56k20d09,U56,10.0,6W,3,4,False,1.3021906658363642,0.07868854906744582,1.0978550043143394,-0.14374316743741256,1.2925848586546813,0.9630055829065568,1.1839844093930412,1.0516289433108166,0.08211260356445682,-0.1437431674374121,DD,CAGR
A,U56,U56k20d09,U56,10.0,6W,4,0,False,1.3187889345736936,0.07999862230013721,1.1038058134688788,-0.14467334975027957,1.330318423423006,0.949536872789113,1.2085108482970601,1.047322067973894,0.08296801493707928,-0.14467334975027968,DD,CAGR
A,U56,U56k20d09,U56,10.0,6W,4,1,False,1.3118477384062064,0.08189216621865758,1.1128792946344532,-0.14416276154984287,1.2727585021971197,1.0028401750744802,1.1437951055646425,1.1015014773039808,0.0880357867935817,-0.14416276154984298,DD,CAGR
A,U56,U56k20d09,U56,10.0,6W,4,2,False,1.2937572762482539,0.08580168834646518,1.1781693520513623,-0.1473492509176788,1.3464052384891745,1.0584390453421482,1.2365446457640608,1.1463125985418923,0.08992575559684268,-0.1473492509176787,DD,CAGR
A,U56,U56k20d09,U56,10.0,6W,4,3,False,1.2888969801178043,0.08575241879434325,1.1872314093613974,-0.1400634164383736,1.3857191420009742,1.045918266660512,1.2753924910965222,1.1364595324785867,0.08862387165064045,-0.14006341643837295,DD,CAGR
A,U56,U56k20d09,U56,10.0,6W,4,4,False,1.31265954934435,0.08709592462336091,1.2037354505333127,-0.14686148065025628,1.3928757954935722,1.0670909289429173,1.291833683896298,1.1523733407105672,0.08986354135536567,-0.1468614806502555,DD,CAGR
A,U56,U56k20d09,U56,10.0,6W,5,0,False,1.3264543839925542,0.0885849792902802,1.2368574108289465,-0.13308160028940874,1.3070748760620368,1.1923069155032833,1.2049582008867217,1.2667371345705176,0.09784417409660606,-0.13308160028940919,-,CAGR
A,U56,U56k20d09,U56,10.0,6W,5,1,False,1.3034408851146317,0.08776884356330239,1.2390685799178716,-0.13367931910808994,1.2229317798788306,1.2612799599085842,1.1074603369383793,1.3384975102481194,0.10120298957720042,-0.1336793191080904,-,CAGR
A,U56,U56k20d09,U56,10.0,6W,5,2,False,1.280028203839498,0.0964210160314658,1.3654213371898576,-0.09886793709349029,1.316340294334953,1.4131932186600418,1.2152160084626313,1.4818201071793424,0.10896376266376206,-0.09886793709348995,-,CAGR
A,U56,U56k20d09,U56,10.0,6W,5,3,False,1.2608269787464588,0.09507644248171365,1.3243359837099906,-0.1059149963831082,1.273672069821641,1.3739518704573106,1.1535480315969,1.455002522437223,0.10969793663306082,-0.1059149963831082,-,CAGR
A,U56,U56k20d09,U56,10.0,6W,5,4,False,1.277575776832109,0.09136357664328187,1.293029899055078,-0.10189869638590365,1.1913894135892245,1.387165678363956,1.0692848798564096,1.4625146158866238,0.10912179815453915,-0.10189869638590354,-,CAGR
A,U56,U56k20d09,U56,10.0,Q,0,0,True,0.8901977492658303,0.08392626102967338,1.0719779376504406,-0.16828105589137876,1.217229780134624,0.9762080568813136,1.1072356506071694,1.0590346706695453,0.09049750043955918,-0.16828105589137876,DD,CAGR
A,U56,U56k20d09,U56,10.0,Q,0,1,False,0.9187704336297849,0.08150570847361105,1.0376618350296984,-0.1685851219696619,1.1851191496139324,0.9443846144712444,1.0788806272893232,1.022949744654833,0.08830605688831783,-0.16858512196966158,DD,CAGR
A,U56,U56k20d09,U56,10.0,Q,0,2,False,0.9217262057179488,0.08240707852502638,1.0279455917609506,-0.17485781758770236,1.152979186639416,0.9543850456797323,1.0384547520498202,1.0341731602330353,0.09162547990779846,-0.1748578175877029,DD,CAGR
A,U56,U56k20d09,U56,10.0,Q,0,3,False,0.8883941216974275,0.08491806355203435,1.0765470259567993,-0.17461173780405514,1.2627497563377108,0.9623401966936923,1.1386268326153681,1.052578799093656,0.09202985343514203,-0.17461173780405503,DD,CAGR
A,U56,U56k20d09,U56,10.0,Q,0,4,False,0.8807537723408624,0.08435997518011584,1.097784136474544,-0.1692617476793139,1.303311213359929,0.968143611586603,1.2001393929308395,1.0494767056381016,0.08936284403186523,-0.16926174767931423,DD,CAGR
A,U56,U56k20d10,U56,10.0,D,0,0,True,6.928298200974406,0.060443744589474324,0.9630878941394269,-0.09142038247227702,0.9331120327441105,0.9919787293578296,0.7751576756240489,1.1163709702971822,0.0710977860081361,-0.0914203824722748,-,"H1,CAGR"
A,U56,U56k20d10,U56,10.0,2D,0,0,True,4.938415393818971,0.06378433784838733,1.0075206003537984,-0.09575592922039777,0.9783752910518149,1.0357506305134925,0.8199842476963258,1.1595013404978514,0.07468532859553179,-0.09575592922039744,-,CAGR
A,U56,U56k20d10,U56,10.0,2D,1,0,False,4.9098777421738395,0.06250238039670375,0.9900928919839393,-0.08213832513920016,0.9856157945001762,0.9953374270853987,0.8354205121040577,1.1160038797382057,0.07141835586211376,-0.08213832513920072,-,CAGR
A,U56,U56k20d10,U56,10.0,W,0,0,True,3.186203265843266,0.06265385131484336,0.9803123727033628,-0.11108900770606245,0.9957968900975828,0.9679208099275423,0.8449471383370359,1.088828165685105,0.07100267276949057,-0.11108900770606234,-,CAGR
A,U56,U56k20d10,U56,10.0,W,0,1,False,3.185998660841458,0.06445844917442334,1.0065357941109137,-0.1060680837480994,1.031413237550351,0.9847461812543971,0.8748460434606034,1.1134621227147719,0.07228236407812472,-0.10606808374809962,-,CAGR
A,U56,U56k20d10,U56,10.0,W,0,2,False,3.1823046254316805,0.06817400780445215,1.0569591108339251,-0.07329518724875184,0.9792094288602707,1.1301679011173347,0.8334206234487845,1.2382249597581465,0.08135755426001268,-0.07329518724875173,-,CAGR
A,U56,U56k20d10,U56,10.0,W,0,3,False,3.1863804706880563,0.06640464687711622,1.0282314350535695,-0.09596799022759384,1.059110361108708,1.0011529900907468,0.919519849498433,1.1161584029577905,0.07310812784401222,-0.09596799022759384,-,CAGR
A,U56,U56k20d10,U56,10.0,W,0,4,False,3.157516424789645,0.06277398993116146,0.9834091041785816,-0.10129470572669763,0.9356386391281422,1.0288409715672513,0.7833463441003149,1.146039397199265,0.07439306762673548,-0.08658952909993944,-,"H1,CAGR"
A,U56,U56k20d10,U56,10.0,2W,0,0,True,2.3490612825925026,0.062044647307470724,0.9445414911366152,-0.1318558828021913,0.9666552890567182,0.9270563954081891,0.8234071335324511,1.04050033167072,0.07013837305487591,-0.13185588280219152,-,CAGR
A,U56,U56k20d10,U56,10.0,2W,0,1,False,2.321539990039333,0.06607989597386799,1.002272729611838,-0.11731709377328414,1.0817287454037399,0.9338522473303517,0.938401923399172,1.0528580005732278,0.07112461753467225,-0.11731709377328425,-,CAGR
A,U56,U56k20d10,U56,10.0,2W,0,2,False,2.2161979502556406,0.06937586609022195,1.0419085250669753,-0.12120444617335702,1.0342085689334697,1.0514384190500987,0.8946298753157618,1.1586727878618044,0.07920248180209488,-0.12120444617335724,-,CAGR
A,U56,U56k20d10,U56,10.0,2W,0,3,False,2.266368373738054,0.06853341336573537,1.035095570029532,-0.12132110655328088,1.070216598165912,1.005831926339963,0.9329186975944465,1.1163176526884195,0.07562529826424402,-0.1213211065532811,-,CAGR
A,U56,U56k20d10,U56,10.0,2W,0,4,False,2.2803500658417653,0.06516902896399368,0.9834888653715225,-0.129203204527225,0.9801017116591375,0.989556799513808,0.8299707273995472,1.1039322636512126,0.07554090599242014,-0.12920320452722533,-,CAGR
A,U56,U56k20d10,U56,10.0,2W,1,0,False,2.2571824556442714,0.0700247745197482,1.0803553670522925,-0.09162334571498187,1.0345033199572033,1.1241260580443202,0.88562095477858,1.2386328724817732,0.08157338381586166,-0.09162334571498187,-,CAGR
A,U56,U56k20d10,U56,10.0,2W,1,1,False,2.27800693767769,0.06649280279888137,1.0242519629723328,-0.10239311594808553,0.9788754178298842,1.0675576461806358,0.8358035620044598,1.178498857386889,0.07749561879726063,-0.10239311594808542,-,CAGR
A,U56,U56k20d10,U56,10.0,2W,1,2,False,2.2735784581194145,0.06529800660292162,1.0016502450773763,-0.08244863158142879,0.9670998508059733,1.0348657278068911,0.8190607027445735,1.1498026459910566,0.07622526826035148,-0.07871238829735172,-,CAGR
A,U56,U56k20d10,U56,10.0,2W,1,3,False,2.234353823158401,0.06526494915446146,0.9898133554930417,-0.1039190873646948,0.9644221780019542,1.0146999882499093,0.8203133528926505,1.1262425718535405,0.0757678229123,-0.10391908736469535,-,CAGR
A,U56,U56k20d10,U56,10.0,2W,1,4,False,2.2844814984638373,0.0643536790556194,0.9924650893051336,-0.10526922962717111,0.942868679280295,1.039531246207926,0.7967384736037973,1.1504598253347045,0.07609637280730475,-0.1003702115243843,-,"H1,CAGR"
A,U56,U56k20d10,U56,10.0,M,0,0,True,1.529214726432927,0.07202552683936925,1.0771817314705867,-0.10532051508255369,1.0385669778372568,1.1142585367254239,0.8981029613026511,1.2256335753040188,0.08248508079341943,-0.10532051508255358,-,CAGR
A,U56,U56k20d10,U56,10.0,M,0,1,False,1.5940327112601254,0.06690231143357162,0.9919748593122003,-0.11924933480545252,0.9523141904165516,1.0299136594686817,0.8106909924592581,1.140637986768437,0.07787878040259022,-0.11924933480545263,-,"H1,CAGR"
A,U56,U56k20d10,U56,10.0,M,0,2,False,1.5906647617252472,0.06773468687647233,0.987436164660083,-0.1354495449159251,1.0031670462875275,0.9761863199955276,0.8706771303430808,1.0796479753948391,0.07612099350923462,-0.1354495449159252,-,CAGR
A,U56,U56k20d10,U56,10.0,M,0,3,False,1.6394055430130716,0.06737405601633228,0.9846932084930256,-0.13514899783338796,0.9451876030379116,1.0229585750697834,0.802855120280515,1.1269108635917953,0.07986554411552471,-0.13514899783338807,-,"H1,CAGR"
A,U56,U56k20d10,U56,10.0,M,0,4,False,1.6064830310375136,0.06341216608867617,0.9107316891308238,-0.15411964148151103,0.9056612358199535,0.9200943723736515,0.7640841880262309,1.0227798951307445,0.07466330830099577,-0.15411964148151125,DD,"H1,CAGR"
A,U56,U56k20d10,U56,10.0,6W,0,0,True,1.2770193648810995,0.07648482843875914,1.107659010265816,-0.12179197889216764,0.9609313509326672,1.2417078644159643,0.8209257695172137,1.3333947944982856,0.09541517164452973,-0.12179197889216731,-,CAGR
A,U56,U56k20d10,U56,10.0,6W,0,1,False,1.262603004649407,0.07632466948194216,1.1065999245051668,-0.12597557041670815,1.0088984026896786,1.1968938880027546,0.8583272188838075,1.3017058573324918,0.09297329098840446,-0.12597557041670804,-,CAGR
A,U56,U56k20d10,U56,10.0,6W,0,2,False,1.2367230687715935,0.07642483325850913,1.0997844887208803,-0.12896048177868236,0.9907540774988443,1.199747459402421,0.8403666235642887,1.3016559572043567,0.09417723212594442,-0.12896048177868236,-,CAGR
A,U56,U56k20d10,U56,10.0,6W,0,3,False,1.249569524374949,0.07589208339409725,1.0850820574743105,-0.1364523063192561,1.035544506117751,1.1328991433633078,0.8887743047001737,1.2366974726870623,0.09022419893722677,-0.1364523063192561,-,CAGR
A,U56,U56k20d10,U56,10.0,6W,0,4,False,1.3122205004665826,0.06967392141363904,0.9968895399267869,-0.14605559010189373,1.0087149196952991,0.9943920560173967,0.8682554570893917,1.0941379025070301,0.08089517568679683,-0.14605559010189295,DD,CAGR
A,U56,U56k20d10,U56,10.0,6W,1,0,False,1.3003882021111417,0.06912361745061091,1.0144915512965245,-0.11692520463299183,0.9987573981115078,1.0303881500634129,0.8586249065286076,1.140998540846138,0.07896000416728688,-0.11692520463299227,-,CAGR
A,U56,U56k20d10,U56,10.0,6W,1,1,False,1.2684824276440776,0.06837291329250106,1.004322977098678,-0.1298066351405075,1.0120268293191568,1.0006886316768144,0.8783532986341427,1.1032214623209224,0.07747021263403253,-0.1298066351405074,-,CAGR
A,U56,U56k20d10,U56,10.0,6W,1,2,False,1.2981060505766977,0.06632180046521619,0.9525182293161908,-0.14320324418472807,0.9643722166661749,0.9479161048442493,0.824744359549121,1.0501344995675084,0.07670247217984927,-0.14320324418472818,DD,CAGR
A,U56,U56k20d10,U56,10.0,6W,1,3,False,1.302786371261496,0.06502839550122097,0.9346638758593683,-0.14242677731933162,0.9341119789335002,0.9398452475467625,0.7938794217091439,1.0426851867536509,0.0758690938720663,-0.1424267773193315,DD,"H1,CAGR"
A,U56,U56k20d10,U56,10.0,6W,1,4,False,1.2836910651056068,0.06404106886154493,0.9123658079922287,-0.15797488425318262,0.9522644344159791,0.8840312114678683,0.808550135903009,0.9917506964951438,0.07306165714486212,-0.15797488425318218,DD,"H1,CAGR"
A,U56,U56k20d10,U56,10.0,6W,2,0,False,1.3252055046701934,0.0646317645075365,0.9074468178495759,-0.1599583014705418,0.9481657291018979,0.8782474198581962,0.810590181660654,0.9817107924994622,0.07328412147796914,-0.1599583014705418,DD,"H1,CAGR"
A,U56,U56k20d10,U56,10.0,6W,2,1,False,1.3503203278007205,0.06441601685029674,0.9109461432524733,-0.1588274295949038,0.9607915674507556,0.8732208790547059,0.8198929794153446,0.9811056653323659,0.07247077863563733,-0.15882742959490337,DD,CAGR
A,U56,U56k20d10,U56,10.0,6W,2,2,False,1.3170171554877392,0.06782752432406691,0.9612042424930892,-0.1585099955347733,0.9840549128678048,0.946404535635728,0.8374245796093804,1.0564972708498617,0.0778264876344108,-0.15850999553477352,DD,CAGR
A,U56,U56k20d10,U56,10.0,6W,2,3,False,1.3456412568082021,0.0690879711609973,0.9799053597501004,-0.15876025624892764,1.0217965231293034,0.9496184473907301,0.8776574567029581,1.058543581493401,0.07806222278047215,-0.15876025624892764,DD,CAGR
A,U56,U56k20d10,U56,10.0,6W,2,4,False,1.3520923101492661,0.06764930593890428,0.9548513366300706,-0.15885614025578387,1.005345669535483,0.9209545310884255,0.8515122428169051,1.033153853071463,0.07758967151464602,-0.15885614025578365,DD,CAGR
A,U56,U56k20d10,U56,10.0,6W,3,0,False,1.385709823039642,0.06614583248405359,0.9471264828671724,-0.1588561402557841,1.0346044467807978,0.8865654464492017,0.8827470455380022,0.9971749023355753,0.07442765836190834,-0.1588561402557841,DD,CAGR
A,U56,U56k20d10,U56,10.0,6W,3,1,False,1.3873054236310574,0.06578278869498333,0.9398094551557742,-0.15890844130264448,1.0332685773376278,0.8722972713168041,0.8865931989246477,0.9817016057704789,0.07307006641803326,-0.1589084413026448,DD,CAGR
A,U56,U56k20d10,U56,10.0,6W,3,2,False,1.3733497553633536,0.06529023020054647,0.9345677680878104,-0.15882679919791276,1.0322627843942123,0.8636282083758731,0.8837274486793831,0.9747113395660749,0.07236254941402898,-0.15882679919791232,DD,CAGR
A,U56,U56k20d10,U56,10.0,6W,3,3,False,1.3760778169827268,0.06565212837467804,0.9343651513506913,-0.15958787707720512,1.0426744254511036,0.85419177346227,0.8937556039435507,0.9670608991613466,0.07205395727227337,-0.1595878770772049,DD,CAGR
A,U56,U56k20d10,U56,10.0,6W,3,4,False,1.3872086325790907,0.06201318166041592,0.9034914815369774,-0.15979170730557601,1.0271395474929277,0.8099201912448897,0.8825276611624132,0.9217994291814564,0.06693395413637604,-0.15979170730557635,DD,"H2,CAGR"
A,U56,U56k20d10,U56,10.0,6W,4,0,False,1.4046524696596028,0.062362469528296494,0.9007701930636838,-0.15749969644836648,1.065834414173773,0.7718661955454205,0.9370252688611624,0.8772622783672961,0.06388961438801743,-0.15749969644836637,DD,"H2,OOS,CAGR"
A,U56,U56k20d10,U56,10.0,6W,4,1,False,1.3609192156536136,0.06434428503815037,0.9253080493677976,-0.1504981986727394,1.1126460642937073,0.7807972381208336,0.9775935631955177,0.8911089647691618,0.06539198191284279,-0.15049819867273995,DD,"H2,CAGR"
A,U56,U56k20d10,U56,10.0,6W,4,2,False,1.3100480676148674,0.07063928351650994,1.011993378189872,-0.15207123830499447,1.1283876842998664,0.9234560079815366,1.0021588478883519,1.0222183886677938,0.075199535537541,-0.15207123830499492,DD,CAGR
A,U56,U56k20d10,U56,10.0,6W,4,3,False,1.307637727803523,0.06934546647347828,1.011452087976252,-0.13878507802512674,1.131801911529228,0.9125809450215308,1.009170209639084,1.0145154205302875,0.0721207378507267,-0.13878507802512685,DD,CAGR
A,U56,U56k20d10,U56,10.0,6W,4,4,False,1.3048579596828978,0.06934519561295538,1.0094161651059026,-0.14313070574707154,1.0903395520679582,0.9425884770919125,0.9645140693865866,1.0448683175431068,0.07414401685346306,-0.14313070574707243,DD,CAGR
A,U56,U56k20d10,U56,10.0,6W,5,0,False,1.3149575543910146,0.0718636624511324,1.0540438502077811,-0.11888280223362369,1.049133728875008,1.0612613569274254,0.9136126723234433,1.1652081005191086,0.08160781550629692,-0.11888280223362369,-,CAGR
A,U56,U56k20d10,U56,10.0,6W,5,1,False,1.3260156980925402,0.07337727811120542,1.0833825663921706,-0.12070244882053272,1.0581247931030053,1.108245965729127,0.9214424578820185,1.2143306373375249,0.08366222120456368,-0.12070244882053294,-,CAGR
A,U56,U56k20d10,U56,10.0,6W,5,2,False,1.329074248407192,0.07547051503230029,1.11280033781279,-0.08160119147982325,1.0048142984338506,1.215485013992741,0.8797311884623009,1.306356172933779,0.08932927753212772,-0.08160119147982325,-,CAGR
A,U56,U56k20d10,U56,10.0,6W,5,3,False,1.290847089332234,0.07267049649184987,1.0600474312686023,-0.10612421845846653,0.8928813981688664,1.2146892915905436,0.7575649498507111,1.3035689147081069,0.09174058751022551,-0.10612421845846709,-,"H1,CAGR"
A,U56,U56k20d10,U56,10.0,6W,5,4,False,1.2960401567560274,0.07531968092453645,1.1140637607664658,-0.09886823846104009,0.9831619347089035,1.2362875970928815,0.8526052766589695,1.3262887553732594,0.09146865114458036,-0.09886823846103998,-,CAGR
A,U56,U56k20d10,U56,10.0,Q,0,0,True,0.8815552796977576,0.06553900687046643,0.8955330431471041,-0.18410294697424756,0.9439418083664921,0.8654249701209721,0.825528478001098,0.9493046036392395,0.07404740493557349,-0.18410294697424767,DD,"H1,CAGR"
A,U56,U56k20d10,U56,10.0,Q,0,1,False,0.9455704768300169,0.06348525091464552,0.8689921556863688,-0.18436154641130964,0.9233470960270859,0.8344580559229833,0.799008882383284,0.9226457721195458,0.07202349559600862,-0.1843615464113093,DD,"H1,CAGR"
A,U56,U56k20d10,U56,10.0,Q,0,2,False,0.9401952563765166,0.06497243209210612,0.8832178112099929,-0.18400671821681114,0.9020454655733031,0.8755167342107509,0.7888249345115779,0.9546772085074058,0.07454619913412697,-0.18400671821681103,DD,"H1,CAGR"
A,U56,U56k20d10,U56,10.0,Q,0,3,False,0.9379389241389693,0.06515297278241072,0.90454602687079,-0.18390993909526898,0.9875123879199122,0.8519152515457178,0.8656385475430843,0.9371990998485842,0.07278302763049926,-0.18390993909526876,DD,CAGR
A,U56,U56k20d10,U56,10.0,Q,0,4,False,0.9275319286858525,0.06336792873196528,0.8858201434685581,-0.18424675769720755,0.9733858689448123,0.8279914919982829,0.8532975502437837,0.9136207084546266,0.07021504707203086,-0.18424675769720777,DD,"H2,CAGR"
A,U56,U56k20d11,U56,10.0,D,0,0,True,7.065731849157052,0.06668434195269612,1.0358542848521455,-0.10070998017411814,0.982257028030559,1.089754715678729,0.8801449621793405,1.1718625097964814,0.07419411415216182,-0.0879477572650258,-,CAGR
A,U56,U56k20d11,U56,10.0,2D,0,0,True,5.071981449634618,0.06889881728041658,1.0664656846781713,-0.09573310340818264,1.0574257056263143,1.0752924326307731,0.9598754393074859,1.1590182724783855,0.07365920982025909,-0.08561274487927262,-,CAGR
A,U56,U56k20d11,U56,10.0,2D,1,0,False,5.054764030690398,0.07002637905984921,1.0771541105829716,-0.09195926890255501,1.009864421956282,1.144600672758228,0.9073874087949556,1.2249486512549552,0.07845200516747419,-0.07885278675733576,-,CAGR
A,U56,U56k20d11,U56,10.0,W,0,0,True,3.35246737920188,0.06935974730330541,1.0651217874927386,-0.09763267166540746,1.0445814968727072,1.0854615155208582,0.9488668979832161,1.1661302985416642,0.07471377092600284,-0.0904298655359842,-,CAGR
A,U56,U56k20d11,U56,10.0,W,0,1,False,3.218547875059634,0.07352831939013327,1.1229875442740707,-0.09604676074034679,1.07763954531406,1.1691641390293028,0.9786740617608494,1.2511241079120692,0.07998718212094191,-0.09604676074034746,-,CAGR
A,U56,U56k20d11,U56,10.0,W,0,2,False,3.223253092469493,0.0773798415318554,1.1576865695562801,-0.09363168268857902,1.1298076330696902,1.1849899082467872,1.0438966215619552,1.2548432475881561,0.08305216990800424,-0.08130174869985474,-,CAGR
A,U56,U56k20d11,U56,10.0,W,0,3,False,3.3156807933123096,0.0740829469894313,1.1172423661588908,-0.08165046402211307,1.1291693840690933,1.1051684537278188,1.0355580390289916,1.1874306195399689,0.07767682895146955,-0.08165046402211307,-,CAGR
A,U56,U56k20d11,U56,10.0,W,0,4,False,3.311560561031088,0.06778306458507899,1.0301168742916555,-0.11127776017530355,1.0091669658824736,1.0505807783041101,0.9026463181647308,1.1386775014477926,0.07436517410461185,-0.08775441160103548,-,CAGR
A,U56,U56k20d11,U56,10.0,2W,0,0,True,2.359701896907416,0.07001181795135758,1.0402184142584874,-0.10676591733119467,1.0568056719299628,1.0236881434690452,0.9596583142061959,1.1088984158176813,0.07387225583910295,-0.10218898743069593,-,CAGR
A,U56,U56k20d11,U56,10.0,2W,0,1,False,2.340919385862502,0.07457412992410939,1.0981679909079474,-0.09542785442843638,1.1062030342207614,1.0900859231917126,1.0049942899846105,1.1775035976364068,0.07921461429235244,-0.09542785442843593,-,CAGR
A,U56,U56k20d11,U56,10.0,2W,0,2,False,2.2315323360328203,0.07777689157078083,1.1278085346219664,-0.1104474247438113,1.1684665454698362,1.0893818544977507,1.078081514301599,1.1686607200356531,0.0807696146413055,-0.11044742474381175,-,CAGR
A,U56,U56k20d11,U56,10.0,2W,0,3,False,2.381389136660179,0.07387411251403209,1.0986187533138363,-0.10104184728179966,1.1370119657604292,1.0613165503872384,1.0498290569720223,1.1394354689891129,0.07621118724001819,-0.10104184728179966,-,CAGR
A,U56,U56k20d11,U56,10.0,2W,0,4,False,2.352644961643435,0.06833000102840714,1.0029296937296484,-0.12221127251157304,1.0243940035294952,0.9837759989573368,0.9274264175897105,1.063949596630805,0.07342332964501752,-0.1222112725115736,-,CAGR
A,U56,U56k20d11,U56,10.0,2W,1,0,False,2.3390057663090804,0.07486585931069833,1.131739515323987,-0.09149601900876037,1.052904648985332,1.2106015093451077,0.9496595406808255,1.2900841090245054,0.08413287707488526,-0.08499849433189144,-,CAGR
A,U56,U56k20d11,U56,10.0,2W,1,1,False,2.3132552646335576,0.07785059454647225,1.1728804468313938,-0.090660966880595,1.0706363759948512,1.2771761693684176,0.9803846765419596,1.3436493547458108,0.08723243975922124,-0.09066096688059477,-,CAGR
A,U56,U56k20d11,U56,10.0,2W,1,2,False,2.313451313818283,0.07538994994660642,1.1110948679612431,-0.09344784263730799,1.122067365174289,1.1004371305730873,1.0369110950475038,1.173270492499256,0.07926951682198702,-0.09344784263730799,-,CAGR
A,U56,U56k20d11,U56,10.0,2W,1,3,False,2.3694762006932324,0.07567604826543439,1.103835071873838,-0.0914851631825816,1.1197150541544907,1.088230847802815,1.0266592934054792,1.1688970418919122,0.07963047879410756,-0.0891448911632936,-,CAGR
A,U56,U56k20d11,U56,10.0,2W,1,4,False,2.346446161039925,0.07074997104309033,1.0456692618470118,-0.10692218657035757,1.012718626547903,1.0777316538922497,0.9137004210888152,1.1568629454363508,0.07805795943711269,-0.10692218657035713,-,CAGR
A,U56,U56k20d11,U56,10.0,M,0,0,True,1.6148455848740442,0.0788642912466,1.153029270092833,-0.09871149558109127,1.1976013695076173,1.1082106548378756,1.0949495513203331,1.2036182172064227,0.08078179376897898,-0.09871149558109105,-,CAGR
A,U56,U56k20d11,U56,10.0,M,0,1,False,1.6235470323197554,0.07666236780885627,1.1075917759303555,-0.09825635169644797,1.0587926607165916,1.1556540907301716,0.9616193275080319,1.2327669209483918,0.08451252172431656,-0.09825635169644797,-,CAGR
A,U56,U56k20d11,U56,10.0,M,0,2,False,1.6529405123915752,0.07216608432826854,0.9915825897783437,-0.15214415465954578,0.9965710121130479,0.9899329835264633,0.8988036809389698,1.0642478929272243,0.07999262445248423,-0.15214415465954567,DD,CAGR
A,U56,U56k20d11,U56,10.0,M,0,3,False,1.614418538709525,0.07374645096983556,1.012328111397298,-0.15140525918121706,0.9827408209897537,1.0420880027057426,0.882120088515333,1.1129887998431733,0.08444851594846892,-0.15140525918121694,DD,CAGR
A,U56,U56k20d11,U56,10.0,M,0,4,False,1.5611794641642853,0.07402093599104287,1.0039016509229708,-0.1747648246632817,1.0177243170412127,0.998825523429921,0.9230351829299182,1.0660207985904033,0.08304436454551745,-0.17476482466328158,DD,CAGR
A,U56,U56k20d11,U56,10.0,6W,0,0,True,1.3051613913153681,0.08062961859037099,1.1496615730439128,-0.10021239949730754,1.0791286808181577,1.2194739706189475,0.9903893117696154,1.2875011634114077,0.08914238157468346,-0.10021239949730776,-,CAGR
A,U56,U56k20d11,U56,10.0,6W,0,1,False,1.2412457320411865,0.08685818033467418,1.2296823126811915,-0.09683531122586841,1.1173573288725045,1.3400071044507926,1.0259574334416568,1.4039370672997462,0.09852641324691547,-0.09683531122586819,-,CAGR
A,U56,U56k20d11,U56,10.0,6W,0,2,False,1.2817889781086735,0.08711426215146001,1.2086781513288285,-0.11530157869027036,1.1446633788288092,1.2695092212507997,1.05428789779089,1.3335000256069431,0.09772028211806671,-0.11530157869027025,-,CAGR
A,U56,U56k20d11,U56,10.0,6W,0,3,False,1.246075006531641,0.08833463365358663,1.2460993597124035,-0.111536044450115,1.20168840898541,1.2887282598897452,1.118502469651223,1.3493451992937633,0.09705533937639954,-0.11153604445011511,-,CAGR
A,U56,U56k20d11,U56,10.0,6W,0,4,False,1.2829804777956175,0.08524402598034841,1.1767650178748446,-0.13961925283585375,1.1855556740237938,1.1730778168163487,1.1053200636059837,1.232713606250142,0.09261746593242126,-0.13961925283585364,DD,CAGR
A,U56,U56k20d11,U56,10.0,6W,1,0,False,1.2968100849329647,0.08808743065616098,1.2632070300696234,-0.10862925522778621,1.2510208469988469,1.275053723626398,1.1535372491835392,1.357661023276524,0.09339364311853271,-0.10862925522778621,-,CAGR
A,U56,U56k20d11,U56,10.0,6W,1,1,False,1.2729851401571595,0.08578645145898167,1.2431499060109472,-0.10788831299113477,1.2178626484754485,1.267915818732237,1.1200455415235655,1.3481096718424534,0.09219034959615513,-0.107888312991135,-,CAGR
A,U56,U56k20d11,U56,10.0,6W,1,2,False,1.3022287619553075,0.08520218910183286,1.1526517536760583,-0.1586628341964389,1.2276275566575645,1.0927300852596395,1.1185156103075442,1.180254989597335,0.09097947318407407,-0.15866283419643867,DD,CAGR
A,U56,U56k20d11,U56,10.0,6W,1,3,False,1.3278805170716228,0.08247831106365577,1.1155047601211456,-0.15672115190547253,1.1842834504880098,1.0600261416240473,1.077535602643571,1.1458541932302093,0.088162245867756,-0.1567211519054721,DD,CAGR
A,U56,U56k20d11,U56,10.0,6W,1,4,False,1.3554576515250245,0.07886469359266979,1.0538088201058293,-0.17740499514524477,1.193567235309019,0.9421451567024034,1.079700145501969,1.0376446909061294,0.08149519482671952,-0.17740499514524477,DD,CAGR
A,U56,U56k20d11,U56,10.0,6W,2,0,False,1.3829561969254296,0.07541336182382175,1.0130113167809593,-0.17207711552360827,1.1319658788614193,0.9134340053260008,1.0227180143364887,1.0070033186415948,0.07769852839214231,-0.17207711552360816,DD,CAGR
A,U56,U56k20d11,U56,10.0,6W,2,1,False,1.3972869391428953,0.07637212510238456,1.0282768428800373,-0.17028375657767103,1.0988873947716242,0.9680401948400738,0.9884192471205867,1.0598801586779125,0.08096663774058688,-0.17028375657767136,DD,CAGR
A,U56,U56k20d11,U56,10.0,6W,2,2,False,1.3356500669982467,0.07985947113780112,1.0776964114055119,-0.17016970629528794,1.1819919983758476,0.9896411000066495,1.084114217748652,1.0738258525113669,0.08213395603330276,-0.17016970629528783,DD,CAGR
A,U56,U56k20d11,U56,10.0,6W,2,3,False,1.369079362112129,0.0750262296522306,1.0213961292238942,-0.17104564801930122,1.1071802568641171,0.952235040130957,0.9896368620517345,1.046995608125745,0.08019100206798258,-0.17104564801930155,DD,CAGR
A,U56,U56k20d11,U56,10.0,6W,2,4,False,1.3658667337172217,0.07438225850186986,1.0125845555031154,-0.1706067794516699,1.0825975367063738,0.9573181099278237,0.9708247625795061,1.0457099130264733,0.08020042852668974,-0.17060677945166947,DD,CAGR
A,U56,U56k20d11,U56,10.0,6W,3,0,False,1.354327558563491,0.07203842087110202,0.9869988196247989,-0.17060677945166958,1.0543219048011971,0.9357404503032648,0.9431696382796627,1.0217729337380927,0.07833060847666462,-0.17060677945166947,DD,CAGR
A,U56,U56k20d11,U56,10.0,6W,3,1,False,1.3370969653162457,0.0749257345340475,1.0155225204304417,-0.17100904067794143,1.085608967654796,0.9616511009215536,0.9807294933240535,1.043617087441708,0.08073982073048058,-0.17100904067794176,DD,CAGR
A,U56,U56k20d11,U56,10.0,6W,3,2,False,1.3289879309144528,0.07291625824839687,0.9941255586786154,-0.17083157821740702,1.084758955248205,0.9201371470250216,0.9845023712225699,1.0029289234812626,0.07650620510833583,-0.1708315782174067,DD,CAGR
A,U56,U56k20d11,U56,10.0,6W,3,3,False,1.3055557788575867,0.07455323128534519,1.0136968596051774,-0.17141546843594235,1.1511690329334756,0.8987366423677801,1.0332538220903538,1.0005364862494177,0.07641743711598026,-0.1714154684359428,DD,CAGR
A,U56,U56k20d11,U56,10.0,6W,3,4,False,1.3700245757705278,0.06888706634890873,0.950409210559911,-0.17318343962100347,1.0668855099692127,0.8527723930442325,0.9614500957445646,0.9433610597550948,0.07088533040682754,-0.17318343962100347,DD,CAGR
A,U56,U56k20d11,U56,10.0,6W,4,0,False,1.395914213513545,0.06808664983262469,0.9324473013316487,-0.1713053432164624,1.1357049433279407,0.7623932392022513,1.0429821870451017,0.8515543583134639,0.06436717990214236,-0.1713053432164633,DD,"H2,OOS,CAGR"
A,U56,U56k20d11,U56,10.0,6W,4,1,False,1.348847022818481,0.07291169783461737,0.9930198071062128,-0.15878308708521838,1.1687202607626808,0.8430483547761701,1.0688443340341378,0.9365275138565443,0.07087820114614218,-0.15878308708521827,DD,CAGR
A,U56,U56k20d11,U56,10.0,6W,4,2,False,1.3149621844230621,0.07378260895048272,1.0062779609732464,-0.17276384236028108,1.1456980666452612,0.887245395595259,1.0479128467329766,0.9755051962533936,0.07374238499462771,-0.17276384236028153,DD,CAGR
A,U56,U56k20d11,U56,10.0,6W,4,3,False,1.3277650385880273,0.07597552821972653,1.0425661018112267,-0.1576431839101251,1.1938922842667743,0.9134677508978784,1.0973241289299376,1.0019337443741576,0.07529079161223651,-0.15764318391012544,DD,CAGR
A,U56,U56k20d11,U56,10.0,6W,4,4,False,1.3610045450223895,0.07251629322889563,0.9960422875747049,-0.17239157511766856,1.135274322551903,0.8751962554998298,1.036190642731723,0.9656807489692252,0.07213055241018984,-0.1723915751176679,DD,CAGR
A,U56,U56k20d11,U56,10.0,6W,5,0,False,1.3543217773654317,0.07474534065109872,1.053288477536185,-0.1387850435473147,1.0561509837749108,1.0520249732427576,0.9472137247422336,1.1383159335647395,0.08232269610287957,-0.13878504354731502,DD,CAGR
A,U56,U56k20d11,U56,10.0,6W,5,1,False,1.349761953811903,0.07835167174011026,1.1198514145636596,-0.14264041218503698,1.1060208106126845,1.133412652611307,0.9992796380017767,1.2192797128466417,0.08579288143553843,-0.14264041218503765,DD,CAGR
A,U56,U56k20d11,U56,10.0,6W,5,2,False,1.349336665169281,0.0824890528154194,1.1662208832076666,-0.10634546121325483,1.1220616578268452,1.2090700674892123,1.0241603961771963,1.285807463386749,0.09073818565565639,-0.10634546121325461,-,CAGR
A,U56,U56k20d11,U56,10.0,6W,5,3,False,1.3210105939905907,0.08447717399064536,1.1777725165702362,-0.09860381510727823,1.0571966706949911,1.294737252890375,0.9659774378487885,1.3565923399359814,0.09730256189176312,-0.09860381510727834,-,CAGR
A,U56,U56k20d11,U56,10.0,6W,5,4,False,1.3259206541311612,0.08244435344573331,1.1769561563234594,-0.10727037723574717,1.0854530852507824,1.2663752310223462,0.998866987226685,1.3284796295338668,0.09257903117820332,-0.10727037723574717,-,CAGR
A,U56,U56k20d11,U56,10.0,Q,0,0,True,0.9044204743948604,0.07322414540817168,0.947107872038393,-0.22166989811623405,1.1237514134874158,0.8061785736115458,1.029427874885946,0.8900775046318294,0.07211957842721772,-0.22166989811623405,DD,"H2,DD,CAGR"
A,U56,U56k20d11,U56,10.0,Q,0,1,False,0.9292991107872725,0.07326134341555379,0.9416057469832486,-0.22677585847855397,1.1057187805892088,0.8113697840684064,1.0052936051030825,0.8984034375663699,0.07342851840531628,-0.2267758584785522,DD,"H2,DD,CAGR"
A,U56,U56k20d11,U56,10.0,Q,0,2,False,0.9304162186335334,0.0734788978792218,0.928834215993413,-0.21526257579525898,1.0611463172074074,0.8265715099537022,0.968225754598554,0.9036591737650198,0.07536653439997809,-0.2152625757952591,DD,"H2,DD,CAGR"
A,U56,U56k20d11,U56,10.0,Q,0,3,False,0.9127515251808234,0.07575909665506497,0.9777355856463756,-0.21792803324678967,1.158652328302196,0.8473530220763392,1.0662711595366696,0.9237112426026247,0.07676985115248014,-0.21792803324679,DD,"DD,CAGR"
A,U56,U56k20d11,U56,10.0,Q,0,4,False,0.9202063762957677,0.07363829930834487,0.9523179506863206,-0.233949110759881,1.1641125474816254,0.7936161851049659,1.0742243795067148,0.8729726576207935,0.07180694273816224,-0.23394911075988079,DD,"H2,OOS,DD,CAGR"
A,U56,U56k20d12,U56,10.0,D,0,0,True,6.792279473330928,0.07950000185914652,1.1277575003744909,-0.0983003642129292,0.9680463877992865,1.272801892953467,0.8495586382970777,1.3412944262076905,0.09919890638187456,-0.08665596203066128,-,CAGR
A,U56,U56k20d12,U56,10.0,2D,0,0,True,4.934513481239503,0.08258738948216982,1.1661737913140269,-0.09984455684925941,1.0340690261595396,1.286628799615338,0.9232680957366283,1.351919263340041,0.10053847205241473,-0.0941096106245547,-,CAGR
A,U56,U56k20d12,U56,10.0,2D,1,0,False,4.967183847417323,0.08051109347802443,1.1331932056561833,-0.10099460935079818,0.9669076831694174,1.283507577276616,0.8378251013621606,1.3586255874930433,0.10162810795019506,-0.0862670310738205,-,CAGR
A,U56,U56k20d12,U56,10.0,W,0,0,True,3.2801461905059113,0.08066804207824951,1.1257951614553787,-0.10998255719902916,0.9600062064376063,1.2749197655346187,0.8476377211568223,1.3366377338745057,0.10115556751273092,-0.10998255719902938,-,CAGR
A,U56,U56k20d12,U56,10.0,W,0,1,False,3.2615592637445316,0.08431311765278404,1.1697245232106084,-0.10819519078145845,1.0241401307560687,1.3020369113950063,0.9184508739684013,1.3619597690302965,0.10310526697221922,-0.10819519078145845,-,CAGR
A,U56,U56k20d12,U56,10.0,W,0,2,False,3.283804718267158,0.0849805172234388,1.1806806847607103,-0.11366904220150131,0.9666029107010897,1.3730477413645616,0.8747488529278289,1.4143519593199285,0.10717874965854302,-0.07460985110439922,-,CAGR
A,U56,U56k20d12,U56,10.0,W,0,3,False,3.270382887650551,0.08079211852118307,1.122320859663581,-0.11156258872395353,0.9782640367720947,1.25282655441546,0.8661510602784736,1.3176324266932893,0.09981926919224549,-0.08980475231634599,-,CAGR
A,U56,U56k20d12,U56,10.0,W,0,4,False,3.25093495626293,0.08081757209202123,1.1327247401304692,-0.10431838750031985,0.9377734176272069,1.3079394881155677,0.8138814729032986,1.3754297068228,0.1035428511362344,-0.08664350690167233,-,"H1,CAGR"
A,U56,U56k20d12,U56,10.0,2W,0,0,True,2.3384521749080895,0.08285302878099254,1.1278334590440318,-0.12573660588737956,0.9396045947861823,1.2962491779416974,0.8268793465214052,1.3553466300813677,0.10541063387146044,-0.12573660588737978,-,"H1,CAGR"
A,U56,U56k20d12,U56,10.0,2W,0,1,False,2.417764083459924,0.08608135952166296,1.1607808888589095,-0.11608830688450367,1.051503338919013,1.2606719050156847,0.9417296322444726,1.3257006206812143,0.10417522080677544,-0.11608830688450356,-,CAGR
A,U56,U56k20d12,U56,10.0,2W,0,2,False,2.3214262725059656,0.08764647529060077,1.1812946103397592,-0.10656390010232808,1.0255471445661293,1.321533785183347,0.9298450526334526,1.3716290687298007,0.10754692253688791,-0.10656390010232797,-,CAGR
A,U56,U56k20d12,U56,10.0,2W,0,3,False,2.417742007950352,0.084398978186903,1.1411500575390747,-0.12358039582879443,1.0423429013921877,1.2319357790281846,0.9360589495205048,1.294579040976465,0.10186011649199034,-0.12358039582879421,-,CAGR
A,U56,U56k20d12,U56,10.0,2W,0,4,False,2.434405705570031,0.0820492576297347,1.12102914197082,-0.1135789671337778,1.0055515757047453,1.2257922737698175,0.8926594711650803,1.291449894106797,0.10065670696328777,-0.11357896713377791,-,CAGR
A,U56,U56k20d12,U56,10.0,2W,1,0,False,2.404822012746832,0.08246999196389182,1.137119079461685,-0.09945707924678582,0.9865676443581393,1.272422710528241,0.8752121655574588,1.334230275577138,0.1025703891125831,-0.0994570792467856,-,CAGR
A,U56,U56k20d12,U56,10.0,2W,1,1,False,2.360025133326809,0.08522634321495248,1.1684862977364388,-0.1099120046827392,1.0042364986687178,1.3170822580417447,0.9097181567598779,1.3664601663036642,0.10471320259712469,-0.1099120046827392,-,CAGR
A,U56,U56k20d12,U56,10.0,2W,1,2,False,2.401020653700084,0.08444728946565427,1.1558359729022953,-0.09182929540952467,0.9720136343521959,1.3210853555648896,0.8761284606132376,1.368817785055353,0.1054032499802493,-0.08185199153030387,-,CAGR
A,U56,U56k20d12,U56,10.0,2W,1,3,False,2.3675044209533107,0.08130185983659555,1.1082206414029088,-0.0998911306183996,0.9097974141952904,1.286950700027722,0.8069114345770111,1.3390611567194701,0.10331193734475974,-0.09792177007892822,-,"H1,CAGR"
A,U56,U56k20d12,U56,10.0,2W,1,4,False,2.3232745360848104,0.08115872196787666,1.1158932722932153,-0.1192568934172148,0.894893931210066,1.3132766567685916,0.7811359252619974,1.3695435068372532,0.10543208484554811,-0.10660862187558229,-,"H1,CAGR"
A,U56,U56k20d12,U56,10.0,M,0,0,True,1.6436973624080273,0.09128256538452795,1.2284570529329542,-0.10851594180017754,1.1213146828257354,1.32724944481266,1.0011095657642104,1.4027020948472093,0.10933716852974351,-0.10851594180017698,-,CAGR
A,U56,U56k20d12,U56,10.0,M,0,1,False,1.661620936129139,0.08960024113595533,1.1930988731241166,-0.12275920523644013,1.0259419582340346,1.3433968333375352,0.8982641440021776,1.4157679292648233,0.11262829177287004,-0.12275920523644013,-,CAGR
A,U56,U56k20d12,U56,10.0,M,0,2,False,1.6735116054699248,0.08542170752917078,1.1130841700816894,-0.13387385254536766,0.9994676967988959,1.2160456624142724,0.872597890909278,1.2892695723506422,0.1066145939539902,-0.13387385254536743,-,CAGR
A,U56,U56k20d12,U56,10.0,M,0,3,False,1.6825993390988134,0.08495098526520195,1.0842941041928535,-0.1562421797642427,0.9579148184922831,1.1973812672541135,0.822822910947354,1.2717206086457136,0.10879248511889017,-0.15624217976424237,DD,CAGR
A,U56,U56k20d12,U56,10.0,M,0,4,False,1.64335309609971,0.08361564018751344,1.0691555834338895,-0.16402835619039602,0.9499286415406125,1.1765138239639303,0.8163421456761643,1.248796626484567,0.10730120116762287,-0.16402835619039602,DD,"H1,CAGR"
A,U56,U56k20d12,U56,10.0,6W,0,0,True,1.298851269134115,0.09678720186760503,1.2680882898667192,-0.11807309798292231,0.9728248036765135,1.529227420599602,0.8469342629931504,1.5848923086131894,0.1289108492920168,-0.11807309798292265,-,CAGR
A,U56,U56k20d12,U56,10.0,6W,0,1,False,1.3107513052706052,0.100851896538519,1.3117708271277302,-0.11975998689815459,1.1135166852881473,1.4867185535558178,0.985770410027714,1.5511922843533756,0.12847361276641012,-0.11975998689815448,-,CAGR
A,U56,U56k20d12,U56,10.0,6W,0,2,False,1.2594219955659314,0.10082570023255388,1.313929401772396,-0.11014512153124378,1.0899849531151664,1.510259802099241,0.970232835527638,1.5658457518820361,0.12959977650117827,-0.110145121531244,-,CAGR
A,U56,U56k20d12,U56,10.0,6W,0,3,False,1.325040577379913,0.09906823891224037,1.2862342615017162,-0.13086633745793508,1.1444291928748822,1.4139583459776663,1.020889876938031,1.4808169040266108,0.12303864701156875,-0.1308663374579344,-,CAGR
A,U56,U56k20d12,U56,10.0,6W,0,4,False,1.3756079997462307,0.09309085406764894,1.2214028699863322,-0.12087814693324428,1.1139895869559404,1.3204964863901985,0.9873227084484518,1.3920182209197525,0.11499588507130998,-0.12087814693324439,-,CAGR
A,U56,U56k20d12,U56,10.0,6W,1,0,False,1.3429797825943606,0.09044597966265289,1.2043868407120946,-0.11964343021548152,1.0522103605816984,1.3406981738958776,0.9105664615035154,1.4222021488282464,0.114297081362696,-0.11964343021548152,-,CAGR
A,U56,U56k20d12,U56,10.0,6W,1,1,False,1.3284429682037437,0.08991335483314322,1.1840757491773741,-0.1331528838046191,1.0342748573061624,1.3183600806881088,0.9017331334105706,1.3940466738117698,0.11307554591800306,-0.1331528838046192,-,CAGR
A,U56,U56k20d12,U56,10.0,6W,1,2,False,1.3733604315535766,0.0901591502339647,1.156128037028292,-0.14138123908776024,0.9760233558591997,1.3129816554386553,0.8246326248195714,1.3925455293072662,0.11886167218530819,-0.1413812390877598,DD,CAGR
A,U56,U56k20d12,U56,10.0,6W,1,3,False,1.3617756768718827,0.08898632451574118,1.1189362666315463,-0.16353901354070033,0.9996356111875757,1.2269920211181704,0.8411793127261227,1.3165655806740155,0.11490907896552804,-0.16353901354070033,DD,CAGR
A,U56,U56k20d12,U56,10.0,6W,1,4,False,1.3274991090710848,0.08823863381162034,1.1079669954170002,-0.17029281188753376,1.0315645318073767,1.1816980155404369,0.8923116284406674,1.2637221443852396,0.1097919075101248,-0.17029281188753398,DD,CAGR
A,U56,U56k20d12,U56,10.0,6W,2,0,False,1.3649830121631175,0.08536327608433347,1.0616000915272994,-0.1705627938973413,0.9631367905059869,1.1521532783770132,0.8227297255940137,1.2335902641550434,0.10810168940704767,-0.1705627938973414,DD,CAGR
A,U56,U56k20d12,U56,10.0,6W,2,1,False,1.3972307241186386,0.08505457862170007,1.0746686467109388,-0.16815961778619237,1.0211348076227948,1.129256670652957,0.890051871843683,1.2094172980994968,0.10384039277328982,-0.16815961778619248,DD,CAGR
A,U56,U56k20d12,U56,10.0,6W,2,2,False,1.351333213417682,0.08730849703772314,1.09118695224276,-0.16722085295277112,1.0556491696347492,1.1313281695967214,0.9409240271589299,1.202299628060994,0.10400360293370903,-0.16722085295277134,DD,CAGR
A,U56,U56k20d12,U56,10.0,6W,2,3,False,1.382135480615422,0.08920561935648808,1.1188667603981535,-0.16810953058134448,1.0847984855408788,1.1598004590211388,0.9634346165189944,1.2332012939669323,0.10706382410227233,-0.1681095305813447,DD,CAGR
A,U56,U56k20d12,U56,10.0,6W,2,4,False,1.3811193843822305,0.08839604023375958,1.1124896116488447,-0.16835439164006138,1.0997976414032204,1.1377188721767917,1.0010838569644083,1.196706657179872,0.10383779945682603,-0.1683543916400616,DD,CAGR
A,U56,U56k20d12,U56,10.0,6W,3,0,False,1.4145708527475234,0.08548895558821568,1.0775793139328327,-0.1683543916400616,1.072061237339322,1.0990788749542055,0.9682349460361518,1.16039583583486,0.10125857882540679,-0.16835439164006172,DD,CAGR
A,U56,U56k20d12,U56,10.0,6W,3,1,False,1.4320463619052466,0.08818103425390778,1.1087516709673255,-0.1689163501527834,1.1060476322515285,1.128141006298122,1.007177715539687,1.1866029517977317,0.10357358999902377,-0.16891635015278295,DD,CAGR
A,U56,U56k20d12,U56,10.0,6W,3,2,False,1.4224854878775464,0.0869062127883331,1.1014392263677866,-0.16893383906373116,1.0543317683702296,1.154188440907398,0.9496729386312137,1.2126963416603314,0.10506595570585708,-0.16893383906373172,DD,CAGR
A,U56,U56k20d12,U56,10.0,6W,3,3,False,1.4134714533895134,0.08243616115862018,1.0365869636238978,-0.16962449695808357,1.009196007932864,1.0713532667012824,0.8930887732040875,1.1420146911001585,0.09905161490771452,-0.16962449695808368,DD,CAGR
A,U56,U56k20d12,U56,10.0,6W,3,4,False,1.3904534744845372,0.07943228380723544,1.0206999897283322,-0.1703104251306098,1.0327043354343237,1.025769805502952,0.904948322173482,1.1071079815795397,0.09431642247995775,-0.17031042513060968,DD,CAGR
A,U56,U56k20d12,U56,10.0,6W,4,0,False,1.4211194371081575,0.08265400005893597,1.05130562541873,-0.17328285387785014,1.100706601741455,1.0294170326414858,0.9588933188894667,1.1224600599873185,0.09670915861055751,-0.1732828538778498,DD,CAGR
A,U56,U56k20d12,U56,10.0,6W,4,1,False,1.4056517509417956,0.08530638319130457,1.0703703419784163,-0.16798674762262455,1.0763761699196064,1.079794174509466,0.9233549324438022,1.1784306972458312,0.1024923816743486,-0.16798674762262422,DD,CAGR
A,U56,U56k20d12,U56,10.0,6W,4,2,False,1.328342504934394,0.09122833517243967,1.1463138657372145,-0.17140689540167742,1.1478384178789596,1.1609850208160106,1.0145538348336043,1.244577928113419,0.10809721050130339,-0.17140689540167764,DD,CAGR
A,U56,U56k20d12,U56,10.0,6W,4,3,False,1.3142987061646274,0.09170657105153679,1.1595610996973513,-0.16051528630097645,1.1738450682101835,1.1638262616237989,1.0370893578984108,1.2516036851137724,0.10777718612745568,-0.1605152863009759,DD,CAGR
A,U56,U56k20d12,U56,10.0,6W,4,4,False,1.341480791245857,0.09036748434673236,1.147611946075431,-0.16685487302780466,1.130915065844242,1.1742231085001087,1.0017660952025509,1.2556923619687101,0.10736380955047387,-0.16685487302780422,DD,CAGR
A,U56,U56k20d12,U56,10.0,6W,5,0,False,1.3464948842435582,0.0910340568405621,1.1718298167570738,-0.13705332261290393,1.0601238466236156,1.2738138283822222,0.9315191878889335,1.3472942038401798,0.11315653314207919,-0.13705332261290382,-,CAGR
A,U56,U56k20d12,U56,10.0,6W,5,1,False,1.3343858206180998,0.09367009417442196,1.2134359157810106,-0.13893200250177573,1.0405823805114303,1.3668685082634346,0.9042917083415538,1.4421588990004441,0.11934224194071863,-0.13893200250177584,DD,CAGR
A,U56,U56k20d12,U56,10.0,6W,5,2,False,1.3245356368921293,0.10099559173618333,1.3198363177328083,-0.09816536212760718,1.1140687688169577,1.5054068338703608,0.9987304364589977,1.5660579239455712,0.12605530637082407,-0.09816536212760685,-,CAGR
A,U56,U56k20d12,U56,10.0,6W,5,3,False,1.3102498004676661,0.09919019531255291,1.2902968494945724,-0.10124512440497069,1.0339947863058838,1.5198648573676874,0.900712922538343,1.5878740876843498,0.1289732772879797,-0.09955752046748345,-,CAGR
A,U56,U56k20d12,U56,10.0,6W,5,4,False,1.3316558800169194,0.09605730442840144,1.2682783478714672,-0.09977824519556255,0.9813825463494211,1.5226473089096597,0.8499311377961096,1.5836124799938938,0.12765721796905094,-0.09923891771785154,-,CAGR
A,U56,U56k20d12,U56,10.0,Q,0,0,True,0.9509888029579853,0.08519985582984524,1.0147620535613455,-0.19467751789131882,0.9757160266982532,1.060703002634666,0.8599775521346316,1.1270384345646287,0.10436265590581373,-0.19467751789131948,DD,CAGR
A,U56,U56k20d12,U56,10.0,Q,0,1,False,0.959267520429569,0.085877097291579,1.0114439456571085,-0.19506598747656612,0.9920053902195699,1.0460197566042255,0.8730195159965477,1.1128516658942003,0.1054569563733383,-0.1950659874765659,DD,CAGR
A,U56,U56k20d12,U56,10.0,Q,0,2,False,0.9543527604954839,0.08811275922166883,1.0247645884356869,-0.19468545045073715,0.998077967474977,1.0636398663787485,0.8794390241978857,1.130735967392896,0.10804827923316229,-0.19468545045073737,DD,CAGR
A,U56,U56k20d12,U56,10.0,Q,0,3,False,0.9329589143461465,0.09065582257446714,1.076752586342778,-0.19444367491599746,1.0916744135271057,1.0898782465567278,0.9557196784294386,1.1683836903526372,0.11029191112285441,-0.19444367491599768,DD,CAGR
A,U56,U56k20d12,U56,10.0,Q,0,4,False,0.9253821568608479,0.08996922920587114,1.0818933458956597,-0.18949438053184442,1.0865282839083654,1.0984806620983647,0.9693433423782198,1.167541849026719,0.10797118999134825,-0.1894943805318443,DD,CAGR
A,U56,U56k20d13,U56,10.0,D,0,0,True,6.870726062241669,0.07448931825536365,1.0840552389104219,-0.09752969158057279,1.0382273842260212,1.1278071785106478,0.8737464810342271,1.2500921575681023,0.08861625752795055,-0.09252503431059889,-,CAGR
A,U56,U56k20d13,U56,10.0,2D,0,0,True,5.042567101213754,0.07671278099244527,1.1068243533392723,-0.10199405968484165,1.1012958677863505,1.114164530750753,0.9425833817291248,1.2354231370494326,0.08855601305482907,-0.10199405968484188,-,CAGR
A,U56,U56k20d13,U56,10.0,2D,1,0,False,4.900388696864668,0.08007229936883298,1.1547655671829813,-0.08329742045957689,1.0866030910785303,1.21905808917565,0.9185296594719011,1.3408151070151346,0.09610972681079688,-0.08286117283909333,-,CAGR
A,U56,U56k20d13,U56,10.0,W,0,0,True,3.303120110193979,0.0807152901849979,1.1518076437325822,-0.10405614318742717,1.1290316135400356,1.1750228566583598,0.9669968439499667,1.296210303658799,0.09411376782397829,-0.1040561431874274,-,CAGR
A,U56,U56k20d13,U56,10.0,W,0,1,False,3.2851473660583546,0.08213863942828015,1.172053146276669,-0.09912752487504595,1.1162537183878105,1.2250957815167638,0.9473104374988034,1.3483010677386462,0.09784754689846165,-0.09912752487504572,-,CAGR
A,U56,U56k20d13,U56,10.0,W,0,2,False,3.302972796594421,0.08289185554466072,1.160662484539885,-0.0855090780863974,1.1060318441292325,1.2127553397932775,0.9473314628182605,1.3260402411944516,0.09864501508512946,-0.08550907808639752,-,CAGR
A,U56,U56k20d13,U56,10.0,W,0,3,False,3.2624124175622584,0.08151148207177417,1.1421525757205033,-0.09450500988795107,1.1415605931820936,1.1455485439963218,0.9766172099165287,1.2713047259654788,0.09404096877077306,-0.09450500988795152,-,CAGR
A,U56,U56k20d13,U56,10.0,W,0,4,False,3.233763318444419,0.07595172509566672,1.0751621618534488,-0.10943352910023729,1.0941897544078594,1.0608432161391423,0.926566083688255,1.1909656260750345,0.08721770882070712,-0.09682330434084785,-,CAGR
A,U56,U56k20d13,U56,10.0,2W,0,0,True,2.391937017593342,0.07883628876951532,1.0887910487032233,-0.11302037568523382,1.0809093195903317,1.0993206590481512,0.9156164601810551,1.2223425834520623,0.09237594715133346,-0.11302037568523449,-,CAGR
A,U56,U56k20d13,U56,10.0,2W,0,1,False,2.394002606521569,0.08234650863382975,1.1279073795642476,-0.10141416061577457,1.1606513493096613,1.1037592404230763,0.9884256235312359,1.2349389463856637,0.09442572772039903,-0.10141416061577502,-,CAGR
A,U56,U56k20d13,U56,10.0,2W,0,2,False,2.4077941904926825,0.08440999986651998,1.1279702376600218,-0.12129763804774063,1.1480071018965092,1.1190177255805143,0.9830404701354041,1.2369055314293596,0.09855166519548164,-0.12129763804774096,-,CAGR
A,U56,U56k20d13,U56,10.0,2W,0,3,False,2.4200987423142495,0.08408357508766717,1.1668446363976068,-0.10270580417331066,1.1248660694136805,1.2080623453523223,0.9578181798020602,1.3271726045311723,0.10020073999059509,-0.1027058041733101,-,CAGR
A,U56,U56k20d13,U56,10.0,2W,0,4,False,2.4054550633549145,0.07999724760213955,1.104394245393611,-0.12364240958844974,1.1341224775320875,1.0825243886559288,0.9709788396758794,1.2071218377317747,0.09134894816484884,-0.12364240958844952,-,CAGR
A,U56,U56k20d13,U56,10.0,2W,1,0,False,2.380239822240559,0.08295555435360003,1.1714879806390943,-0.09399126517946066,1.1303126805454329,1.211146232268046,0.9665275951882194,1.3335182834744115,0.09732001955070158,-0.09399126517946044,-,CAGR
A,U56,U56k20d13,U56,10.0,2W,1,1,False,2.380033286035757,0.08554451737140711,1.202322106271429,-0.09933598420089162,1.124727314992828,1.2754491896638294,0.969920831627395,1.3866452914696246,0.10162204210816794,-0.09933598420089229,-,CAGR
A,U56,U56k20d13,U56,10.0,2W,1,2,False,2.4416606372639715,0.08051613209509423,1.1136518225369993,-0.09450235768547632,1.175141520720217,1.0613019241882038,1.0299023875231184,1.1793398794840817,0.0880413015283974,-0.09450235768547777,-,CAGR
A,U56,U56k20d13,U56,10.0,2W,1,3,False,2.3807326061241527,0.07945189666515318,1.0791688816292757,-0.10531691973875001,1.1395839925453204,1.0276377611719087,0.9802155426744734,1.1566337128827198,0.08800347563575239,-0.10531691973875001,-,CAGR
A,U56,U56k20d13,U56,10.0,2W,1,4,False,2.3552061155571153,0.07656329009334328,1.0564574296872835,-0.12273024792115017,1.1166264536220407,1.0062264978565663,0.9639574994481166,1.1284402281492374,0.08489182998870737,-0.12273024792115017,-,CAGR
A,U56,U56k20d13,U56,10.0,M,0,0,True,1.640764683225949,0.08684530168822735,1.1724938182398927,-0.10841451825454473,1.1738761206352848,1.1728500509138442,1.0095009853343664,1.302487628583051,0.09883843342477583,-0.10841451825454496,-,CAGR
A,U56,U56k20d13,U56,10.0,M,0,1,False,1.6884338520074478,0.08545980942049747,1.1437237069282913,-0.11460025915808636,1.0789013736871704,1.2048795778857841,0.908907557287547,1.3278778500227104,0.10287179258647994,-0.11460025915808669,-,CAGR
A,U56,U56k20d13,U56,10.0,M,0,2,False,1.7177958620953788,0.07589910503552533,1.0048192187025873,-0.1338861531083705,1.0149429698404742,1.0028954865975248,0.8438992251475192,1.1252452270685709,0.09042382061315934,-0.1338861531083707,-,CAGR
A,U56,U56k20d13,U56,10.0,M,0,3,False,1.7615117145892631,0.07383226788748853,0.954826364279331,-0.15519395344680242,0.9156298277649167,0.9958134513936789,0.7373309922914209,1.112842641682479,0.0930913490212284,-0.15519395344680276,DD,"H1,CAGR"
A,U56,U56k20d13,U56,10.0,M,0,4,False,1.6611225054298802,0.07242132680365176,0.9356135663296276,-0.17254133856163145,0.9559859344206517,0.9311446825198533,0.7912496881656156,1.040956924588416,0.08776871114037821,-0.1725413385616319,DD,"H1,CAGR"
A,U56,U56k20d13,U56,10.0,6W,0,0,True,1.3965350679355135,0.08936108626736772,1.181400879859832,-0.11523725755878678,1.1284871483109113,1.2320505704720413,0.982933066455722,1.3357877822662687,0.10505817395062556,-0.11523725755878633,-,CAGR
A,U56,U56k20d13,U56,10.0,6W,0,1,False,1.331520463372538,0.09398402917661763,1.2375446072372405,-0.11266502786465771,1.1755160735821422,1.2965892657777378,1.0269552795041657,1.400331864037197,0.11100365164016002,-0.11266502786465737,-,CAGR
A,U56,U56k20d13,U56,10.0,6W,0,2,False,1.3360040045383048,0.09605368202996645,1.2308962272499364,-0.13545431803074592,1.1712809514562896,1.2898847525665311,1.028375149904308,1.3816452898631149,0.11532380307319512,-0.1354543180307458,-,CAGR
A,U56,U56k20d13,U56,10.0,6W,0,3,False,1.339206974167582,0.09734476547187998,1.2879134261098462,-0.11653316287496851,1.1885358758836368,1.3805063458234093,1.0490328423992978,1.4744655179866049,0.1157756334251745,-0.1165331628749684,-,CAGR
A,U56,U56k20d13,U56,10.0,6W,0,4,False,1.3422539718671946,0.09267612575329265,1.2263836393769163,-0.12373012119459603,1.2620842563158885,1.2030898416625178,1.1221275340025436,1.3063843218499849,0.10426358835814775,-0.12373012119459614,-,CAGR
A,U56,U56k20d13,U56,10.0,6W,1,0,False,1.3792898305317254,0.09256666509652711,1.2450763387636146,-0.11914063207812109,1.2926013349700285,1.2036130645658818,1.1445703235828717,1.3247849255131905,0.1009533178798796,-0.11914063207812142,-,CAGR
A,U56,U56k20d13,U56,10.0,6W,1,1,False,1.33564427125606,0.08996095910970903,1.2089376444245747,-0.12367095142713525,1.2374762198180247,1.1869888303703002,1.0883542286405161,1.3028305735219272,0.10060452176811552,-0.12367095142713502,-,CAGR
A,U56,U56k20d13,U56,10.0,6W,1,2,False,1.3396222529662782,0.08995069778338927,1.1604997834018294,-0.13921118934627796,1.1880123983022655,1.1456169104654281,1.02373503499341,1.2636306621769042,0.1042639873565101,-0.13921118934627774,DD,CAGR
A,U56,U56k20d13,U56,10.0,6W,1,3,False,1.3459700745477599,0.08693719735011074,1.0937141409574045,-0.16012067093023963,1.1339081604961088,1.0715776633621124,0.9672175108658937,1.1883995684437245,0.10165110641756914,-0.16012067093023974,DD,CAGR
A,U56,U56k20d13,U56,10.0,6W,1,4,False,1.374302535187634,0.08383467885584506,1.0419789661152958,-0.17513424282070045,1.1148361345731028,0.997547140896516,0.9543354345226355,1.1093129550917196,0.09688605469638922,-0.175134242820701,DD,CAGR
A,U56,U56k20d13,U56,10.0,6W,2,0,False,1.393044069473634,0.08610461725777507,1.058160396326261,-0.17434816916013696,1.1306289607039977,1.0153468394475686,0.9745844860719785,1.1229392264428486,0.09936864999012718,-0.17434816916013707,DD,CAGR
A,U56,U56k20d13,U56,10.0,6W,2,1,False,1.3901988459627408,0.0854326182361036,1.0507508535600287,-0.17308124868591823,1.1027250323688862,1.0221289661725264,0.9433440549595618,1.131663500299496,0.09970747829834292,-0.173081248685918,DD,CAGR
A,U56,U56k20d13,U56,10.0,6W,2,2,False,1.3683793500882897,0.08667578225482453,1.0727520180794239,-0.17175662017856597,1.1962133428279293,0.9891636283993531,1.0511842891902277,1.0950295741100686,0.0956721558041711,-0.17175662017856563,DD,CAGR
A,U56,U56k20d13,U56,10.0,6W,2,3,False,1.4037066568299188,0.08573615516641575,1.0705697562013388,-0.17226835482724923,1.123261654755228,1.0446668730993254,0.9555729204863725,1.1568613156379828,0.10115082104713702,-0.17226835482724923,DD,CAGR
A,U56,U56k20d13,U56,10.0,6W,2,4,False,1.3944700450324448,0.08400470219994682,1.0423825275797203,-0.1722214194206234,1.0996481135477738,1.0100900050319244,0.9404974745362941,1.1194394310191056,0.09782094826118382,-0.17222141942062352,DD,CAGR
A,U56,U56k20d13,U56,10.0,6W,3,0,False,1.4289876358303424,0.08230256786435763,1.0294536268460102,-0.1722214194206234,1.1207524813468994,0.9732528403605628,0.9655108630877528,1.0809253376287928,0.09413249327792506,-0.17222141942062363,DD,CAGR
A,U56,U56k20d13,U56,10.0,6W,3,1,False,1.411144984668781,0.08389318808488166,1.0483476988589808,-0.172790470223125,1.1295449059411193,1.0008600659537121,0.9725358589059606,1.1081081623571347,0.09679296279379423,-0.17279047022312477,DD,CAGR
A,U56,U56k20d13,U56,10.0,6W,3,2,False,1.3943509845752415,0.07997113065193306,0.9993019461885607,-0.1725845840605702,1.1734141497084603,0.8801325350148683,1.0221408192046872,0.9926378313214603,0.08631266397085824,-0.17258458406056987,DD,CAGR
A,U56,U56k20d13,U56,10.0,6W,3,3,False,1.3603464660447153,0.08346248013457003,1.0355845648263662,-0.17300762667590952,1.2571610188189695,0.8753976143816175,1.0870808046150078,1.0084270059398532,0.0877350144506055,-0.17300762667590963,DD,CAGR
A,U56,U56k20d13,U56,10.0,6W,3,4,False,1.4330848832681957,0.07598894701479209,0.9573302892947858,-0.173947690137348,1.1991972513583677,0.7845749571527535,1.044496386973098,0.907333438830988,0.0779218748144177,-0.1739476901373478,DD,"H2,CAGR"
A,U56,U56k20d13,U56,10.0,6W,4,0,False,1.430877156513898,0.0764521570529555,0.9595994205179881,-0.17076711994882898,1.1822772409183346,0.8034890641449548,1.0257800115353979,0.9244605931498435,0.07998660469951968,-0.17076711994882932,DD,"H2,CAGR"
A,U56,U56k20d13,U56,10.0,6W,4,1,False,1.4101238238770757,0.0779182852208622,0.9741371057996079,-0.1660968439884254,1.194311146432231,0.822815976583973,1.0190777136748128,0.9544235407903494,0.08334387880852545,-0.1660968439884254,DD,"H2,CAGR"
A,U56,U56k20d13,U56,10.0,6W,4,2,False,1.376357872140168,0.08478232842844347,1.0445815053364644,-0.1664483378907634,1.1835781600431703,0.9578338735798048,1.0148616065950926,1.075211611989529,0.0959839754878773,-0.16644833789076363,DD,CAGR
A,U56,U56k20d13,U56,10.0,6W,4,3,False,1.3835320131841533,0.08561336797642949,1.0859351172584606,-0.15851826506632882,1.1877885795672136,1.020663918922264,1.0149971831018554,1.142512534049906,0.09807707287642042,-0.1585182650663285,DD,CAGR
A,U56,U56k20d13,U56,10.0,6W,4,4,False,1.4170152569531558,0.07984869681102746,1.0180990322221386,-0.1780317173016731,1.1809309452407517,0.8980351459585622,1.025373520451692,1.0189156839124103,0.08568193448320449,-0.178031717301673,DD,CAGR
A,U56,U56k20d13,U56,10.0,6W,5,0,False,1.4344004056713566,0.07935301466648892,1.025750886180978,-0.16249462471633147,1.0507877124926133,1.0145544406427514,0.8822221279619166,1.1322616049362062,0.09415491060235537,-0.16249462471633103,DD,CAGR
A,U56,U56k20d13,U56,10.0,6W,5,1,False,1.4437977064186949,0.08399403020533236,1.1042182791868027,-0.16311930262708607,1.1152895123515643,1.1019362182970782,0.9516596246815837,1.219064358085332,0.09844856318879591,-0.16311930262708596,DD,CAGR
A,U56,U56k20d13,U56,10.0,6W,5,2,False,1.4419638258771275,0.08785360257167563,1.1559516249444328,-0.1200972871258037,1.1679073787304692,1.1498528377820378,1.0171726579657614,1.2631432012045307,0.10013669719498841,-0.12009728712580359,-,CAGR
A,U56,U56k20d13,U56,10.0,6W,5,3,False,1.4237465586229634,0.08847572168503093,1.1500081434056677,-0.12259296447654511,1.0906651601980655,1.2064352811371695,0.9392941696555627,1.3126263987155744,0.10552337386507826,-0.12259296447654533,-,CAGR
A,U56,U56k20d13,U56,10.0,6W,5,4,False,1.3804644188874486,0.08779017184102011,1.1618513697160857,-0.13593053470920946,1.1397598813181185,1.185336599615131,0.9964919951411875,1.2898630415861703,0.101528053413938,-0.13593053470921013,-,CAGR
A,U56,U56k20d13,U56,10.0,Q,0,0,True,0.8912536913437356,0.0794373121414873,0.9456286445733696,-0.21714590112597865,1.1707050551811973,0.772898508637735,1.0395961786133319,0.8839820206418938,0.07868748486061494,-0.21714590112597876,DD,"H2,DD,CAGR"
A,U56,U56k20d13,U56,10.0,Q,0,1,False,0.9220442806137853,0.07970151627043576,0.9560397784729359,-0.21756206166003267,1.1778374737162798,0.7895351651556166,1.0284957017902447,0.9114223593995558,0.08114690275973202,-0.21756206166003245,DD,"H2,DD,CAGR"
A,U56,U56k20d13,U56,10.0,Q,0,2,False,0.9335655603349442,0.07889486409850921,0.9353610865656953,-0.217774175038022,1.1424699104790683,0.7803204503510317,1.0053998238543638,0.8920377868869678,0.08026900608821763,-0.21777417503802177,DD,"H2,DD,CAGR"
A,U56,U56k20d13,U56,10.0,Q,0,3,False,0.926641831624171,0.08234467191097483,0.9849865605837628,-0.21776102154188304,1.204526651840765,0.8348244104795451,1.0618981770899674,0.9440873288341047,0.08592058205562592,-0.21776102154188304,DD,"DD,CAGR"
A,U56,U56k20d13,U56,10.0,Q,0,4,False,0.9002777046715794,0.08036988673640799,0.9703639688720106,-0.21836095593651994,1.1899639433514069,0.8171427889694044,1.0606587677379544,0.918817596136998,0.08240114138062693,-0.21836095593652038,DD,"H2,DD,CAGR"
A,U56,U56k20d14,U56,10.0,D,0,0,True,6.998238643604311,0.04951706514820531,0.8636265762753957,-0.10299253248760387,0.8800252237745068,0.851008788623852,0.7139430345425065,0.980553290297673,0.05814753975505682,-0.09121760104766818,-,"H1,CAGR"
A,U56,U56k20d14,U56,10.0,2D,0,0,True,4.899426070527571,0.0540052553280046,0.9335033966881124,-0.09273596776919912,0.9721653360678937,0.9020199865778574,0.8040173558202046,1.0338837104592347,0.06208789286164529,-0.09273596776919757,-,CAGR
A,U56,U56k20d14,U56,10.0,2D,1,0,False,5.066916982974098,0.053779449378446254,0.9301597530334272,-0.09466486281128961,0.9739233421784106,0.8933694222537633,0.8188032595509349,1.0171439098271777,0.060762007795821305,-0.09466486281128805,-,CAGR
A,U56,U56k20d14,U56,10.0,W,0,0,True,3.1964429115101987,0.057635262179874136,0.9876700532864939,-0.10243815159450942,1.0177772213268335,0.9633496360589869,0.862255139811979,1.0855623362922826,0.06549707533776061,-0.10243815159450942,-,CAGR
A,U56,U56k20d14,U56,10.0,W,0,1,False,3.2097644414878252,0.05792729140990183,0.9880467504806781,-0.09823277973859867,1.0722746295656047,0.9165975443079035,0.9120374671404959,1.0473335520123028,0.06361640963301674,-0.09823277973859856,-,CAGR
A,U56,U56k20d14,U56,10.0,W,0,2,False,3.2535363849774854,0.060194448005636,1.0105819032859424,-0.08110751983895237,1.0465218143287387,0.9823157457336528,0.8901620567743033,1.1038246099705422,0.06832816381615459,-0.08110751983895004,-,CAGR
A,U56,U56k20d14,U56,10.0,W,0,3,False,3.1951193602183143,0.05862055761036822,0.9894450001511004,-0.09166692121546371,1.0515838827045838,0.9372358069360529,0.8997505600621912,1.0593560947174314,0.06498345317917442,-0.09166692121546405,-,CAGR
A,U56,U56k20d14,U56,10.0,W,0,4,False,3.1828769103264025,0.05531028296503315,0.9436998636286105,-0.09419162093448674,0.9954390565856044,0.9014186675202147,0.8277469215727018,1.0332437935126741,0.06302292425128786,-0.09138654019296266,-,CAGR
A,U56,U56k20d14,U56,10.0,2W,0,0,True,2.2105701502191253,0.06081777238377328,1.0094516232309094,-0.11084906889689783,1.015360343605705,1.0076808630131389,0.8657068453822439,1.1206817173678087,0.0701968321198283,-0.11084906889689783,-,CAGR
A,U56,U56k20d14,U56,10.0,2W,0,1,False,2.261680192933327,0.05991653435973765,0.9852523545212878,-0.1063826372002521,1.0445432239334267,0.9389025392408202,0.8855996087131711,1.0616889891571806,0.06766892735128938,-0.10638263720025198,-,CAGR
A,U56,U56k20d14,U56,10.0,2W,0,2,False,2.3277592216129706,0.06286168066401676,1.0178034558075757,-0.11446059549303511,1.1038729145337776,0.9506620723957537,0.9587829225987707,1.063903568199517,0.0690944773820803,-0.11446059549303489,-,CAGR
A,U56,U56k20d14,U56,10.0,2W,0,3,False,2.302487540077566,0.061401950390244764,1.0147360765641877,-0.10830617495677686,1.0535948263630628,0.9864613553030681,0.8989669655161036,1.1031614877838112,0.07009163700370258,-0.10830617495677752,-,CAGR
A,U56,U56k20d14,U56,10.0,2W,0,4,False,2.2972836778244368,0.059809870114780894,0.9863365237958356,-0.12797021613727078,1.0494178578773605,0.940321181986268,0.895755818795185,1.0554000337815548,0.06780288531167455,-0.12797021613727066,-,CAGR
A,U56,U56k20d14,U56,10.0,2W,1,0,False,2.268803747744214,0.06348215107212885,1.0809724065802884,-0.08533971361988468,1.100492518198341,1.0653386566320708,0.9479619843867981,1.186022006308718,0.07154636348392351,-0.08533971361988424,-,CAGR
A,U56,U56k20d14,U56,10.0,2W,1,1,False,2.2923526709587563,0.06180197632550399,1.0424995912245603,-0.10035680888258203,1.1008315348356679,0.9930784287156689,0.9594982057414109,1.1075803195965779,0.06772872744428571,-0.10035680888258203,-,CAGR
A,U56,U56k20d14,U56,10.0,2W,1,2,False,2.297044746419975,0.05989649458358248,0.9926793798327409,-0.08276597650777107,1.048648264776835,0.9467893866211385,0.8991646608532586,1.0653095360494815,0.06672345510538946,-0.08276597650777229,-,CAGR
A,U56,U56k20d14,U56,10.0,2W,1,3,False,2.2626390044673146,0.06107114053085061,1.0054755429882032,-0.09256844849942447,1.0822667892464672,0.940679870408086,0.9373269937542227,1.0587992139555338,0.06654225026912353,-0.09256844849942447,-,CAGR
A,U56,U56k20d14,U56,10.0,2W,1,4,False,2.2058259182879696,0.05884936114722672,0.9826738168546939,-0.1010857692416931,1.0524816580515135,0.924164474106834,0.8990364214174452,1.047811896182988,0.06503896871896808,-0.1010857692416931,-,CAGR
A,U56,U56k20d14,U56,10.0,M,0,0,True,1.5762691593381433,0.06847698873895625,1.1197451189864454,-0.09705213396586787,1.2232142140825693,1.0263246630725498,1.0935248890618805,1.1407325550314644,0.07088840539862762,-0.09705213396586809,-,CAGR
A,U56,U56k20d14,U56,10.0,M,0,1,False,1.621043855584907,0.06799930191267145,1.0956846365700328,-0.12485899037102577,1.1544896856390199,1.0457699480794627,1.0104596540771382,1.1626943156540177,0.07430540907667615,-0.12485899037102555,-,CAGR
A,U56,U56k20d14,U56,10.0,M,0,2,False,1.674280670974333,0.06110141271169467,0.9536393928386223,-0.14783208782002155,1.0709674259704647,0.8630675829235407,0.925849764485864,0.9770156245256458,0.06621471396713052,-0.14783208782002166,DD,CAGR
A,U56,U56k20d14,U56,10.0,M,0,3,False,1.6605888514424123,0.06152560102976601,0.9653918255738291,-0.14663844639970824,1.0476205450661564,0.9069693345622137,0.8901058485428014,1.0232570593801065,0.06965297252688019,-0.14663844639970824,DD,CAGR
A,U56,U56k20d14,U56,10.0,M,0,4,False,1.5946740079567536,0.058993834716322135,0.9107474870673047,-0.1641202753963502,0.9840186052579479,0.8643851300993459,0.8334174247403827,0.970026155818774,0.06799891510067879,-0.16412027539635032,DD,CAGR
A,U56,U56k20d14,U56,10.0,6W,0,0,True,1.2620726478972482,0.07273791482764724,1.1439852828529986,-0.12037109692192582,1.0586118551441615,1.2232874235313447,0.9136716218799025,1.318291430629192,0.08840272202939348,-0.12037109692192582,-,CAGR
A,U56,U56k20d14,U56,10.0,6W,0,1,False,1.2479121245502127,0.07337506826365714,1.1485045450305436,-0.11840705562834264,1.1164510022765268,1.181889486833449,0.9757419733440849,1.2801531869517995,0.08591721593296353,-0.11840705562834297,-,CAGR
A,U56,U56k20d14,U56,10.0,6W,0,2,False,1.2475759793867396,0.0744953402637385,1.1546351179183865,-0.12628862609680214,1.1490780366416675,1.1680467197626356,1.0129321490800762,1.2612888096138364,0.08656772451384587,-0.1262886260968018,-,CAGR
A,U56,U56k20d14,U56,10.0,6W,0,3,False,1.2463123275556522,0.07398896125642285,1.1590627565804437,-0.12737954934878992,1.1582014994022514,1.1668361055747678,1.0223893955691228,1.2628705419804362,0.08509520128777703,-0.12737954934879026,-,CAGR
A,U56,U56k20d14,U56,10.0,6W,0,4,False,1.3127644616775203,0.06753143267799278,1.044388216960912,-0.1457326827701675,1.1427776029438101,0.976793785658664,1.0024908634188736,1.0795694409057766,0.07500058069978799,-0.1457326827701676,DD,CAGR
A,U56,U56k20d14,U56,10.0,6W,1,0,False,1.3183214250493558,0.06724865546637648,1.11147686952084,-0.10077061238907847,1.152451805318011,1.074444662500551,1.0101061174577495,1.1932382489603222,0.07324683415813205,-0.10077061238907903,-,CAGR
A,U56,U56k20d14,U56,10.0,6W,1,1,False,1.3081026866991419,0.0653425910190828,1.0575699078348975,-0.1267138083820415,1.1721395256369567,0.9590931511220977,1.03067893929767,1.0791711884381445,0.06877678049376512,-0.12671380838204171,-,CAGR
A,U56,U56k20d14,U56,10.0,6W,1,2,False,1.3088857251432375,0.06728361705064034,1.042636716717056,-0.14828186179938763,1.188490295835338,0.9360041251236232,1.0456531700088043,1.0461587643476993,0.07226251637712133,-0.1482818617993874,DD,CAGR
A,U56,U56k20d14,U56,10.0,6W,1,3,False,1.316178294809024,0.06483567855679051,1.0114661737796224,-0.14675055045954943,1.1653430502126518,0.8988557387224541,1.0124536976726184,1.0165416689427857,0.06986154316297455,-0.1467505504595491,DD,CAGR
A,U56,U56k20d14,U56,10.0,6W,1,4,False,1.2964021486605612,0.06367011359289965,0.9727601858521746,-0.16651506625104207,1.1523847315914488,0.84428002361548,1.0025921504759743,0.959292162013506,0.06771018497755499,-0.16651506625104207,DD,CAGR
A,U56,U56k20d14,U56,10.0,6W,2,0,False,1.3096587392131955,0.06493496523432962,0.9751117876666892,-0.17148085392515977,1.1527766327902957,0.8486763580867366,1.0149347276148126,0.9548504200694238,0.06853668009898506,-0.17148085392516033,DD,CAGR
A,U56,U56k20d14,U56,10.0,6W,2,1,False,1.3279978570527133,0.06288830314932414,0.9565025780850572,-0.17112382010249294,1.081154096927529,0.8713472828329224,0.9321776399830313,0.9799943359173782,0.06969755280516443,-0.17112382010249316,DD,CAGR
A,U56,U56k20d14,U56,10.0,6W,2,2,False,1.3139865056663789,0.06643913345213237,0.9981854058288664,-0.16964091578269502,1.1356129848098002,0.9035302051696013,0.9897729169671337,1.0110070653277987,0.0727054575279209,-0.16964091578269525,DD,CAGR
A,U56,U56k20d14,U56,10.0,6W,2,3,False,1.2924861261415168,0.06844834303697689,1.032095073795202,-0.16998354627600898,1.1828882091164619,0.9318736759572053,1.0475272768487482,1.0307398546155897,0.07435333445203263,-0.16998354627600898,DD,CAGR
A,U56,U56k20d14,U56,10.0,6W,2,4,False,1.3149792489133663,0.06556729189423982,0.9960387900570699,-0.1697763359015535,1.13466515398301,0.9046345077739792,0.9915245667701109,1.0077825839569163,0.0722315010979282,-0.1697763359015535,DD,CAGR
A,U56,U56k20d14,U56,10.0,6W,3,0,False,1.3265992408438434,0.06290728999222317,0.9539059681865518,-0.1697763359015536,1.1538510661099326,0.8182259936189431,1.0131769787538578,0.9241487812677429,0.06642723208472101,-0.1697763359015535,DD,"H2,CAGR"
A,U56,U56k20d14,U56,10.0,6W,3,1,False,1.3468755677701136,0.06088794478489912,0.9211244929385646,-0.16965571762544862,1.131638505099458,0.7784189527936715,0.997551571752213,0.8804255579431256,0.06347096952595321,-0.16965571762544895,DD,"H2,OOS,CAGR"
A,U56,U56k20d14,U56,10.0,6W,3,2,False,1.3224859575032513,0.05896639321648145,0.8910710763467653,-0.1695848624656715,1.0852531525724933,0.7571777084313575,0.9345824479390265,0.8702520382223412,0.06259833801968884,-0.16958486246567117,DD,"H2,OOS,CAGR"
A,U56,U56k20d14,U56,10.0,6W,3,3,False,1.3021663899970193,0.06158883942300908,0.927140363793134,-0.17027176404140898,1.1268579670853114,0.7864456566873451,0.9762464321400596,0.901606074447858,0.06481761339051406,-0.1702717640414091,DD,"H2,CAGR"
A,U56,U56k20d14,U56,10.0,6W,3,4,False,1.3403706137532068,0.05638435406286835,0.8641839222548378,-0.1724786232901897,1.0779403050387488,0.714422724678032,0.941544870156957,0.8203563569817973,0.05800722959602189,-0.17247862329018993,DD,"H2,OOS,CAGR"
A,U56,U56k20d14,U56,10.0,6W,4,0,False,1.3431792309854147,0.058627018212858095,0.8944215420252241,-0.1693187911279418,1.1091982579942876,0.7434851802569244,0.9756786631212935,0.8480952826613053,0.06022618630459409,-0.16931879112794224,DD,"H2,OOS,CAGR"
A,U56,U56k20d14,U56,10.0,6W,4,1,False,1.3303174255208985,0.06229197353246363,0.936570329056987,-0.16594914509867797,1.1555026147165193,0.7861370939780372,1.0045342773795245,0.9007594638792046,0.06522599902474413,-0.16594914509867797,DD,"H2,CAGR"
A,U56,U56k20d14,U56,10.0,6W,4,2,False,1.309293174892274,0.06550010220449853,0.9817133421868606,-0.16853801771437704,1.1968734787273505,0.8351326523455366,1.0517253201855314,0.9451521607161978,0.06871385292357357,-0.16853801771437704,DD,CAGR
A,U56,U56k20d14,U56,10.0,6W,4,3,False,1.31824181762882,0.06436656021299259,0.9823743813310167,-0.15399688645010778,1.1713772014653867,0.8487281569171378,1.0285736324108288,0.9586725076294107,0.0678920644452159,-0.15399688645010756,DD,CAGR
A,U56,U56k20d14,U56,10.0,6W,4,4,False,1.3146836686377241,0.06149410970861435,0.9482408076742488,-0.16887690481160966,1.1201423359783775,0.825593469937546,0.9896943602324811,0.9266623382192428,0.06475381113638057,-0.1688769048116101,DD,"H2,CAGR"
A,U56,U56k20d14,U56,10.0,6W,5,0,False,1.3314373685626215,0.062244011983636716,0.9667457336607452,-0.15289133460338078,1.0414518033068738,0.9165762064708739,0.8936770831711177,1.0231484034688392,0.07069400015855032,-0.15289133460338078,DD,CAGR
A,U56,U56k20d14,U56,10.0,6W,5,1,False,1.341116225204618,0.06393331815217906,1.0012808733606657,-0.154814551106221,1.0852703439665798,0.939544380240376,0.9417471235381826,1.0478726344429448,0.07097736974623925,-0.15481455110622122,DD,CAGR
A,U56,U56k20d14,U56,10.0,6W,5,2,False,1.330279024326949,0.06573705642872696,1.0415585430306067,-0.11159251310026785,1.0861489087659428,1.0076493704708815,0.951909439250128,1.110822612942087,0.07321416223980748,-0.11159251310026785,-,CAGR
A,U56,U56k20d14,U56,10.0,6W,5,3,False,1.2734541000418855,0.07007677141496993,1.0924395997763126,-0.11509632187885666,1.0471351901775132,1.1377755771856999,0.9143507820863351,1.2261596339375174,0.08339025967792124,-0.11509632187885654,-,CAGR
A,U56,U56k20d14,U56,10.0,6W,5,4,False,1.2489930079279192,0.06941446621727021,1.0933166753730408,-0.11714533821281692,1.0865986025765617,1.10524674731837,0.9460697781198124,1.2051277158257103,0.08060343665100067,-0.11714533821281659,-,CAGR
A,U56,U56k20d14,U56,10.0,Q,0,0,True,0.8981908596056983,0.061749610706961944,0.8878643953876051,-0.20596096968234645,1.229594200056439,0.6373178713585493,1.1139679411872523,0.7421527023308446,0.055094449475453056,-0.20596096968234634,"H2,DD","H2,OOS,DD,CAGR"
A,U56,U56k20d14,U56,10.0,Q,0,1,False,0.9238671571803293,0.06293819346093299,0.9056013463131003,-0.2064702677796405,1.2295792740605263,0.6724164486370297,1.0923373557461176,0.7890874752638132,0.05900627743040521,-0.20647026777964017,"H2,DD","H2,OOS,DD,CAGR"
A,U56,U56k20d14,U56,10.0,Q,0,2,False,0.9174900066416327,0.06400048203663244,0.9066533595868479,-0.20530412524040342,1.240576031188704,0.6665550494358881,1.1103026069367976,0.7789952507841816,0.0590980672848056,-0.20530412524040353,"H2,DD","H2,OOS,DD,CAGR"
A,U56,U56k20d14,U56,10.0,Q,0,3,False,0.9109649224286941,0.06644527644853304,0.9550563677043848,-0.2051556220821784,1.3213192163491494,0.7054552942222906,1.1861628115189764,0.818712067768856,0.062060916821486956,-0.20515562208217852,DD,"H2,OOS,DD,CAGR"
A,U56,U56k20d14,U56,10.0,Q,0,4,False,0.8726315023346126,0.06481633754459692,0.9438613534769558,-0.20058547766067114,1.2484639441203598,0.7330864624802503,1.1298116068766972,0.8321878121983519,0.06199523905756599,-0.20058547766067092,DD,"H2,OOS,CAGR"
A,U56,U56k20d15,U56,10.0,D,0,0,True,6.376213845413298,0.07346262548671678,1.0543093614515848,-0.10403749513400384,1.0052662181934255,1.1014797941761851,0.8476779229971183,1.2115364803337503,0.08880191687819972,-0.10403749513400351,-,CAGR
A,U56,U56k20d15,U56,10.0,2D,0,0,True,4.6206197821178465,0.07503610534971217,1.0683037836830211,-0.1041508989719443,1.035650796737189,1.1016889739020848,0.8775585225736081,1.2125385812478753,0.08991583382073953,-0.10415089897194396,-,CAGR
A,U56,U56k20d15,U56,10.0,2D,1,0,False,4.6371505590717765,0.07555322623350946,1.0820973865279073,-0.09299799799571629,1.018871174145068,1.1417343135463978,0.8658825839803674,1.2470862545718508,0.09146982402776294,-0.09299799799571584,-,CAGR
A,U56,U56k20d15,U56,10.0,W,0,0,True,3.0882813262629085,0.07274428794106047,1.0326895459102776,-0.1128939861402396,0.9784095021067191,1.0846455724630852,0.8314861183333543,1.1843729659422961,0.0882289225322539,-0.1128939861402396,-,CAGR
A,U56,U56k20d15,U56,10.0,W,0,1,False,2.993242716644788,0.0786779782490814,1.1128745595209368,-0.11241786265140219,1.066499968659474,1.1580662271805375,0.9132606945203292,1.2647584366510127,0.09407675456661102,-0.11241786265140175,-,CAGR
A,U56,U56k20d15,U56,10.0,W,0,2,False,3.0447525076392035,0.08241702244165228,1.1443426886556052,-0.08593352078474426,1.0449567084554834,1.2357625253331477,0.8991429313777871,1.330210029097042,0.10110973590696015,-0.08593352078474414,-,CAGR
A,U56,U56k20d15,U56,10.0,W,0,3,False,3.0315345716024114,0.08119202417821492,1.1289344947241065,-0.10475709093836083,1.0707233097169733,1.184678776324475,0.9259810348647367,1.2825899102090528,0.09736495483644858,-0.10475709093836083,-,CAGR
A,U56,U56k20d15,U56,10.0,W,0,4,False,3.009481280000309,0.07374959164739803,1.0398544159215832,-0.1116863058798705,0.9916936256729503,1.0865774601984115,0.8412244434685078,1.1896933878137026,0.08920547782508237,-0.11168630587987083,-,CAGR
A,U56,U56k20d15,U56,10.0,2W,0,0,True,2.2413253378986693,0.0745320700597003,1.0206397239382214,-0.13232600560123442,0.9895153409492887,1.0536282338863812,0.8454015656388288,1.1515133252780765,0.08951185690181718,-0.1323260056012352,-,CAGR
A,U56,U56k20d15,U56,10.0,2W,0,1,False,2.213817582238733,0.07646217820101309,1.0464516983754562,-0.12477982583947278,1.0609094381337443,1.0411056867199016,0.9105011139068512,1.1488526911619406,0.08912106203477066,-0.12477982583947256,-,CAGR
A,U56,U56k20d15,U56,10.0,2W,0,2,False,2.1961090509951195,0.08453162362044608,1.1300180693267659,-0.1342828704227188,1.1107990915966137,1.1544942256170987,0.9710541078526999,1.2489252844611871,0.09969434947038969,-0.1342828704227188,-,CAGR
A,U56,U56k20d15,U56,10.0,2W,0,3,False,2.1627267598698294,0.08229313840708885,1.1205750536155876,-0.13152919221416348,1.0923426428293277,1.1514727807080178,0.9560278647292886,1.2443460517459208,0.09698314353861748,-0.1315291922141636,-,CAGR
A,U56,U56k20d15,U56,10.0,2W,0,4,False,2.2635432350923534,0.07080429157707369,0.955782286588128,-0.1579138299866406,0.9620805340545215,0.9609084329234959,0.8224736585872803,1.0541652649761508,0.0844166745952617,-0.1579138299866405,DD,CAGR
A,U56,U56k20d15,U56,10.0,2W,1,0,False,2.2175158353839755,0.07972441615147652,1.1148140229226655,-0.1096700520064603,1.033479303585543,1.1904383850386207,0.8899638763270529,1.2857426224805846,0.09683847603447737,-0.1096700520064603,-,CAGR
A,U56,U56k20d15,U56,10.0,2W,1,1,False,2.1547891129028693,0.08424101530237227,1.1709936470419082,-0.11736335026398814,1.096099046432609,1.2412240276367994,0.9558434408512699,1.33556664624543,0.1008329115489861,-0.11736335026398792,-,CAGR
A,U56,U56k20d15,U56,10.0,2W,1,2,False,2.166299078687588,0.08154521712321583,1.118164556985577,-0.09946756198289408,1.0811789424512663,1.1556215226771072,0.93783994153014,1.254902792217802,0.09652146187194255,-0.0994675619828943,-,CAGR
A,U56,U56k20d15,U56,10.0,2W,1,3,False,2.200372934578603,0.078877839383247,1.069515158058935,-0.11697955284986461,1.0438808850383008,1.0977231262466645,0.8991381707061722,1.1976424162276322,0.09366368600258057,-0.1169795528498645,-,CAGR
A,U56,U56k20d15,U56,10.0,2W,1,4,False,2.1561158884260796,0.07754109485914396,1.0705472327406134,-0.1083587159282241,1.0460062290478083,1.0969755158835734,0.9127613449557767,1.1904850851614281,0.09079787111818804,-0.10835871592822355,-,CAGR
A,U56,U56k20d15,U56,10.0,M,0,0,True,1.5333940252275993,0.08477769460235818,1.1222043597284295,-0.1358157531789591,1.1393409678468405,1.1124189018313044,1.009867425565599,1.208638741496169,0.09561300769347603,-0.1358157531789591,-,CAGR
A,U56,U56k20d15,U56,10.0,M,0,1,False,1.57249672568988,0.08360425164332086,1.1026323365579977,-0.144262949398974,1.1076127983822988,1.1032643871521084,0.9809583121497412,1.1961083426514951,0.09498326108253874,-0.1442629493989741,DD,CAGR
A,U56,U56k20d15,U56,10.0,M,0,2,False,1.5862276400656599,0.08042394554698418,1.0232161476183834,-0.17633131135834412,1.0566950091519165,1.008293564273917,0.9244588199908355,1.0979641157719275,0.09331872303284316,-0.17633131135834446,DD,CAGR
A,U56,U56k20d15,U56,10.0,M,0,3,False,1.6222648794090755,0.07851599099150208,0.9923720196034872,-0.187711495016176,1.0306444941667678,0.9751015466311189,0.8986392137023855,1.0635311599247284,0.09142218890699394,-0.18771149501617623,DD,CAGR
A,U56,U56k20d15,U56,10.0,M,0,4,False,1.5466558109397095,0.07677193651701453,0.9841877875149404,-0.18430657166416298,0.9819839802321564,1.000347546930394,0.8511392220683468,1.0818711246903934,0.09250143408729228,-0.18430657166416364,DD,CAGR
A,U56,U56k20d15,U56,10.0,6W,0,0,True,1.3019046532646814,0.08366493190343971,1.08752711187521,-0.14205675348357594,0.982002131930277,1.183594321947827,0.8477930183467839,1.2638229504764007,0.10449365883363493,-0.14205675348357594,DD,CAGR
A,U56,U56k20d15,U56,10.0,6W,0,1,False,1.2556794647211051,0.08849938271739455,1.1518220096858935,-0.1362889895588959,1.0308687323417276,1.2612608120376037,0.886264148415061,1.348655236904051,0.11088379609278642,-0.136288989558896,-,CAGR
A,U56,U56k20d15,U56,10.0,6W,0,2,False,1.2416165170435853,0.09191914025537162,1.1792967334319704,-0.1463224036759243,1.1094384236428718,1.2477585902179797,0.986647710186713,1.320834918710296,0.11128436046655454,-0.14632240367592475,DD,CAGR
A,U56,U56k20d15,U56,10.0,6W,0,3,False,1.18071178981304,0.09431294471221996,1.2090158401795716,-0.1499270982671559,1.1412837791655235,1.2750006431490255,1.0199016453761947,1.349420025670518,0.11290188658452505,-0.149927098267156,DD,CAGR
A,U56,U56k20d15,U56,10.0,6W,0,4,False,1.2883037711481469,0.08487860433029604,1.0691661050485541,-0.17586071157001626,1.1203768879587679,1.0465614789847966,1.010872726903954,1.1177935632092257,0.09713039290494518,-0.17586071157001593,DD,CAGR
A,U56,U56k20d15,U56,10.0,6W,1,0,False,1.2739396089204775,0.08648724634252236,1.1492790079884356,-0.1422089417017628,1.1283966901057498,1.1737799891812013,1.001368290448582,1.2613171758541775,0.10039044562119814,-0.14220894170176257,DD,CAGR
A,U56,U56k20d15,U56,10.0,6W,1,1,False,1.2476602383666067,0.08621377229808869,1.1366020934069336,-0.15009295160884872,1.1438277062938886,1.1390866184090607,1.0156266831455019,1.228093117112016,0.09922518317597318,-0.15009295160884895,DD,CAGR
A,U56,U56k20d15,U56,10.0,6W,1,2,False,1.2470439201324262,0.08654344821367621,1.0873925842737437,-0.1795442974192738,1.1265566563334763,1.074853841948268,0.9810591856283933,1.1682967066104335,0.10223271121275257,-0.1795442974192739,DD,CAGR
A,U56,U56k20d15,U56,10.0,6W,1,3,False,1.2891694319555833,0.08382668968491314,1.0423126399632392,-0.19006796249665125,1.0972006284499272,1.0172516480229106,0.9460527897476472,1.1161049999386017,0.09864591883073737,-0.19006796249665114,DD,CAGR
A,U56,U56k20d15,U56,10.0,6W,1,4,False,1.2706573764254263,0.08232735266906133,1.03496216694987,-0.18550764329723923,1.0901142467933598,1.0065747595780827,0.9459447065944041,1.1034232144418814,0.09575107658592219,-0.18550764329723946,DD,CAGR
A,U56,U56k20d15,U56,10.0,6W,2,0,False,1.3087998142383592,0.08229432325794872,1.035656589479924,-0.17842154838911672,1.084589214077008,1.0090033576984143,0.9430890110722858,1.106222679590593,0.09513330870330461,-0.17842154838911672,DD,CAGR
A,U56,U56k20d15,U56,10.0,6W,2,1,False,1.2943444917606,0.08108754395340934,1.027984256596853,-0.17724229734937136,1.0593071169319257,1.0144169038808202,0.9137995856048186,1.1134783348939004,0.09493367275365183,-0.17724229734937125,DD,CAGR
A,U56,U56k20d15,U56,10.0,6W,2,2,False,1.2672025983999617,0.08440356993538756,1.0614830195544596,-0.1758607692981604,1.1130248168307983,1.0327758711729114,0.9768384739453226,1.1267038361509059,0.09681766971275119,-0.17586076929816052,DD,CAGR
A,U56,U56k20d15,U56,10.0,6W,2,3,False,1.2849311094427647,0.08520176236051635,1.077276691459196,-0.17655000855124703,1.1619067295579684,1.0261147620941862,1.0125162449404959,1.1295590112510823,0.09720395614586375,-0.17655000855124692,DD,CAGR
A,U56,U56k20d15,U56,10.0,6W,2,4,False,1.2990572000471268,0.08077273756147507,1.0216970400142782,-0.17656578415512325,1.1019206170493399,0.9737178955550924,0.9527658299076939,1.0764511752768129,0.09269298801794013,-0.1765657841551237,DD,CAGR
A,U56,U56k20d15,U56,10.0,6W,3,0,False,1.3133242478055105,0.08219824445536505,1.0411354401907094,-0.1765657841551237,1.1546796054546509,0.9695977596227914,1.0115824747692441,1.070087386072452,0.09217442176157586,-0.1765657841551237,DD,CAGR
A,U56,U56k20d15,U56,10.0,6W,3,1,False,1.291986894951582,0.08283121300457297,1.050048895139041,-0.17661497480104937,1.170185921587474,0.9743636677426879,1.0269913798745591,1.0750610329445227,0.09264872052525441,-0.17661497480104948,DD,CAGR
A,U56,U56k20d15,U56,10.0,6W,3,2,False,1.3176053151353253,0.07894574536812282,0.9934555458111254,-0.17657716449603356,1.1348956280332363,0.8970064603661777,1.0015020570164106,0.9956833252350032,0.08567931450290467,-0.17657716449603367,DD,CAGR
A,U56,U56k20d15,U56,10.0,6W,3,3,False,1.2925126733432792,0.08233258999804827,1.0379408637747949,-0.17758675446762795,1.201782896651524,0.9235540343759782,1.0661931640421667,1.0264538656751847,0.08797364220732251,-0.17758675446762784,DD,CAGR
A,U56,U56k20d15,U56,10.0,6W,3,4,False,1.3289163707107632,0.07621849449179163,0.9709852622716975,-0.1782094953235509,1.1356833060956715,0.8584087620782117,1.0254895310403525,0.9426788772285764,0.08017518610844765,-0.17820949532355068,DD,CAGR
A,U56,U56k20d15,U56,10.0,6W,4,0,False,1.3367735130734624,0.07723537312555062,0.980122755978541,-0.17460171367866129,1.133088375433335,0.879194163435213,1.012176060050046,0.9681927456277766,0.08315183518961389,-0.17460171367866117,DD,CAGR
A,U56,U56k20d15,U56,10.0,6W,4,1,False,1.3064394506137096,0.08050824875372786,1.018097243044761,-0.16887973641467224,1.1908930960475286,0.9018270553616795,1.0535838822255479,1.0038533291760006,0.08641534205041901,-0.16887973641467258,DD,CAGR
A,U56,U56k20d15,U56,10.0,6W,4,2,False,1.2976396831854364,0.08762388737323934,1.0975283773053024,-0.1739306170684808,1.2216526392026708,1.0194169294526787,1.0884284288603383,1.1135633426202756,0.09702992026828405,-0.17393061706848012,DD,CAGR
A,U56,U56k20d15,U56,10.0,6W,4,3,False,1.2751274443209795,0.08644552266874417,1.1000544214911911,-0.16859648550833428,1.2250021371310111,1.0153174145390653,1.0928727414640245,1.1126275818495066,0.09445692075687928,-0.16859648550833428,DD,CAGR
A,U56,U56k20d15,U56,10.0,6W,4,4,False,1.3150379949306423,0.08126597725096318,1.0390467065258324,-0.17673687450400777,1.1865304402540262,0.9361440985508959,1.0627955938446376,1.0300496950871436,0.08686672768488357,-0.17673687450400744,DD,CAGR
A,U56,U56k20d15,U56,10.0,6W,5,0,False,1.3377648909245197,0.08019872480765766,1.0365227035372242,-0.16418645167864288,1.1349962268208604,0.969845147309815,1.003224586196389,1.0659714172265111,0.08882544512205892,-0.16418645167864265,DD,CAGR
A,U56,U56k20d15,U56,10.0,6W,5,1,False,1.2965743610209803,0.08533460007023663,1.108316406467159,-0.16449610947209425,1.1607704072916045,1.0730858290603433,1.0306942549225597,1.1683699977144684,0.09552739525144105,-0.1644961094720938,DD,CAGR
A,U56,U56k20d15,U56,10.0,6W,5,2,False,1.2872148138827928,0.08749069248381658,1.1502557181367983,-0.12091059847121477,1.1253440707589812,1.17748951251032,0.9888002273265664,1.273282517803504,0.10191312187734924,-0.12091059847121488,-,CAGR
A,U56,U56k20d15,U56,10.0,6W,5,3,False,1.2624835086318877,0.08730417212945274,1.129365661252747,-0.13146517313778072,1.0458304326088381,1.2073607183198316,0.9144963941684661,1.28921614494615,0.10642672062575564,-0.1314651731377806,-,CAGR
A,U56,U56k20d15,U56,10.0,6W,5,4,False,1.2758107952535174,0.08474299987647682,1.1191312210486346,-0.12398048936496764,1.0472433335174092,1.186887386849368,0.9193290364498089,1.2695560045295744,0.10187086735753259,-0.12398048936496753,-,CAGR
A,U56,U56k20d15,U56,10.0,Q,0,0,True,0.8889820301813623,0.07499492694617427,0.8930316464677485,-0.23066278450352629,1.169585384820855,0.6938222750897273,1.073786179189775,0.7785559052045102,0.06991542767387737,-0.23066278450352584,DD,"H2,OOS,DD,CAGR"
A,U56,U56k20d15,U56,10.0,Q,0,1,False,0.8798284311079356,0.07692654951360356,0.9104547407853697,-0.2309621073249155,1.2048652463845098,0.6977952512638662,1.0955031780270317,0.7934369818617831,0.07172175919876556,-0.23096210732491573,DD,"H2,OOS,DD,CAGR"
A,U56,U56k20d15,U56,10.0,Q,0,2,False,0.8718682981353847,0.078873143568849,0.9307257192322514,-0.22982099529637467,1.1922748918274209,0.744894203088333,1.0816931021521754,0.8374453757506299,0.07628007223662214,-0.22982099529637512,DD,"H2,OOS,DD,CAGR"
A,U56,U56k20d15,U56,10.0,Q,0,3,False,0.877025643296517,0.08260337785214245,0.9911714875294497,-0.2297004509336178,1.2608807393560637,0.8082758877895966,1.1528245296764532,0.8966324206697843,0.08121199507019639,-0.2297004509336179,DD,"H2,DD,CAGR"
A,U56,U56k20d15,U56,10.0,Q,0,4,False,0.8447193638319965,0.07966452861942663,0.9616662456667204,-0.23039865699097373,1.2609037757849761,0.7685142057595999,1.1643125096112164,0.8479570159019433,0.07702894335383448,-0.23039865699097417,DD,"H2,OOS,DD,CAGR"
A,U56,U56k40d00,U56,10.0,D,0,0,True,18.43130337900673,0.101436749427112,0.9864957254220597,-0.1488283928256251,0.9519621310656953,1.0206699557592254,0.8202170548417177,1.113020477761551,0.12083493228099851,-0.1488283928256252,DD,"H1,CAGR"
A,U56,U56k40d00,U56,10.0,2D,0,0,True,12.519079902757834,0.10969081661107949,1.0533851416443367,-0.1558071989061366,1.0351304517014752,1.074052327757873,0.9131954554394138,1.1599714385632671,0.1276563324680262,-0.1558071989061366,DD,-
A,U56,U56k40d00,U56,10.0,2D,1,0,False,12.568962007139065,0.10948588181132357,1.0517818577458495,-0.1393509290237016,0.9802483337916013,1.118573681138113,0.8616096871285596,1.1966501980093607,0.13154823722250053,-0.13935092902370128,DD,-
A,U56,U56k40d00,U56,10.0,W,0,0,True,7.686965262622683,0.11370551109795612,1.0796480637345611,-0.17387785273030187,1.0094507504475843,1.1455470841969067,0.8924407453031384,1.2206967042984875,0.13668767391659453,-0.17387785273030187,DD,-
A,U56,U56k40d00,U56,10.0,W,0,1,False,7.6199440390254916,0.11917514226892001,1.1232863766686294,-0.1716134017597143,1.145524386184951,1.109552300288724,1.0434630832200622,1.1850455660408152,0.13254551203155573,-0.1716134017597145,DD,-
A,U56,U56k40d00,U56,10.0,W,0,2,False,7.933153660934915,0.12054557626314533,1.1249382836207826,-0.13121490171762795,1.0613434026856858,1.1853226803811767,0.9563127449217015,1.2525962308088459,0.14234020475887066,-0.12928968552173248,-,-
A,U56,U56k40d00,U56,10.0,W,0,3,False,7.70963764777313,0.11696953857724601,1.0975756004113795,-0.14977727555746823,1.1213595096075923,1.0819541462721651,0.996564809562716,1.1751460373640346,0.13188377160736464,-0.14977727555746834,DD,-
A,U56,U56k40d00,U56,10.0,W,0,4,False,7.668018977672287,0.11073100641045874,1.0571175800517367,-0.15099156563286142,1.0154067447592146,1.097956162292925,0.8945290280763979,1.1807287573503535,0.1306952563067003,-0.13908633294225503,DD,-
A,U56,U56k40d00,U56,10.0,2W,0,0,True,5.323115334563116,0.11497906940325309,1.0582959836367627,-0.20141215688516934,0.944694700125798,1.1611356513416964,0.8289253354333802,1.2294001294692576,0.14304608540623875,-0.2014121568851699,DD,H1
A,U56,U56k40d00,U56,10.0,2W,0,1,False,5.268320181845647,0.123246287518614,1.1162401867677603,-0.18831792319674379,1.1332098201858318,1.1100488320668462,1.035826697491623,1.1783646237475252,0.13879038404067834,-0.18831792319674323,DD,-
A,U56,U56k40d00,U56,10.0,2W,0,2,False,5.3527050673351,0.1245699634575248,1.118655928992714,-0.19781177802948202,1.1117072116820188,1.1336518173055177,1.001932917200632,1.20671543486391,0.14437398012979408,-0.1978117780294817,DD,-
A,U56,U56k40d00,U56,10.0,2W,0,3,False,5.218189081619377,0.11966032271460292,1.0975045080974333,-0.18433015283532517,1.0872930409124972,1.1129901300033367,0.9669462992120589,1.1961356612375407,0.13887290689224208,-0.1843301528353254,DD,-
A,U56,U56k40d00,U56,10.0,2W,0,4,False,5.421090302285619,0.11610110108683003,1.067640055515734,-0.1951867197892725,1.0854873550423645,1.0613503456683382,0.9548156725010838,1.1527065884728063,0.13455217524842333,-0.19518671978927193,DD,-
A,U56,U56k40d00,U56,10.0,2W,1,0,False,5.245676625550335,0.11954662418313156,1.1230041775690076,-0.14688291016303168,1.1065184681627538,1.1427597683331725,0.9811204529235383,1.2306966255878389,0.1387836932871922,-0.14688291016303168,DD,-
A,U56,U56k40d00,U56,10.0,2W,1,1,False,5.341993764126379,0.1183471928173534,1.1129883082045593,-0.15925962749728473,1.0871612521506748,1.140346196238501,0.9876723432624275,1.2087550239035634,0.13554307836405965,-0.1592596274972845,DD,-
A,U56,U56k40d00,U56,10.0,2W,1,2,False,5.401907621608505,0.12302064411593094,1.1300589316018064,-0.1366237544314175,1.1439819903953463,1.1240047739092076,1.0504111365011422,1.191686124169996,0.13693482310596017,-0.1366237544314175,-,-
A,U56,U56k40d00,U56,10.0,2W,1,3,False,5.342814972792522,0.11924122865961473,1.0950695701397484,-0.16249165129145227,1.108813164182509,1.0896824552293372,1.0006291858077827,1.1674053382639318,0.13474459989374465,-0.16249165129145204,DD,-
A,U56,U56k40d00,U56,10.0,2W,1,4,False,5.288277987128064,0.11319511744557653,1.0559240190382424,-0.16456942649851136,0.9518732859066678,1.15122121320081,0.8499134367055293,1.2126945226319434,0.1375174348789232,-0.15592091474676106,DD,H1
A,U56,U56k40d00,U56,10.0,M,0,0,True,3.546933641573,0.13026601550183847,1.18039302533889,-0.1688216969134574,1.2096823229257647,1.160639373833861,1.1047159721983733,1.239239643181435,0.14385514141510192,-0.16882169691345728,DD,-
A,U56,U56k40d00,U56,10.0,M,0,1,False,3.555136919116395,0.131482194052982,1.1853969143136531,-0.1846214694169942,1.2198315380682672,1.161962133914023,1.1020120052687752,1.2499484989753464,0.1462308581349805,-0.18462146941699398,DD,-
A,U56,U56k40d00,U56,10.0,M,0,2,False,3.4811701846179957,0.12401198775067845,1.0881882083391017,-0.21630449248272055,1.13104437056758,1.0656842654163476,1.005976151872873,1.151920438260313,0.14222293080099502,-0.21630449248272066,DD,DD
A,U56,U56k40d00,U56,10.0,M,0,3,False,3.474827843307083,0.12705585235360672,1.1030257779882893,-0.22614475487559815,1.135827479375466,1.0891678541945764,1.012711243917613,1.1724993376004986,0.14657485147591287,-0.22614475487559837,DD,DD
A,U56,U56k40d00,U56,10.0,M,0,4,False,3.4469291148543086,0.12356993832606555,1.0744067747720831,-0.22695937044953007,1.0950428213902235,1.0712078731607169,0.9676628169478713,1.1551006978888523,0.14512629141616706,-0.2269593704495303,DD,DD
A,U56,U56k40d00,U56,10.0,6W,0,0,True,2.888555402244047,0.13826657401362374,1.2041654437592457,-0.2013833427743722,1.0713446131279762,1.3238548950438318,0.9532815971932084,1.3890712675755534,0.17243701326196192,-0.20138334277437187,DD,-
A,U56,U56k40d00,U56,10.0,6W,0,1,False,2.8313671676877594,0.144586027559215,1.2475480197147806,-0.2017235976254954,1.1791329763134095,1.3145711573545318,1.0655773702671443,1.3824278950371636,0.17328414188907826,-0.20172359762549574,DD,-
A,U56,U56k40d00,U56,10.0,6W,0,2,False,2.957960066695438,0.14254019706153165,1.2252488117698557,-0.21069021522422438,1.1767560838622737,1.278405274864384,1.0714013460862537,1.3392275176077248,0.17051937399180672,-0.2106902152242246,DD,DD
A,U56,U56k40d00,U56,10.0,6W,0,3,False,2.8953001979259034,0.1466343820242706,1.270820629714641,-0.2044187089034204,1.2414792470395726,1.3066873234256249,1.121826806419849,1.3822234027398936,0.17270628623726147,-0.2044187089034203,DD,DD
A,U56,U56k40d00,U56,10.0,6W,0,4,False,2.891926537200864,0.1418918970376999,1.2248752040607411,-0.21576183743966726,1.3151968441393211,1.1705556010340894,1.1882547890176962,1.2596488475063727,0.159194340080399,-0.2157618374396676,DD,DD
A,U56,U56k40d00,U56,10.0,6W,1,0,False,2.8826110615269007,0.13713568465319637,1.2283347135770086,-0.17979970513583177,1.2718603309258043,1.1984560156765471,1.1449850521027765,1.2929342657263405,0.15300563554278557,-0.179799705135832,DD,-
A,U56,U56k40d00,U56,10.0,6W,1,1,False,2.9025072178333207,0.1350675594445223,1.2145012666427704,-0.19373856655570154,1.2970323884468271,1.151991315996837,1.165722453357041,1.2538579470949691,0.14769347773532826,-0.1937385665557012,DD,-
A,U56,U56k40d00,U56,10.0,6W,1,2,False,2.9072472493709807,0.13381622652495717,1.1435615791096736,-0.2212890609179906,1.2153085693911547,1.0997007857844585,1.072369003340352,1.2002062557840447,0.1523968211231319,-0.22128906091799116,DD,DD
A,U56,U56k40d00,U56,10.0,6W,1,3,False,3.0058663467831575,0.1248009476711458,1.067172476172413,-0.2283117780207118,1.0924889753667486,1.0601724953481746,0.9437420208195987,1.1591811913147554,0.1479874541555115,-0.2283117780207119,DD,DD
A,U56,U56k40d00,U56,10.0,6W,1,4,False,2.958045805092611,0.12556176273533737,1.076421225704647,-0.2302979223743803,1.1020415963282961,1.0672712962117865,0.9575372453192298,1.1654762541320618,0.1474914293556393,-0.2302979223743804,DD,DD
A,U56,U56k40d00,U56,10.0,6W,2,0,False,2.972233468999005,0.1218464855332011,1.0337274222734933,-0.23732544657725285,1.0432444405875616,1.0360628205632998,0.9038377764922008,1.130446319776803,0.14402518706603695,-0.23732544657725285,DD,DD
A,U56,U56k40d00,U56,10.0,6W,2,1,False,2.9801449830412587,0.12550528104895942,1.072810726932415,-0.236361818318644,1.089239035151526,1.0703016147746705,0.9484325999054112,1.1657953886400716,0.14753424061438758,-0.23636181831864334,DD,DD
A,U56,U56k40d00,U56,10.0,6W,2,2,False,2.9081138972380454,0.1289590090668069,1.0972964638472464,-0.23381032514332278,1.0799428397518018,1.1222187218974786,0.9563432375204581,1.2020898484102744,0.15292026730854058,-0.2338103251433229,DD,DD
A,U56,U56k40d00,U56,10.0,6W,2,3,False,2.9515214638575187,0.12334883399518093,1.057147403207978,-0.23413619938454855,1.0485830024420042,1.0766309243041157,0.9148068586164904,1.1621080385124058,0.1479917718768411,-0.23413619938454877,DD,DD
A,U56,U56k40d00,U56,10.0,6W,2,4,False,2.9937077454079795,0.12238065363114625,1.041620029727584,-0.23782297518475237,1.0595330571465358,1.0412847020643923,0.943146829780237,1.1164685996423929,0.14336094179772063,-0.23782297518475215,DD,DD
A,U56,U56k40d00,U56,10.0,6W,3,0,False,2.97267550025223,0.11873920478713607,1.0084915175829403,-0.23782297518475226,1.0993367142405848,0.9545458799078186,0.9874156963532381,1.0320520483914473,0.1329506004753136,-0.23782297518475226,DD,DD
A,U56,U56k40d00,U56,10.0,6W,3,1,False,2.8664558259425106,0.12169413473119772,1.0265077034001548,-0.23824316615488372,1.1084931942840754,0.9794495293270862,1.0035551322662652,1.0513038783884463,0.1362840526650635,-0.23824316615488383,DD,DD
A,U56,U56k40d00,U56,10.0,6W,3,2,False,2.901025623731646,0.12088749246608588,1.0206917570784524,-0.23820662503404888,1.097799306964127,0.9753956439190813,0.9882881538344177,1.0510709025823401,0.13570303057929478,-0.238206625034049,DD,DD
A,U56,U56k40d00,U56,10.0,6W,3,3,False,2.898006434913542,0.12139165044839384,1.0295628486418325,-0.23416714650211612,1.1535676539687405,0.9471913551136706,1.0512650827091747,1.0235121139522818,0.13087461344371887,-0.23416714650211612,DD,DD
A,U56,U56k40d00,U56,10.0,6W,3,4,False,2.8512747296773773,0.11146828593433367,0.9622601316243482,-0.23644154844358367,1.0736786127096944,0.8886549729721528,0.9814064468943666,0.9574921956224,0.12027194566373889,-0.23644154844358345,DD,DD
A,U56,U56k40d00,U56,10.0,6W,4,0,False,2.899039902550807,0.11593101854203236,0.9890029036132232,-0.23758610485492992,1.130233897805176,0.8990431578455774,1.0215500865848246,0.9780423859517687,0.12531774473861357,-0.2375861048549297,DD,DD
A,U56,U56k40d00,U56,10.0,6W,4,1,False,2.8580261230688397,0.12265535715904297,1.0326866076796661,-0.2320333793068683,1.2099720794262818,0.9163100491828425,1.1056924557004133,0.9961059775700934,0.12908827490262276,-0.2320333793068684,DD,DD
A,U56,U56k40d00,U56,10.0,6W,4,2,False,2.827107953933313,0.130092853874471,1.0960760563638117,-0.2322190719376117,1.2354590422770495,1.0058127730592052,1.1341353829503305,1.0809795400421032,0.1396900209880525,-0.23221907193761127,DD,DD
A,U56,U56k40d00,U56,10.0,6W,4,3,False,2.8854411310358032,0.12732459301316545,1.0844334129639561,-0.23285836345008337,1.2557188669469452,0.9654190479575923,1.139438469777502,1.0560584413566336,0.13402435448816297,-0.23285836345008304,DD,DD
A,U56,U56k40d00,U56,10.0,6W,4,4,False,2.895462336185444,0.12096104170168376,1.0445211071944398,-0.2397537740252531,1.2262136234925074,0.9163579313207731,1.1128022945025289,1.0073082470930121,0.1260340793180179,-0.23975377402525333,DD,DD
A,U56,U56k40d00,U56,10.0,6W,5,0,False,2.8356110417208904,0.12486766880440103,1.1058467091107576,-0.19731437651711636,1.218456162504694,1.02570456674893,1.1091974631227721,1.110209653037208,0.13471985788729235,-0.1973143765171167,DD,-
A,U56,U56k40d00,U56,10.0,6W,5,1,False,2.8497278784068394,0.13210944054477225,1.1724395894054565,-0.19868583602348167,1.1905142438813787,1.1669455467639025,1.0818689302660713,1.242146030417117,0.15018205865313927,-0.19868583602348144,DD,-
A,U56,U56k40d00,U56,10.0,6W,5,2,False,2.8932895342216187,0.13740993419431802,1.218247640197571,-0.14524206193853073,1.225169671798515,1.2197062431546999,1.1327834123073848,1.2843637003201847,0.1536346213638673,-0.14524206193853084,DD,-
A,U56,U56k40d00,U56,10.0,6W,5,3,False,2.9583528176400757,0.14310733513221052,1.2516614618712851,-0.17410677221913384,1.2248471107017391,1.2848578469910998,1.1127690355003543,1.3559434964092267,0.16743979858846547,-0.17410677221913362,DD,-
A,U56,U56k40d00,U56,10.0,6W,5,4,False,2.9058023603494894,0.13501497511122484,1.1996581084709175,-0.16533621890032857,1.099595028484526,1.2918657557910187,0.981119957416202,1.3633461921836083,0.16407626968806688,-0.16533621890032868,DD,-
A,U56,U56k40d00,U56,10.0,Q,0,0,True,1.9369393421372854,0.12067453844790554,0.9720387406977717,-0.2829198522273616,1.1474826089236831,0.8476385048182888,1.032842312076781,0.9382262681928849,0.12530859267529526,-0.2829198522273616,DD,DD
A,U56,U56k40d00,U56,10.0,Q,0,1,False,1.9581967260187232,0.12187041850568536,0.9843319771008869,-0.2831483354541964,1.1772181583364634,0.8507218040267462,1.0588683747735914,0.9433463724741077,0.12625124132519971,-0.28314833545419604,DD,DD
A,U56,U56k40d00,U56,10.0,Q,0,2,False,1.9501805860643568,0.12405541708147139,0.9991658240106797,-0.2802582346949152,1.1562116579696469,0.8923655173385088,1.0388948420823156,0.9811559262969142,0.131994462229706,-0.2802582346949152,DD,DD
A,U56,U56k40d00,U56,10.0,Q,0,3,False,1.9134967433544277,0.1322189978366799,1.0619151106536935,-0.2733750629509438,1.2359957916782576,0.943370159093148,1.1171350583086583,1.0341921150185145,0.13951704904753792,-0.2733750629509436,DD,DD
A,U56,U56k40d00,U56,10.0,Q,0,4,False,1.9211609970394212,0.13047581365163552,1.0563941951898286,-0.26719475166445306,1.2576456271065477,0.9207827079074292,1.14113410058357,1.011734049100043,0.13599767472263546,-0.26719475166445317,DD,DD
A,U56,U56k40d01,U56,10.0,D,0,0,True,17.865937585236896,0.10714639421481498,1.0588332430723122,-0.14632050881390568,1.0069502225181366,1.1082493656848715,0.8925782992110294,1.1862316358325995,0.12618358266903296,-0.14632050881390557,DD,-
A,U56,U56k40d01,U56,10.0,2D,0,0,True,12.231164118484662,0.11494762310044315,1.1214639821274428,-0.15719984889070537,1.08857928792397,1.1547122536480643,0.9860550906012526,1.2249461793267304,0.13228497460612765,-0.1571998488907056,DD,-
A,U56,U56k40d01,U56,10.0,2D,1,0,False,12.24895825073833,0.11433337399297572,1.1175384937165536,-0.1369838635373345,1.0319900440279022,1.1970211016080599,0.9255240324341112,1.2647305326786202,0.1361181961553375,-0.1369838635373326,-,-
A,U56,U56k40d01,U56,10.0,W,0,0,True,7.659330278290139,0.11770150964385806,1.1285254136578553,-0.17514177239966633,1.054838489431928,1.19771614748371,0.9604994092193446,1.2550634348370386,0.1392900054893884,-0.17514177239966644,DD,-
A,U56,U56k40d01,U56,10.0,W,0,1,False,7.39946842339689,0.1243957469730701,1.1900422093985106,-0.17138852275406247,1.1299131404717997,1.2474238033829352,1.0439090808624283,1.301692676195438,0.14345985561802665,-0.1713885227540628,DD,-
A,U56,U56k40d01,U56,10.0,W,0,2,False,7.487406184405111,0.12621061880894535,1.198771729912599,-0.13194230848823774,1.0682999075086965,1.3178154226858443,0.9788525120341112,1.3660042709389986,0.1522094494238957,-0.12025147764880861,-,-
A,U56,U56k40d01,U56,10.0,W,0,3,False,7.52785566113169,0.12353399822229139,1.1750831195406,-0.1523382605262411,1.1225791254655266,1.2258134756369892,1.0063762281379003,1.303480562658125,0.14481071427970882,-0.152338260526241,DD,-
A,U56,U56k40d01,U56,10.0,W,0,4,False,7.577416778555745,0.1154846088304704,1.117383358706423,-0.1421989124887003,1.0318990613523937,1.196748868103023,0.9260120064569674,1.2636123860110557,0.13766010392920647,-0.1421989124887002,DD,-
A,U56,U56k40d01,U56,10.0,2W,0,0,True,5.160941969134163,0.11799371755665211,1.097604798397642,-0.20257111806162165,0.9619610810162808,1.2194618996989346,0.8558432352482588,1.2775740200575365,0.14729125183127167,-0.20257111806162187,DD,DD
A,U56,U56k40d01,U56,10.0,2W,0,1,False,5.094439536920363,0.12403427469624062,1.1444162084824339,-0.18088904670939243,1.0844293257760533,1.2025332242708962,1.00275755303696,1.2508708757565405,0.14503794383922597,-0.180889046709392,DD,-
A,U56,U56k40d01,U56,10.0,2W,0,2,False,5.05678764153437,0.1290777617276273,1.1807719661028355,-0.17924025739751126,1.1067843534930428,1.2510790816133759,1.0075324059787565,1.3099771343948776,0.15374085130049453,-0.17924025739751093,DD,-
A,U56,U56k40d01,U56,10.0,2W,0,3,False,4.991461526359259,0.12360361305529799,1.1493931217791689,-0.18565918849633145,1.1024896221993932,1.1965849741137933,1.0009332688474608,1.2607577565444121,0.14512722468305306,-0.185659188496331,DD,-
A,U56,U56k40d01,U56,10.0,2W,0,4,False,5.304190340021897,0.12034607086236515,1.1233705726223937,-0.18423223976647474,1.1051835150454277,1.1467607677264515,1.0059639885114582,1.2120240731435568,0.13919119001963298,-0.18423223976647485,DD,-
A,U56,U56k40d01,U56,10.0,2W,1,0,False,5.160408441343882,0.12443942961936605,1.1820072058181266,-0.15439470706260638,1.108851818024566,1.2508713885446432,1.0101544898230086,1.3121283096070653,0.1465101366992616,-0.15439470706260638,DD,-
A,U56,U56k40d01,U56,10.0,2W,1,1,False,5.196295401352059,0.12284077823199957,1.173109178939568,-0.16099557517137675,1.1011415750214277,1.240731846885873,1.0231630587746396,1.2881592963705613,0.14175284675578204,-0.16099557517137664,DD,-
A,U56,U56k40d01,U56,10.0,2W,1,2,False,5.172449937741191,0.1264205487877792,1.1862133199262248,-0.12961988323933915,1.1190506205611155,1.2497832678165566,1.0354672157378082,1.301263772207529,0.14634062433865425,-0.12961988323933915,-,-
A,U56,U56k40d01,U56,10.0,2W,1,3,False,5.11226769127271,0.12487592279215654,1.164696717058691,-0.16095433493583877,1.1037309171631615,1.2229806631171039,0.9993937281337677,1.289920386605728,0.1466608252660111,-0.16095433493583844,DD,-
A,U56,U56k40d01,U56,10.0,2W,1,4,False,5.105674551876402,0.1187873066577898,1.1272791739145775,-0.15827282838834467,0.9950629528113072,1.2478196208265468,0.8932065710190266,1.3053745843167128,0.14562229894463208,-0.15827282838834456,DD,-
A,U56,U56k40d01,U56,10.0,M,0,0,True,3.600142334462182,0.12806920835465507,1.1696972158942576,-0.18675580158678806,1.1438736185013954,1.1983670452680795,1.0438363827389923,1.2652955279305178,0.1471727450957372,-0.1867558015867885,DD,-
A,U56,U56k40d01,U56,10.0,M,0,1,False,3.5068838913383216,0.12850932892931155,1.1728185195681757,-0.18853869458635564,1.1809692282740427,1.1734917004034608,1.0710153196898233,1.2506460906490136,0.14590363029888365,-0.18853869458635575,DD,-
A,U56,U56k40d01,U56,10.0,M,0,2,False,3.45617293240515,0.12095259138811243,1.0852614263374658,-0.21104646854355313,1.0628572762021113,1.1148732933093932,0.9536100520053428,1.1831444029946305,0.1434563988759936,-0.21104646854355313,DD,DD
A,U56,U56k40d01,U56,10.0,M,0,3,False,3.394021901027811,0.12248948871562826,1.089952975712506,-0.2094621790219593,1.0898025334093926,1.1031159994928381,0.9737019382760181,1.177228605804331,0.14453786998083218,-0.20946217902195918,DD,DD
A,U56,U56k40d01,U56,10.0,M,0,4,False,3.367513405546322,0.12474323875705662,1.1107695502780326,-0.21609445170595354,1.1101448240046583,1.126006139708495,1.0013010718256032,1.1937882260193995,0.14725518749080124,-0.21609445170595365,DD,DD
A,U56,U56k40d01,U56,10.0,6W,0,0,True,2.8812380710871763,0.1359543819824902,1.2022652451215792,-0.20535705414145766,1.0386704718406217,1.3469066355585906,0.9340040625907703,1.396881594111374,0.17247815732116534,-0.20535705414145766,DD,DD
A,U56,U56k40d01,U56,10.0,6W,0,1,False,2.8315634579686493,0.14279670611316786,1.255026136912842,-0.19655744038542766,1.1043751425575883,1.389663310180154,0.9996670795229863,1.441295209042295,0.17861979102788084,-0.19655744038542733,DD,-
A,U56,U56k40d01,U56,10.0,6W,0,2,False,2.817582925773125,0.1435454623759691,1.2573968166609317,-0.1988380180546755,1.132335630953453,1.3712133046812771,1.0268202450244333,1.4253231394635644,0.17773835209675792,-0.1988380180546755,DD,-
A,U56,U56k40d01,U56,10.0,6W,0,3,False,2.78826648362308,0.14997588976197362,1.315011643845967,-0.20312992886623693,1.2262904046051482,1.3997577026873855,1.110089896829395,1.4656881054599493,0.18196582341993173,-0.20312992886623682,DD,DD
A,U56,U56k40d01,U56,10.0,6W,0,4,False,2.8681967608232632,0.141814855352556,1.2459025483288064,-0.2051449242607607,1.2715055004214753,1.2401312651661123,1.1548123995974844,1.3171617432061096,0.1634038120215373,-0.20514492426076048,DD,DD
A,U56,U56k40d01,U56,10.0,6W,1,0,False,2.94801335144144,0.1378024574229595,1.242747147256602,-0.19110920833049616,1.2476261478526507,1.2472613754814614,1.131781637892119,1.3273671129191613,0.15738019430718642,-0.1911092083304965,DD,-
A,U56,U56k40d01,U56,10.0,6W,1,1,False,2.9429271535391166,0.13039327842284587,1.1853979495228142,-0.20046572803694518,1.187465200331048,1.1912405391771825,1.0609822981717882,1.2796320260333813,0.15023943025213726,-0.20046572803694518,DD,-
A,U56,U56k40d01,U56,10.0,6W,1,2,False,2.966011160718482,0.1343114988882903,1.171056896674661,-0.2152039228912288,1.165007969878548,1.1909284615883877,1.0303226280301339,1.2755892614542181,0.16056973293937715,-0.21520392289122847,DD,DD
A,U56,U56k40d01,U56,10.0,6W,1,3,False,2.942022161155363,0.12901362713726172,1.1265979615259363,-0.2123729125275231,1.0982796159634343,1.1625483515742805,0.9565599270444434,1.250846868784841,0.15700753117280497,-0.212372912527523,DD,DD
A,U56,U56k40d01,U56,10.0,6W,1,4,False,2.9346091845806566,0.12978610347580655,1.1310602836490027,-0.22287620429825516,1.1205457009788027,1.152451465719109,0.9830008468121214,1.2404289541757128,0.1555056800644532,-0.22287620429825505,DD,DD
A,U56,U56k40d01,U56,10.0,6W,2,0,False,2.9713044533853683,0.12733925648749822,1.1118932570039242,-0.21433636296018088,1.0738745041686177,1.1532574107468574,0.9394777483947451,1.2388760372163776,0.15387262463323426,-0.21433636296018088,DD,DD
A,U56,U56k40d01,U56,10.0,6W,2,1,False,2.931917305205265,0.1279606241467095,1.121170715811387,-0.21266108052925548,1.0970575312561321,1.1509102566329317,0.9684572524785856,1.2346132842257642,0.1521895454004294,-0.2126610805292558,DD,DD
A,U56,U56k40d01,U56,10.0,6W,2,2,False,2.9056848427805475,0.13086961243294604,1.135737702499493,-0.21097523983091915,1.0978308214686796,1.1767001391064067,0.9853833753023755,1.247718090773098,0.1550547168452865,-0.21097523983091937,DD,DD
A,U56,U56k40d01,U56,10.0,6W,2,3,False,2.8737152801055235,0.1267340433212587,1.1084236149227273,-0.21921556654964014,1.0833989993443869,1.1406156229611415,0.9685880044173653,1.2121430695382143,0.1508225708861406,-0.21921556654964025,DD,DD
A,U56,U56k40d01,U56,10.0,6W,2,4,False,2.949629291400189,0.12721534395965928,1.1059579178198171,-0.21044767664053632,1.095012592105854,1.1277941367702113,1.0015994566100925,1.185208066253296,0.1485781630192553,-0.21044767664053632,DD,DD
A,U56,U56k40d01,U56,10.0,6W,3,0,False,2.8962482760885844,0.12297845945515018,1.0765746300668535,-0.21044767664053654,1.0860561118328307,1.083431857931054,0.9875344968799744,1.1454330820323837,0.1431604746658195,-0.21044767664053632,DD,DD
A,U56,U56k40d01,U56,10.0,6W,3,1,False,2.871733964189515,0.1260876664678141,1.0981584150593149,-0.2110212789743262,1.1096642219174992,1.102651062864411,1.0231009032197944,1.1574206401545273,0.14470053635742675,-0.21102127897432654,DD,DD
A,U56,U56k40d01,U56,10.0,6W,3,2,False,2.888023298339179,0.12359894826316853,1.073788010027565,-0.2109064962860253,1.0661112445406802,1.0925553792123652,0.9751055623130935,1.1488926636719943,0.14392309709145557,-0.21090649628602542,DD,DD
A,U56,U56k40d01,U56,10.0,6W,3,3,False,2.84627281583209,0.12215659855561167,1.061540687254086,-0.21986174725815788,1.1199988584220277,1.0277456203337116,1.0194596183535896,1.0978979255505836,0.13702695504639295,-0.21986174725815766,DD,DD
A,U56,U56k40d01,U56,10.0,6W,3,4,False,2.9023331120252704,0.1157216045026026,1.0183674429382696,-0.21413560651674346,1.0565085392004625,0.9998570916564837,0.967421303166333,1.0605084827972586,0.13080621741908405,-0.21413560651674324,DD,DD
A,U56,U56k40d01,U56,10.0,6W,4,0,False,2.9732561453090525,0.11700582711793972,1.0268654439982148,-0.2123678209665284,1.0941112111889417,0.9875632229699496,0.9988471893990363,1.0537914753001696,0.1304015859343559,-0.21236782096652818,DD,DD
A,U56,U56k40d01,U56,10.0,6W,4,1,False,2.91811396421055,0.12270632386346003,1.0660785477015413,-0.20862232046488205,1.1186516664723964,1.039837874143906,1.019295371032889,1.106538069392064,0.1390617974523023,-0.20862232046488227,DD,DD
A,U56,U56k40d01,U56,10.0,6W,4,2,False,2.922450305995737,0.12589987357966526,1.0891756739956768,-0.2147657297636506,1.1204470801935449,1.0814036229371844,1.0208087518110507,1.1448018328063223,0.14532337302861076,-0.21476572976365071,DD,DD
A,U56,U56k40d01,U56,10.0,6W,4,3,False,2.9424432419816484,0.12335647039938258,1.078069438713295,-0.221163175856517,1.1411059052376051,1.0435882799082294,1.0400086399024229,1.1127254420802621,0.13888517929610922,-0.22116317585651646,DD,DD
A,U56,U56k40d01,U56,10.0,6W,4,4,False,2.975482577721642,0.12065910706244565,1.0695720604136116,-0.21507636014565068,1.1341401072631927,1.0307666683296306,1.0409454084571226,1.0969106267437498,0.1341573695416325,-0.21507636014565057,DD,DD
A,U56,U56k40d01,U56,10.0,6W,5,0,False,2.945208220322341,0.121135410907802,1.0899699169114636,-0.19518922247297843,1.106920259188128,1.086213810426878,1.010220732415571,1.151830684706997,0.13814643407180438,-0.19518922247297832,DD,-
A,U56,U56k40d01,U56,10.0,6W,5,1,False,2.8467982623675208,0.12943697857809378,1.1821331238237365,-0.18518583479530792,1.0942984856752604,1.2640874881240933,1.005073016994322,1.313817654017362,0.1547625776062993,-0.1851858347953078,DD,-
A,U56,U56k40d01,U56,10.0,6W,5,2,False,2.8632013775916034,0.13284506308211985,1.2100490011256706,-0.1470737211276011,1.1005751833491269,1.3104258716708135,1.0139067695292057,1.3579105490868517,0.1586794412809125,-0.14707372112760142,DD,-
A,U56,U56k40d01,U56,10.0,6W,5,3,False,2.8710789738986904,0.14161835963271452,1.2627305894036491,-0.1753383655408135,1.1762748683657407,1.344447811355579,1.0752602414458539,1.4017399457082311,0.16982432957632887,-0.17533836554081295,DD,-
A,U56,U56k40d01,U56,10.0,6W,5,4,False,2.9034519143902626,0.13420756448267857,1.225437885097326,-0.1579053086588491,1.0711745073089156,1.3639897400904102,0.9582194246843253,1.4242612431819277,0.16755659340146423,-0.15790530865884933,DD,-
A,U56,U56k40d01,U56,10.0,Q,0,0,True,1.9435765093015205,0.12148154712176784,1.00554744269686,-0.269303211523643,1.067482668303663,0.9726410111148598,0.9532167451553017,1.0495347809302067,0.13883210798160017,-0.26930321152364267,DD,DD
A,U56,U56k40d01,U56,10.0,Q,0,1,False,1.986535732255449,0.12108729148104014,0.9951718442354189,-0.26996159704557887,1.093552941512413,0.9367248015797804,0.9753286560292865,1.0182828728954076,0.1358681885596713,-0.269961597045579,DD,DD
A,U56,U56k40d01,U56,10.0,Q,0,2,False,2.0127375003248225,0.12251578843501676,1.0046684336571483,-0.26399391839672504,1.0622475975195833,0.9747869586485872,0.9537835353998397,1.047471611524149,0.1396211351516914,-0.26399391839672515,DD,DD
A,U56,U56k40d01,U56,10.0,Q,0,3,False,1.9354715640256706,0.13196049034627033,1.0835779487580595,-0.26494372501363483,1.1408701857621004,1.0575225486208013,1.0333916943861579,1.1275900926761138,0.15110861308341805,-0.26494372501363506,DD,DD
A,U56,U56k40d01,U56,10.0,Q,0,4,False,1.943710892476458,0.12991218493484147,1.074514446961384,-0.26565333261812873,1.1509887864580768,1.0326601564979727,1.0568455337468055,1.0968424586344931,0.1454027233293429,-0.26565333261812885,DD,DD
A,U56,U56k40d02,U56,10.0,D,0,0,True,18.18689555326349,0.10313939526721572,1.0455766585100594,-0.1458498268909113,0.9213821029076753,1.1584369302306396,0.8050414193762716,1.2285092119937833,0.1282582637586429,-0.14584982689091097,DD,"H1,CAGR"
A,U56,U56k40d02,U56,10.0,2D,0,0,True,12.174608561908371,0.10925763499276431,1.0946456265391877,-0.1543161070540746,0.9749001303671263,1.20340588139877,0.8665953918297101,1.266906207025035,0.13426426647114686,-0.15431610705407406,DD,-
A,U56,U56k40d02,U56,10.0,2D,1,0,False,12.335260744759875,0.10859622638099897,1.0907585117460954,-0.13333839888816634,0.95009317421497,1.2185096331379355,0.8383275537556356,1.283385831290911,0.13505883046707723,-0.133338398888166,-,H1
A,U56,U56k40d02,U56,10.0,W,0,0,True,7.5961470969238425,0.10979670209337544,1.088388826248392,-0.16679043355191037,0.9411428927382655,1.2204546000049097,0.8589670930497535,1.26065221858777,0.13551990268626168,-0.16679043355191037,DD,H1
A,U56,U56k40d02,U56,10.0,W,0,1,False,7.344430531385367,0.11441228650321067,1.1299692824278782,-0.1678294058653751,1.045443461243202,1.2084368518120792,0.9620112442581124,1.257468935961436,0.13467981237373028,-0.1678294058653752,DD,-
A,U56,U56k40d02,U56,10.0,W,0,2,False,7.454386109221042,0.11774877286204832,1.151742628186577,-0.1341321528738254,0.9779145919701866,1.3078375269646292,0.8864554170995264,1.3526230613692631,0.1468847664222277,-0.12505551151807381,-,-
A,U56,U56k40d02,U56,10.0,W,0,3,False,7.414367172244305,0.11736817930206533,1.1460342444624065,-0.15125203224002393,1.0653672051596865,1.2212591847921759,0.9558881680637662,1.2900443815750802,0.14000294490131382,-0.15125203224002348,DD,-
A,U56,U56k40d02,U56,10.0,W,0,4,False,7.44534562918672,0.11193157484555627,1.110221669395652,-0.13599544153862553,0.948610317483225,1.256112863032085,0.8455152949762444,1.3114297192506705,0.1401388213735495,-0.13599544153862586,-,H1
A,U56,U56k40d02,U56,10.0,2W,0,0,True,5.088311720127133,0.1130415034745853,1.0824982833408299,-0.20213104481668198,0.9001503638282048,1.2438523667904204,0.8019723836959257,1.2913352130483793,0.14472207529970937,-0.20213104481668187,DD,H1
A,U56,U56k40d02,U56,10.0,2W,0,1,False,5.016245045227045,0.1163933792909515,1.1070372386943435,-0.1838424872617629,1.0064843725387183,1.1990766589541444,0.9167168566570749,1.248421453014602,0.14091644992074115,-0.18384248726176355,DD,-
A,U56,U56k40d02,U56,10.0,2W,0,2,False,4.980970882713969,0.11961278567145395,1.1275649514956854,-0.1828566195447734,1.0276695295212213,1.2192882469968294,0.9279146834978359,1.2751926005926217,0.1457232237287036,-0.18285661954477284,DD,-
A,U56,U56k40d02,U56,10.0,2W,0,3,False,4.988244739597766,0.1192639014747745,1.1386389883741634,-0.18616197340678997,1.077433241505242,1.1980653774346028,0.9800771832768004,1.2572344719838613,0.14104085246039766,-0.18616197340678964,DD,-
A,U56,U56k40d02,U56,10.0,2W,0,4,False,5.151778491412608,0.11195799155520114,1.0682177742572294,-0.19619833696923727,1.019936484091292,1.1168345068232057,0.91901588144169,1.17921020401316,0.13295864556480375,-0.19619833696923727,DD,-
A,U56,U56k40d02,U56,10.0,2W,1,0,False,5.227828965413088,0.11233157460026089,1.1068905799977713,-0.14861009070480413,0.9977128287844417,1.2066017241186333,0.9082843997030493,1.2573570391856583,0.13517558442670796,-0.14861009070480413,DD,-
A,U56,U56k40d02,U56,10.0,2W,1,1,False,5.149531048321422,0.11232827628377229,1.1024927141864935,-0.16420144863102815,0.9995427587046359,1.196844830309637,0.9270696011819152,1.2359385473179054,0.1330145632654347,-0.16420144863102804,DD,-
A,U56,U56k40d02,U56,10.0,2W,1,2,False,5.03067653436263,0.12035004344341149,1.1581614438443888,-0.13745974817768358,1.0350284563891239,1.2701026999666247,0.9579553617853117,1.309797673832135,0.1442838938597082,-0.13745974817768392,-,-
A,U56,U56k40d02,U56,10.0,2W,1,3,False,4.98201861204108,0.11876245960652887,1.1324071689415236,-0.16816166005348265,1.0364331859759783,1.220731994362246,0.9354952900621286,1.2808012023396942,0.14284067234086661,-0.168161660053482,DD,-
A,U56,U56k40d02,U56,10.0,2W,1,4,False,5.059798452452717,0.11378569899845492,1.1066724141627995,-0.15180575810735553,0.8934692003270214,1.2977165169140947,0.7936702094930258,1.3442072411832127,0.14702402627803357,-0.15180575810735486,DD,H1
A,U56,U56k40d02,U56,10.0,M,0,0,True,3.4417220736769383,0.1255346942944351,1.1916773993906247,-0.16846594786798852,1.151320666971141,1.2323685519356606,1.0598919495458257,1.2923493773064254,0.1437065421145558,-0.16846594786798896,DD,-
A,U56,U56k40d02,U56,10.0,M,0,1,False,3.417451719115022,0.12404103332280147,1.1662157840468865,-0.18764652767850853,1.1250958007601934,1.207982114334776,1.0186905053550335,1.278009477178778,0.1442276965584901,-0.1876465276785091,DD,-
A,U56,U56k40d02,U56,10.0,M,0,2,False,3.3441424957534727,0.12084322451516272,1.0957910722969504,-0.21434808524474525,1.106446956845001,1.0997669369123726,1.0101236041999029,1.161971527155196,0.13886247423573628,-0.21434808524474513,DD,DD
A,U56,U56k40d02,U56,10.0,M,0,3,False,3.3451510900102526,0.12236672513217894,1.1125505944069785,-0.2158236000900262,1.1107761092151038,1.1261696236966783,1.0109989055812616,1.1898046860138856,0.14184835083022906,-0.215823600090026,DD,DD
A,U56,U56k40d02,U56,10.0,M,0,4,False,3.320943270992102,0.1222827219547129,1.112646909112372,-0.21844593297418935,1.0709930000477155,1.1592782278465186,0.9786800829024367,1.2121647871561056,0.1456549862012706,-0.21844593297418968,DD,DD
A,U56,U56k40d02,U56,10.0,6W,0,0,True,2.839949881101247,0.13088300404238384,1.195469842298218,-0.19666873448655253,1.0183356025177046,1.351300652307065,0.9235122632103759,1.3939610235878879,0.16586237800746795,-0.19666873448655242,DD,-
A,U56,U56k40d02,U56,10.0,6W,0,1,False,2.88457086245251,0.1338051836304095,1.215970907588149,-0.192794795534302,1.0646751167426602,1.350706820495195,0.9571455311207259,1.4047324476519374,0.1681623399574057,-0.19279479553430212,DD,-
A,U56,U56k40d02,U56,10.0,6W,0,2,False,2.8156243321314958,0.13319986456632482,1.1983099361996137,-0.19738968179861538,1.1026424829845611,1.2884619313449037,1.011031487647592,1.3351657343264163,0.16235787664681256,-0.19738968179861538,DD,-
A,U56,U56k40d02,U56,10.0,6W,0,3,False,2.7979756985237185,0.13915287699966727,1.2601385636087183,-0.20026147767691693,1.202402812632678,1.320158682303632,1.092691412318647,1.3840427043049384,0.16640066152634425,-0.20026147767691682,DD,-
A,U56,U56k40d02,U56,10.0,6W,0,4,False,2.875728865870225,0.128902061061116,1.1595531751435058,-0.2136117389147213,1.206563852778037,1.140263650919266,1.110675492746028,1.2026862390622186,0.14647423766987866,-0.21361173891472152,DD,DD
A,U56,U56k40d02,U56,10.0,6W,1,0,False,2.9175840510876734,0.12508172664716177,1.1848301757639723,-0.1706558125850729,1.1204434214516523,1.2463157860770828,1.0037486838927203,1.3217760566340626,0.148109494743343,-0.17065581258507267,DD,-
A,U56,U56k40d02,U56,10.0,6W,1,1,False,2.8947879065993214,0.12099782786703495,1.1351379285928889,-0.1971618267484595,1.1011147340541267,1.171470256639804,0.9783699988630514,1.2527356213115224,0.14270186097070825,-0.19716182674846006,DD,-
A,U56,U56k40d02,U56,10.0,6W,1,2,False,2.9147105668305953,0.12683648006070736,1.1286889505712203,-0.21864782176448339,1.0941193087912575,1.170526096553474,0.9656958787732206,1.2480885306739138,0.15374037401912055,-0.2186478217644835,DD,DD
A,U56,U56k40d02,U56,10.0,6W,1,3,False,2.9477388452467594,0.12110983056026492,1.0875033606332458,-0.21908673926970612,1.024168417565533,1.1506337717982387,0.8884517923142357,1.2317241806531836,0.15016016798270537,-0.219086739269706,DD,DD
A,U56,U56k40d02,U56,10.0,6W,1,4,False,2.9002417141543275,0.12167098786867303,1.0881109025465374,-0.21993217860513037,1.0405084836417169,1.1378444887094599,0.9075447335010729,1.2202505709784228,0.14847400798106958,-0.21993217860513015,DD,DD
A,U56,U56k40d02,U56,10.0,6W,2,0,False,2.9492237611460177,0.11289941842394513,1.0079955342208144,-0.2298193952127845,0.9605474778933851,1.0565629114157336,0.8317450862123829,1.1370088927636697,0.13824991947689136,-0.2298193952127846,DD,DD
A,U56,U56k40d02,U56,10.0,6W,2,1,False,2.9428577784420002,0.11814774938018147,1.0582322761324052,-0.22743176153449396,1.0107751968028762,1.1072540136773574,0.8789959023394083,1.1897080795588915,0.14410365044843032,-0.22743176153449396,DD,DD
A,U56,U56k40d02,U56,10.0,6W,2,2,False,2.9017877200396858,0.11966096686465733,1.0675711586211236,-0.22625839458835262,1.0181601753004181,1.1187842949214972,0.9123981736439667,1.181903846434018,0.14387799505058219,-0.22625839458835229,DD,DD
A,U56,U56k40d02,U56,10.0,6W,2,3,False,2.89883752617211,0.12081423037578087,1.0742461537488075,-0.23998529810318636,1.0676878814249824,1.094778396315379,0.9532741001147522,1.1646224602560966,0.14374861889859547,-0.23998529810318658,DD,DD
A,U56,U56k40d02,U56,10.0,6W,2,4,False,2.8986652778855717,0.12316986975827615,1.0902518659906604,-0.23451860978208705,1.0590430821697714,1.1289105816985856,0.9659477806581783,1.1830117942578926,0.1460997544472047,-0.23451860978208716,DD,DD
A,U56,U56k40d02,U56,10.0,6W,3,0,False,2.9037393417935116,0.11552063032298165,1.0255092603843896,-0.23451860978208738,1.017740333884204,1.0488600504182224,0.9276130763602368,1.1004295514432394,0.13699906434891274,-0.23451860978208705,DD,DD
A,U56,U56k40d02,U56,10.0,6W,3,1,False,2.851103763557752,0.11947870227711332,1.0544158985370704,-0.23490624620432876,1.1053661540846278,1.0329571417073466,1.0231709948301695,1.0854361874588454,0.13492384602692797,-0.23490624620432854,DD,DD
A,U56,U56k40d02,U56,10.0,6W,3,2,False,2.87163753334528,0.1170554785555804,1.0365522465110222,-0.24039869431653982,1.0357991998211926,1.0516603600248704,0.9532528568513963,1.1011673570383276,0.1358936027927331,-0.24039869431653937,DD,DD
A,U56,U56k40d02,U56,10.0,6W,3,3,False,2.833010714114925,0.1179890027831989,1.0424724426630827,-0.2354821511298948,1.1093215568843025,1.0042702641274746,1.0149613677123963,1.069266487340341,0.13151286304994336,-0.2354821511298948,DD,DD
A,U56,U56k40d02,U56,10.0,6W,3,4,False,2.844178862653204,0.11188499462027313,1.0081375369319194,-0.2370755749182556,1.0646459775290258,0.9786995998906233,0.9833660030522592,1.0334551146338389,0.12504168038877528,-0.23707557491825582,DD,DD
A,U56,U56k40d02,U56,10.0,6W,4,0,False,2.796302009367598,0.11512495407542067,1.0288734688171002,-0.23106535836107056,1.1322022395666897,0.9650596475079215,1.0457910349964574,1.026645150540751,0.12493379309556718,-0.23106535836107067,DD,DD
A,U56,U56k40d02,U56,10.0,6W,4,1,False,2.8293746643670716,0.11921869676169061,1.0571607132381278,-0.22368392833679807,1.1647250703185776,0.9910341277859344,1.0741946664680782,1.055584432182481,0.12973703393051683,-0.22368392833679807,DD,DD
A,U56,U56k40d02,U56,10.0,6W,4,2,False,2.7813729489121863,0.1279073986793564,1.1275327238070652,-0.22390916579021547,1.1931198657947506,1.0927565255925649,1.1000866925268866,1.1553609682554786,0.14281587824090014,-0.22390916579021558,DD,DD
A,U56,U56k40d02,U56,10.0,6W,4,3,False,2.8133918619752403,0.12421685254997161,1.1065142036025197,-0.22973670373654453,1.2158581664846175,1.0356584474282566,1.131576961919101,1.0978733869629709,0.13327839075943793,-0.22973670373654498,DD,DD
A,U56,U56k40d02,U56,10.0,6W,4,4,False,2.8252909455093196,0.11917830443920097,1.0690148610113048,-0.238123672890585,1.1347936037346675,1.028428790449461,1.0486370448794673,1.089882100665669,0.13098496322821895,-0.23812367289058567,DD,DD
A,U56,U56k40d02,U56,10.0,6W,5,0,False,2.8485503400266072,0.12375608071023314,1.1329298530064844,-0.18755769486760532,1.151450486285956,1.127242535190197,1.076204358423426,1.1784091535670993,0.13777487149829315,-0.18755769486760532,DD,-
A,U56,U56k40d02,U56,10.0,6W,5,1,False,2.7804217120785966,0.12654940284936744,1.1691528424042017,-0.1873066500465259,1.1119848317906444,1.2250511554000854,1.0336233495135212,1.2715469445560212,0.14672493436345535,-0.18730665004652602,DD,-
A,U56,U56k40d02,U56,10.0,6W,5,2,False,2.767537523766108,0.13471761580654018,1.2514135289027046,-0.1349193496115726,1.1591423021512783,1.337184101294088,1.0898918556592156,1.374677214747705,0.15624614362273448,-0.13491934961157293,-,-
A,U56,U56k40d02,U56,10.0,6W,5,3,False,2.8114867284655918,0.13440646339410356,1.2194719022068146,-0.17184003830825745,1.1138831111638083,1.316663222250184,1.0119946931617048,1.3732142579467403,0.16308088275041333,-0.171840038308257,DD,-
A,U56,U56k40d02,U56,10.0,6W,5,4,False,2.8245304068151516,0.12979236982782072,1.2079487769224189,-0.16139687844992257,1.049267781544048,1.3499177447180792,0.9439780652462814,1.4046406000799248,0.16190800537778727,-0.16139687844992223,DD,-
A,U56,U56k40d02,U56,10.0,Q,0,0,True,1.8962314997220249,0.11869431211513448,1.0036093736650133,-0.25865822762804735,1.0403025085408244,0.9896890154419202,0.9371148540212918,1.0566939396951802,0.1365332732685669,-0.25865822762804747,DD,DD
A,U56,U56k40d02,U56,10.0,Q,0,1,False,1.9301656313066013,0.11601464484511359,0.9788447864625015,-0.259382598550453,1.0349199701777447,0.9507418253256478,0.9250955242151399,1.023417079924879,0.13266945665743202,-0.25938259855045287,DD,DD
A,U56,U56k40d02,U56,10.0,Q,0,2,False,1.9139838084774758,0.12275312361945923,1.0222974343445435,-0.2541508978172262,1.0538774259277381,1.0134302914821953,0.9511052499780304,1.0788575894477734,0.1418450741761954,-0.2541508978172262,DD,DD
A,U56,U56k40d02,U56,10.0,Q,0,3,False,1.8736692849543155,0.12857189242634903,1.0753980600093693,-0.2551353372037234,1.116010110397666,1.062786613867804,1.0141943306251513,1.126544708376013,0.14828386220059375,-0.2551353372037234,DD,DD
A,U56,U56k40d02,U56,10.0,Q,0,4,False,1.9049103952439814,0.12454793850450874,1.054596783912081,-0.25434705973077054,1.1061171875863371,1.032606423241968,1.0250252876704264,1.0845879022007343,0.14055947450073103,-0.254347059730771,DD,DD
A,U56,U56k40d03,U56,10.0,D,0,0,True,18.413402585927567,0.09650965700574465,0.9384090973764831,-0.160558330152605,0.8473961735567673,1.0230794009507087,0.7372634004437392,1.0967375081535522,0.11727241149647716,-0.1605583301526048,DD,"H1,CAGR"
A,U56,U56k40d03,U56,10.0,2D,0,0,True,12.501020633028565,0.10629982998849075,1.016049173822971,-0.1653614473026379,0.9435884011624636,1.0837341266465539,0.8415281331986725,1.1521577999799333,0.12559733784318072,-0.1653614473026379,DD,"H1,CAGR"
A,U56,U56k40d03,U56,10.0,2D,1,0,False,12.59367123870618,0.10193447185958471,0.9823717454497696,-0.1387486578436048,0.8879939536417968,1.0702111549308366,0.7782962073360897,1.1430786834724733,0.1232629078974441,-0.13874865784360502,DD,"H1,CAGR"
A,U56,U56k40d03,U56,10.0,W,0,0,True,7.775196736585924,0.10898032349028441,1.0289831047655176,-0.19013811682930504,0.9353059393129775,1.1154002433179362,0.8240078831404267,1.1870653060664054,0.13201826537951633,-0.19013811682930515,DD,H1
A,U56,U56k40d03,U56,10.0,W,0,1,False,7.501544770384314,0.11435373479979671,1.073799612910126,-0.1882352755661988,1.0024465982048112,1.1406605695384204,0.9130083557513998,1.1994949155009285,0.13280319571859533,-0.188235275566199,DD,-
A,U56,U56k40d03,U56,10.0,W,0,2,False,7.618615794685116,0.11401596696440275,1.0625199805445846,-0.14850044799669093,0.9160111018450998,1.1973479814837895,0.823559471553705,1.2498347679817565,0.13997597822230357,-0.13104239535293793,DD,H1
A,U56,U56k40d03,U56,10.0,W,0,3,False,7.630364942750506,0.11299198488009132,1.052623992294824,-0.16515146672302683,0.990493389729914,1.1110979632512616,0.8942986350062557,1.176076206276435,0.13144321301418804,-0.16515146672302672,DD,-
A,U56,U56k40d03,U56,10.0,W,0,4,False,7.729196954889507,0.10400026635231141,0.9903678749828466,-0.15440623784830976,0.8911623604557593,1.0821643394153453,0.784593258047796,1.1510772293826084,0.12615763361471855,-0.1544062378483103,DD,"H1,CAGR"
A,U56,U56k40d03,U56,10.0,2W,0,0,True,5.252142678764266,0.11215919940236851,1.0178554004432139,-0.21900195035443482,0.8840616939521002,1.1385571288301304,0.7830708862499403,1.1957414839466107,0.13999474837729764,-0.21900195035443448,DD,"H1,DD"
A,U56,U56k40d03,U56,10.0,2W,0,1,False,5.172677327269892,0.12007714937340386,1.0770888340083702,-0.2016401249519283,1.0232167578550762,1.129253159895445,0.9394432193376598,1.1812040187967452,0.1399001762966794,-0.2016401249519283,DD,-
A,U56,U56k40d03,U56,10.0,2W,0,2,False,5.186480531442534,0.11723228010371445,1.0436845326717759,-0.19341612947174247,0.9891234780519126,1.096136434484539,0.8997545375440719,1.152686580409154,0.13731346077836792,-0.19341612947174225,DD,-
A,U56,U56k40d03,U56,10.0,2W,0,3,False,5.194480272325224,0.11437802264929942,1.0365412499259958,-0.2034617307365716,0.9594704478435628,1.1081001801890709,0.8633589169809224,1.1683862244516323,0.13623734233073814,-0.2034617307365717,DD,DD
A,U56,U56k40d03,U56,10.0,2W,0,4,False,5.448798655608157,0.10872626263543306,0.9894998557919638,-0.20131602084484979,0.9597546649692398,1.0204561890193344,0.8502143185175658,1.0947633016624705,0.12767730274483036,-0.20131602084485,DD,-
A,U56,U56k40d03,U56,10.0,2W,1,0,False,5.380257696804782,0.11351600902740544,1.0671367968261642,-0.15142497560980495,0.9818714500441362,1.1465924592444068,0.8780922518826241,1.2150263743250795,0.13455913436669875,-0.15142497560980517,DD,-
A,U56,U56k40d03,U56,10.0,2W,1,1,False,5.375168533450972,0.10920605229825164,1.0235088963009769,-0.17616447704973814,0.9575101010364361,1.0856346093792253,0.8772066717607331,1.13940201741695,0.1254363953115003,-0.17616447704973814,DD,-
A,U56,U56k40d03,U56,10.0,2W,1,2,False,5.266845431197906,0.11221500750091473,1.0329027831764896,-0.14345562313380378,0.9598185266262925,1.101176296827525,0.87129059542261,1.159127945094652,0.13105775049699453,-0.14345562313380356,DD,-
A,U56,U56k40d03,U56,10.0,2W,1,3,False,5.30269487104589,0.11303000118966677,1.0336140905465117,-0.17545633913179326,0.9791349003175158,1.0852823872397437,0.8988273154867517,1.1377707032012905,0.13012085043945554,-0.1754563391317936,DD,-
A,U56,U56k40d03,U56,10.0,2W,1,4,False,5.201137737413756,0.10803431755661963,1.0085675981163287,-0.17472016783052202,0.8963161750762525,1.1120510484414465,0.7983239904638568,1.172380095798959,0.1312799978714938,-0.17472016783052202,DD,H1
A,U56,U56k40d03,U56,10.0,M,0,0,True,3.51007641415554,0.12549459951611053,1.123096427896791,-0.1761932071848571,1.0768142213143288,1.1674347416252622,0.9803657950001355,1.2352187604469602,0.1430086608669212,-0.17619320718485743,DD,-
A,U56,U56k40d03,U56,10.0,M,0,1,False,3.5216073199152564,0.12450506176069065,1.1054599556788238,-0.202569024557555,1.0792135991977763,1.1327212162654399,0.9809592104454142,1.201506808859047,0.14173640033405066,-0.2025690245575551,DD,DD
A,U56,U56k40d03,U56,10.0,M,0,2,False,3.4930585943303205,0.11548718960603455,1.0029135969148997,-0.2224403363150269,0.994768793710021,1.0180386626914444,0.8883848556538537,1.0889498022167041,0.1345874805327052,-0.2224403363150269,DD,DD
A,U56,U56k40d03,U56,10.0,M,0,3,False,3.3846009580849796,0.11845997635000183,1.0259652719315093,-0.22323627451235517,1.0112456496219706,1.0467676897583016,0.9066040704020784,1.1155673675335387,0.13827313661534912,-0.22323627451235517,DD,DD
A,U56,U56k40d03,U56,10.0,M,0,4,False,3.389631668442683,0.11406163226097465,0.9919257375975001,-0.22651251094045388,0.9571770981515751,1.0299897165397287,0.8504903467229138,1.0962969033214407,0.1367337464714462,-0.22651251094045388,DD,DD
A,U56,U56k40d03,U56,10.0,6W,0,0,True,3.0018661267837308,0.127789631096066,1.1034987507695286,-0.21423007489811097,0.9178927426194357,1.2666624701610587,0.8173918455618736,1.3144442286082614,0.16461531548602726,-0.21423007489811063,DD,"H1,DD"
A,U56,U56k40d03,U56,10.0,6W,0,1,False,2.9665119535513504,0.13456820819651294,1.144962009821731,-0.22213646975785306,1.0082589742373196,1.2673343670814672,0.910743235331921,1.3178416310381553,0.16726911931484678,-0.22213646975785328,DD,DD
A,U56,U56k40d03,U56,10.0,6W,0,2,False,2.924811614640115,0.13151808623595973,1.1178653230655897,-0.21328288438779286,1.0445152421806105,1.1880467459019746,0.9477937444249507,1.2436174965259095,0.1582437973940316,-0.21328288438779264,DD,DD
A,U56,U56k40d03,U56,10.0,6W,0,3,False,2.8969448381389657,0.13945513908569107,1.1866305918903621,-0.22357491896820048,1.0820062885292403,1.2828062526893067,0.9805527699356081,1.3390179237136193,0.16990858913673046,-0.22357491896820014,DD,DD
A,U56,U56k40d03,U56,10.0,6W,0,4,False,2.9456517867910263,0.13229792119662265,1.1230590883615763,-0.226853129743656,1.1061027436202318,1.1506164816381645,0.9944113172570572,1.2190400060458784,0.1569709286394807,-0.2268531297436559,DD,DD
A,U56,U56k40d03,U56,10.0,6W,1,0,False,2.9604503195921565,0.12422162244508228,1.1155565848825586,-0.17306959162950253,1.0636341515626622,1.165369543853406,0.9424818070074714,1.248477080064386,0.14616123946463833,-0.17306959162950286,DD,-
A,U56,U56k40d03,U56,10.0,6W,1,1,False,3.0109929753514586,0.12134978454629763,1.076567004240317,-0.2078034420650775,1.0669932105107625,1.0906265468109957,0.9459150663854679,1.175833085978787,0.14039051264750246,-0.20780344206507761,DD,DD
A,U56,U56k40d03,U56,10.0,6W,1,2,False,2.9449890587421317,0.1238225988507815,1.0509702486640575,-0.2249655352485832,1.0378722267225116,1.0722407175810929,0.908056381234297,1.156859519105841,0.14762253059394403,-0.22496553524858298,DD,DD
A,U56,U56k40d03,U56,10.0,6W,1,3,False,3.0385959918145136,0.12203676341676672,1.0396038450265808,-0.22284873783255355,1.0267021170515784,1.0597710225348798,0.8947904038383954,1.147135960937527,0.14530888061208436,-0.22284873783255366,DD,DD
A,U56,U56k40d03,U56,10.0,6W,1,4,False,2.9786770934413163,0.11652174597792597,0.9948124866683078,-0.23130281279852627,0.9810485944167882,1.0154208645884713,0.8521346685667104,1.1004491679403794,0.1392997769978701,-0.23130281279852616,DD,DD
A,U56,U56k40d03,U56,10.0,6W,2,0,False,2.9997752289246216,0.11978637881430032,1.0231848083661752,-0.22060129465350198,0.9905707270020542,1.057805850934989,0.860787464870206,1.1444257304482799,0.14352951485553644,-0.22060129465350187,DD,DD
A,U56,U56k40d03,U56,10.0,6W,2,1,False,2.9518375664716605,0.12497508013839376,1.0707697741979625,-0.22026325558561177,1.0575953244279033,1.0899099130475305,0.9335115811184406,1.1737438620716503,0.1466926242467661,-0.2202632555856121,DD,DD
A,U56,U56k40d03,U56,10.0,6W,2,2,False,2.874271273803537,0.12603302194247767,1.0738311397314364,-0.2190065155539459,1.079505774762373,1.0770318815791973,0.9850345798559279,1.1418627652025481,0.14268454212186343,-0.2190065155539459,DD,DD
A,U56,U56k40d03,U56,10.0,6W,2,3,False,2.887329735036588,0.1291891679930388,1.0963773181163254,-0.22431057854369219,1.1021911646703386,1.1013368096515448,0.9909217721896472,1.1763304910905565,0.14877713441264562,-0.2243105785436924,DD,DD
A,U56,U56k40d03,U56,10.0,6W,2,4,False,2.930635774594686,0.12609690638960136,1.0735335665704533,-0.2097995806413232,1.0881385302823883,1.0691792762474455,0.9878057714472562,1.1393340676636579,0.14249748864425493,-0.2097995806413233,DD,DD
A,U56,U56k40d03,U56,10.0,6W,3,0,False,2.92057958886417,0.1216462764713564,1.0429807984274826,-0.20979958064132354,1.0728640861207146,1.0293651316561931,0.9763894125280161,1.095298738290897,0.13755628178081536,-0.20979958064132342,DD,DD
A,U56,U56k40d03,U56,10.0,6W,3,1,False,2.9049710964226563,0.12091469153864809,1.0297153642057209,-0.2242441809324771,1.0747449887516463,1.00360690769123,0.9988786885682184,1.0566658297822948,0.13291810301667528,-0.22424418093247733,DD,DD
A,U56,U56k40d03,U56,10.0,6W,3,2,False,2.956680755428218,0.11483994432082145,0.981905049688745,-0.22363660183051115,1.0090125486885166,0.9692722148139624,0.9272191481300356,1.0253327839426705,0.12854826890129334,-0.2236366018305116,DD,DD
A,U56,U56k40d03,U56,10.0,6W,3,3,False,2.959991582616326,0.11561739849155162,0.9959290668692686,-0.2108849942205101,1.070599527063257,0.9426210315170861,0.9885264026555921,1.005321999496056,0.12397078254937766,-0.21088499422050977,DD,DD
A,U56,U56k40d03,U56,10.0,6W,3,4,False,2.9103116933194206,0.11308644201089368,0.9839029710183693,-0.21299746697400868,1.0589437749170234,0.931377698096604,0.9731564948106122,0.996198066848516,0.12216194100829769,-0.21299746697400823,DD,DD
A,U56,U56k40d03,U56,10.0,6W,4,0,False,2.8848621747056034,0.11538305752479605,0.9867627031010953,-0.21978271624482015,1.0830757533185367,0.919232859684434,0.9911456063097287,0.9890453151523746,0.12370132783511134,-0.2197827162448196,DD,DD
A,U56,U56k40d03,U56,10.0,6W,4,1,False,2.9586538514583545,0.11819479298287305,1.0080879166634553,-0.21422659617481554,1.0498026313199007,0.9866540923498048,0.9519815183137762,1.0533117696963628,0.13359438513656174,-0.21422659617481543,DD,DD
A,U56,U56k40d03,U56,10.0,6W,4,2,False,2.900465018150922,0.12417128632191687,1.0514723920059836,-0.21446370997007314,1.0819755265710336,1.0361835297493946,0.9910941153548053,1.0991473791866417,0.1389428701333144,-0.21446370997007314,DD,DD
A,U56,U56k40d03,U56,10.0,6W,4,3,False,2.9037166678230566,0.12314723183498355,1.054942656457163,-0.21491315420532242,1.0863174749688433,1.0372364333659025,0.9932624260318458,1.103304733108075,0.1370626685878642,-0.21491315420532242,DD,DD
A,U56,U56k40d03,U56,10.0,6W,4,4,False,2.970016177618037,0.11352686970585402,0.9886896960134757,-0.22557157186731713,1.042432813160532,0.9507206652017214,0.9461839297818849,1.0228841845161605,0.12457758003866393,-0.2255715718673168,DD,DD
A,U56,U56k40d03,U56,10.0,6W,5,0,False,2.9479812553066793,0.11708732840895486,1.035816613416578,-0.19837238463957096,1.0385556752249807,1.0389043979690142,0.9441915332817229,1.1060977280098052,0.13201908153286102,-0.19837238463957096,DD,-
A,U56,U56k40d03,U56,10.0,6W,5,1,False,2.906688994907175,0.12457666899336739,1.1026436178380463,-0.19799094769911885,1.0446009178218225,1.1577255489951424,0.9513379314290289,1.2191937683890144,0.1444684349950558,-0.19799094769911874,DD,-
A,U56,U56k40d03,U56,10.0,6W,5,2,False,2.9849364606615194,0.12238378414056705,1.088311527639214,-0.1471577914637343,0.9940436011364805,1.1758962231801358,0.908923273924858,1.2289717757334169,0.14371140821068895,-0.1471577914637341,DD,-
A,U56,U56k40d03,U56,10.0,6W,5,3,False,3.0300195508851866,0.13023645560679786,1.1324315709298927,-0.1871666298078094,1.0208842127407407,1.2339970107008285,0.9296552829235827,1.284763793476481,0.1576686491976267,-0.18716662980780963,DD,-
A,U56,U56k40d03,U56,10.0,6W,5,4,False,3.0507152805433435,0.12439938251973381,1.1116235861027317,-0.16847927874727686,0.9604869468611505,1.2489832281162134,0.8590922545558635,1.305655060251035,0.15421312070221216,-0.1684792787472763,DD,-
A,U56,U56k40d03,U56,10.0,Q,0,0,True,1.9493482564041833,0.11981616896926006,0.9795572243463305,-0.26191854429686134,1.0437748410362537,0.9381212110453999,0.9335899838655879,1.0170850486209775,0.13372396634036443,-0.26191854429686146,DD,DD
A,U56,U56k40d03,U56,10.0,Q,0,1,False,2.008979085511032,0.1212202055845768,0.9876482924695523,-0.2621983587342932,1.0440952345362406,0.951961353733285,0.9347666628352904,1.029915198846055,0.1356852324397988,-0.2621983587342932,DD,DD
A,U56,U56k40d03,U56,10.0,Q,0,2,False,2.0075300156533937,0.12510416218929543,1.0204745232793448,-0.2612028405971015,1.0726636643460352,0.990230431974679,0.9635097120801466,1.066160031648941,0.14108277592754948,-0.2612028405971012,DD,DD
A,U56,U56k40d03,U56,10.0,Q,0,3,False,1.9861201077899335,0.13022694451315675,1.0606623158276358,-0.25715912675256336,1.1106109109242415,1.0348487458477,1.0071238777829485,1.1047209188219784,0.14712412408730624,-0.2571591267525637,DD,DD
A,U56,U56k40d03,U56,10.0,Q,0,4,False,2.008043052251678,0.12504970253222814,1.0307323277086258,-0.2620675719172264,1.06908192060142,1.013425275200804,0.9579032196455837,1.0879515474490737,0.14367591742994335,-0.2620675719172264,DD,DD
A,U56,U56k40d04,U56,10.0,D,0,0,True,18.34103532972513,0.09566525673072501,0.9654193770862058,-0.13304033194475606,0.8715464396677932,1.0538973101019857,0.7496679261382962,1.1386039974242494,0.1162369531239753,-0.13304033194475617,-,"H1,CAGR"
A,U56,U56k40d04,U56,10.0,2D,0,0,True,12.278483479126612,0.10469862051297008,1.0424411519020007,-0.13815460078842945,0.9690723624448221,1.1115004345814647,0.8512611587171902,1.1942420286387088,0.12388665444365032,-0.13815460078842923,-,CAGR
A,U56,U56k40d04,U56,10.0,2D,1,0,False,12.495363565879513,0.10233609127985877,1.0197101709118517,-0.12252841039957552,0.9077931927725112,1.1251803462224856,0.7945770106010418,1.2006899739056995,0.12406710583822722,-0.1184532760034952,-,"H1,CAGR"
A,U56,U56k40d04,U56,10.0,W,0,0,True,7.853018417736241,0.10348459657328979,1.0211352077976983,-0.1661445074648109,0.9230227433979543,1.1125082602184093,0.8280390332147368,1.173377822675426,0.12330697863807916,-0.1661445074648108,DD,"H1,CAGR"
A,U56,U56k40d04,U56,10.0,W,0,1,False,7.555244848756763,0.11282553102866522,1.098415820461328,-0.15629321711268251,1.0380703778158393,1.1556145349359284,0.9467673211242459,1.2192145845126057,0.12876362643645956,-0.15629321711268218,DD,-
A,U56,U56k40d04,U56,10.0,W,0,2,False,7.641719650592135,0.11556507028962093,1.1170580005690485,-0.12929195899732193,1.0240381764691275,1.2041496628178576,0.920028641891709,1.273075300780304,0.1362357828735783,-0.12015636947777364,-,-
A,U56,U56k40d04,U56,10.0,W,0,3,False,7.4004254018658,0.10990951294446694,1.0699364230427557,-0.13454064331993443,1.0327746089766325,1.1056929430290843,0.9295844279685954,1.1813592465288916,0.12492196422643853,-0.1345406433199342,-,-
A,U56,U56k40d04,U56,10.0,W,0,4,False,7.693253099818517,0.10318191450248682,1.0204828485230357,-0.13906863148307758,0.9579675549368206,1.0795829477641945,0.8604756229640232,1.1479864655203154,0.11945168466126588,-0.13610378595210082,DD,CAGR
A,U56,U56k40d04,U56,10.0,2W,0,0,True,5.295587459306759,0.1056274632259826,1.0056977949114752,-0.18947993699289523,0.88440739545138,1.1174917634075539,0.7875990487234855,1.1765779609791698,0.1288562448553101,-0.18947993699289611,DD,"H1,CAGR"
A,U56,U56k40d04,U56,10.0,2W,0,1,False,5.191515466098154,0.11713110823424722,1.096736895314286,-0.16667243445794133,1.006700775608055,1.1804290596445772,0.9303149245572213,1.2266737247950081,0.13632992036977032,-0.16667243445794144,DD,-
A,U56,U56k40d04,U56,10.0,2W,0,2,False,5.131947123984926,0.11884816723073843,1.1053548206294694,-0.17336720009242823,1.0421585272102234,1.164989682989885,0.9397838012990158,1.2330350652812703,0.13893893241228605,-0.17336720009242856,DD,-
A,U56,U56k40d04,U56,10.0,2W,0,3,False,5.197414157504977,0.11328855567606722,1.0803163131138793,-0.1695195843462538,1.0149283240347255,1.141780184181882,0.9157654439090934,1.208317030874747,0.13209127599686976,-0.16951958434625392,DD,-
A,U56,U56k40d04,U56,10.0,2W,0,4,False,5.39688611948944,0.10747940321125671,1.0237556877588925,-0.18565072812438266,1.0097412175062659,1.0397251662381786,0.9016271373505147,1.118007675164408,0.12276844790026753,-0.18565072812438244,DD,-
A,U56,U56k40d04,U56,10.0,2W,1,0,False,5.333660183676243,0.11034383816937154,1.0812088846728403,-0.14557029457634507,1.0531754150509494,1.10848790210888,0.9519541148848436,1.1841801413595712,0.12406576353585907,-0.14557029457634485,DD,-
A,U56,U56k40d04,U56,10.0,2W,1,1,False,5.266553651863117,0.11154533245822562,1.0801768089077115,-0.16043822585115508,1.0389282593802827,1.1196816865677457,0.9449936061836419,1.188372398329277,0.12574891262165355,-0.16043822585115508,DD,-
A,U56,U56k40d04,U56,10.0,2W,1,2,False,5.196623601330074,0.11415444153899035,1.0884560595296018,-0.13207031107022105,1.0885884535134882,1.0900643636945713,0.9976843911293444,1.1605117349974443,0.12490510646674813,-0.13207031107022082,-,-
A,U56,U56k40d04,U56,10.0,2W,1,3,False,5.1331098056252396,0.11347292635078099,1.0784172374779237,-0.14782699069409388,1.0690335194938427,1.089160882772718,0.9810680066339403,1.1551038844332306,0.12537368277894,-0.147826990694094,DD,-
A,U56,U56k40d04,U56,10.0,2W,1,4,False,5.176231593346114,0.10746175723312223,1.0399236119996742,-0.14866263327982798,0.9387420712904343,1.1349612245650649,0.8420011806732771,1.198019179702763,0.12762116054426587,-0.14618641411418265,DD,H1
A,U56,U56k40d04,U56,10.0,M,0,0,True,3.51024983517466,0.12084862021284848,1.1268443179516798,-0.1683230382748726,1.1071870563684199,1.1465498305104447,1.0099367580821637,1.2200149385270331,0.13420403196041764,-0.16832303827487272,DD,-
A,U56,U56k40d04,U56,10.0,M,0,1,False,3.4887708685719696,0.11994372182304769,1.1122422868989803,-0.18391089816161643,1.0825480157058678,1.1416712435244725,0.9741026288019933,1.2204195275418306,0.13652308011734138,-0.18391089816161665,DD,-
A,U56,U56k40d04,U56,10.0,M,0,2,False,3.4243317529912076,0.10895088262632702,0.9962831826076058,-0.20311267279216538,1.018945899916773,0.9822845943405435,0.9071636139661434,1.0646448736623428,0.1228123604355209,-0.20311267279216527,DD,DD
A,U56,U56k40d04,U56,10.0,M,0,3,False,3.476394661011707,0.11027357188679798,1.0103751111128234,-0.20863051307045866,0.9854048711403949,1.0372597733587583,0.8717829976248681,1.1153450008114507,0.12902321910804737,-0.20863051307045888,DD,DD
A,U56,U56k40d04,U56,10.0,M,0,4,False,3.403496732062894,0.11012442830148639,1.0137816174287124,-0.19431971186233654,0.9695926474097405,1.0572418673065618,0.8497204864251291,1.1371428286535372,0.13150977747938564,-0.19431971186233643,DD,-
A,U56,U56k40d04,U56,10.0,6W,0,0,True,2.9469950880523106,0.12593997711068328,1.1351190613024733,-0.18802979002510323,0.9809283463194399,1.275597014987794,0.8711071744421606,1.3387717856869135,0.15650525433188656,-0.18802979002510312,DD,-
A,U56,U56k40d04,U56,10.0,6W,0,1,False,2.886957663788923,0.131770623558763,1.179084133531158,-0.1844933543769225,1.0591933668977853,1.289413262253333,0.9552400131431401,1.352646816634709,0.15845366080543832,-0.1844933543769226,DD,-
A,U56,U56k40d04,U56,10.0,6W,0,2,False,2.8697185742207885,0.13082595225789517,1.1656196363852793,-0.18891829975737084,1.0769332205358524,1.2478905418653716,0.9682523795050875,1.3146380057288058,0.15690080324527944,-0.18891829975737084,DD,-
A,U56,U56k40d04,U56,10.0,6W,0,3,False,2.8409531273229574,0.1378621569769789,1.2411974694357095,-0.18112639452545365,1.1846622933131008,1.295886160942312,1.0688082069132,1.3728389298173078,0.16095095385134517,-0.18112639452545332,DD,-
A,U56,U56k40d04,U56,10.0,6W,0,4,False,2.9698657014720604,0.12828707947790585,1.1469726637043667,-0.20334043796774293,1.1820339386491543,1.1250384520163768,1.0675557019545223,1.208445172379268,0.14339964247596826,-0.20334043796774293,DD,DD
A,U56,U56k40d04,U56,10.0,6W,1,0,False,2.9189368236411526,0.12078295703072195,1.1213900023173047,-0.16906926707128722,1.130174539781043,1.1148139437022813,1.0150230593186438,1.2062208548910172,0.13311927610648522,-0.16906926707128744,DD,-
A,U56,U56k40d04,U56,10.0,6W,1,1,False,2.8920417962895857,0.12215505651935521,1.1241306573181444,-0.18858428694576435,1.1532376473483419,1.10013241436778,1.0324788644694418,1.196342461386108,0.13409321705501442,-0.18858428694576446,DD,-
A,U56,U56k40d04,U56,10.0,6W,1,2,False,2.9558605759984626,0.11890315848268562,1.0609169067544453,-0.20796165492705654,1.1025974707618615,1.0307858785405923,0.9673825811204061,1.1327711055442733,0.1338203962361615,-0.20796165492705643,DD,DD
A,U56,U56k40d04,U56,10.0,6W,1,3,False,2.9525661086747874,0.11219892724518288,1.0076615223635832,-0.20774472078604955,1.0244214214729581,0.998566440788261,0.885995555514028,1.1003981826509792,0.1293769650556702,-0.20774472078604955,DD,DD
A,U56,U56k40d04,U56,10.0,6W,1,4,False,2.996011861356759,0.11134720532773423,1.0118415189939476,-0.19820849482067726,1.0031148452295304,1.0237383744145319,0.8692439832738653,1.1210367706613547,0.12978642781946137,-0.1982084948206776,DD,-
A,U56,U56k40d04,U56,10.0,6W,2,0,False,2.9816826795435616,0.11101259180579848,0.9831206460028431,-0.21663373636434025,0.9603025957450876,1.0070709232426043,0.8259213741330256,1.103783513273102,0.13104586859834,-0.21663373636434047,DD,DD
A,U56,U56k40d04,U56,10.0,6W,2,1,False,2.990800333157342,0.11492107481431124,1.0177970601954502,-0.21566151121772148,0.9961355460346147,1.0408213113061122,0.8694115573979911,1.1319084315738268,0.13416891596062297,-0.21566151121772126,DD,DD
A,U56,U56k40d04,U56,10.0,6W,2,2,False,2.8680266704562087,0.11936960806205743,1.0556613977697034,-0.2134742010893479,1.0298007472265929,1.082704499039475,0.9122818941651719,1.165770002384549,0.1384895589044257,-0.2134742010893479,DD,DD
A,U56,U56k40d04,U56,10.0,6W,2,3,False,2.959361211200023,0.11712691377066431,1.0457948755601665,-0.22155903559250978,0.9937077586051696,1.0962828715662958,0.8642885036270302,1.1824978581684922,0.14093775660062025,-0.22155903559250922,DD,DD
A,U56,U56k40d04,U56,10.0,6W,2,4,False,3.0143104564602026,0.11055267479951514,0.9764157488540854,-0.22505094145024973,0.9270025227308845,1.0243585961666428,0.8136281451293793,1.0986713425387358,0.13258182973287935,-0.22505094145024973,DD,"H1,DD"
A,U56,U56k40d04,U56,10.0,6W,3,0,False,2.967381810224426,0.11006079287383286,0.9758073602385557,-0.22505094145024962,0.9677473621187289,0.9909732862908872,0.8643688800371395,1.0594444724204983,0.12837099135825913,-0.22505094145024962,DD,DD
A,U56,U56k40d04,U56,10.0,6W,3,1,False,2.937312396863073,0.11300853761881058,0.9924204147097173,-0.22514067914022462,1.0186192891195138,0.9797430168225542,0.9133783461396775,1.0530798194331423,0.1284434815933475,-0.2251406791402244,DD,DD
A,U56,U56k40d04,U56,10.0,6W,3,2,False,2.9724289896498717,0.10493388376349544,0.9266373662547073,-0.22504274470396224,0.9786009989088452,0.8908633855433711,0.8718053912158668,0.9695782744050148,0.11674456974659408,-0.22504274470396202,DD,"DD,CAGR"
A,U56,U56k40d04,U56,10.0,6W,3,3,False,2.9059311883432954,0.10917060094683229,0.9711369662625007,-0.21287813375622955,1.038737145461708,0.9213873651761108,0.9525136803174852,0.9878053921609317,0.11731289292682479,-0.21287813375622944,DD,DD
A,U56,U56k40d04,U56,10.0,6W,3,4,False,2.8849801921725384,0.10644652984522729,0.9475349870984582,-0.22691607666245617,1.0316287586162227,0.8864042430551551,0.9428712905061558,0.9548912582442516,0.11398151857520222,-0.22691607666245583,DD,"DD,CAGR"
A,U56,U56k40d04,U56,10.0,6W,4,0,False,2.935287243637475,0.1067289004896601,0.9489569818533751,-0.2219808240956226,1.0654150516255596,0.8644029433416409,0.9803514355902615,0.9315588748751513,0.11145787530432072,-0.22198082409562225,DD,DD
A,U56,U56k40d04,U56,10.0,6W,4,1,False,2.914249808866756,0.11326242313290802,0.997837206147134,-0.21691509563726952,1.122116036946991,0.9102728283440272,1.0305233437197296,0.9813423820110264,0.11935199469693769,-0.2169150956372693,DD,DD
A,U56,U56k40d04,U56,10.0,6W,4,2,False,2.866896151711194,0.12037128817486376,1.0537856469105127,-0.2170422829898776,1.131094861867386,1.0012706678342334,1.0333728237826334,1.0733951377308366,0.13111563209605093,-0.2170422829898777,DD,DD
A,U56,U56k40d04,U56,10.0,6W,4,3,False,2.9375363467432334,0.1156504817911097,1.0320874849275683,-0.222988086094969,1.1550755081703177,0.9393031260200821,1.0568019225308356,1.0185901264971242,0.12088703550979663,-0.222988086094969,DD,DD
A,U56,U56k40d04,U56,10.0,6W,4,4,False,2.915076101180759,0.11729007927581736,1.0475529615588253,-0.2232830196731842,1.160840840694441,0.9603992294867876,1.0650540085615086,1.0384969296158766,0.12270872107096364,-0.22328301967318398,DD,DD
A,U56,U56k40d04,U56,10.0,6W,5,0,False,2.9058434199476384,0.11811108804562287,1.0847813076775656,-0.1932088745983005,1.1278136817082818,1.0518769006542557,1.033170604012891,1.1254292486825033,0.12810298766966022,-0.1932088745983006,DD,-
A,U56,U56k40d04,U56,10.0,6W,5,1,False,2.8657185133044747,0.12338752789038399,1.1322547665383635,-0.202720216198357,1.1053351667398725,1.159881668084194,1.0158865065623335,1.2224112688435977,0.13908043173274742,-0.202720216198357,DD,DD
A,U56,U56k40d04,U56,10.0,6W,5,2,False,2.8925161637216332,0.1301622462565728,1.196734488570341,-0.14389945608333554,1.1453665049654729,1.2457523711332714,1.0598497807760678,1.3056337289992708,0.14596788570607955,-0.14389945608333554,DD,-
A,U56,U56k40d04,U56,10.0,6W,5,3,False,2.9526948348906683,0.12961657163749551,1.169852092937291,-0.17045034053713704,1.1151081086040937,1.2224726823611942,1.010398410203824,1.2921104069417388,0.15062291118976856,-0.17045034053713726,DD,-
A,U56,U56k40d04,U56,10.0,6W,5,4,False,2.979561923294917,0.12514555039066555,1.1490141040649404,-0.1708386022163364,1.0208378550136017,1.2675130783484416,0.9090331383981961,1.3369843490712026,0.15195590412533133,-0.1708386022163365,DD,-
A,U56,U56k40d04,U56,10.0,Q,0,0,True,2.0062335507012854,0.11300761149043259,0.9574580531044715,-0.2685209870772236,1.081651499949078,0.8588445495673145,0.9705087930633534,0.9503902235261537,0.1175882940284887,-0.2685209870772238,DD,DD
A,U56,U56k40d04,U56,10.0,Q,0,1,False,2.0436794262104745,0.11208325131667007,0.9529680871914322,-0.2688100546890071,1.056542517432405,0.8732144217210488,0.9417507047934723,0.9641126384778534,0.11960463144135125,-0.2688100546890072,DD,DD
A,U56,U56k40d04,U56,10.0,Q,0,2,False,2.02137500815272,0.11495334692789361,0.9734173818160823,-0.26313794809399405,1.0749040996066974,0.895332539055663,0.9595700398884492,0.9864466862195542,0.12280095626384102,-0.2631379480939938,DD,DD
A,U56,U56k40d04,U56,10.0,Q,0,3,False,2.0130287873316726,0.11929899222218876,1.0104956284080564,-0.26232269142429,1.116563064368826,0.9324719205347259,1.0085332199638921,1.0161037020405081,0.1274111854046147,-0.2623226914242899,DD,DD
A,U56,U56k40d04,U56,10.0,Q,0,4,False,2.018344327753552,0.11691656389262639,1.002656487595939,-0.25182033448747465,1.1192667303055739,0.9166606959281843,1.0140030083925793,0.9993637780021443,0.124059351182505,-0.251820334487475,DD,DD
A,U56,U56k40d05,U56,10.0,D,0,0,True,18.404504251287864,0.09258130166150313,0.9387629581472428,-0.14503042155095225,0.8264624433252261,1.0421780386495691,0.7176083959665545,1.110931733884592,0.11459450863529597,-0.14503042155095225,DD,"H1,CAGR"
A,U56,U56k40d05,U56,10.0,2D,0,0,True,12.422077096890238,0.10005807168037006,1.0001703348561979,-0.16182586888145334,0.9182395238555111,1.0761143271681883,0.8183577750930046,1.1406551238096105,0.11947303664695696,-0.1618258688814529,DD,"H1,CAGR"
A,U56,U56k40d05,U56,10.0,2D,1,0,False,12.547146504971366,0.098966685567212,0.992561629619773,-0.12456597344287212,0.8570594871919357,1.1172742490854088,0.7637823888974041,1.1711078058502917,0.12198656828103727,-0.12456597344287235,-,"H1,CAGR"
A,U56,U56k40d05,U56,10.0,W,0,0,True,7.6808224156737115,0.10440509453906022,1.0292828558861369,-0.17400816927385565,0.9371292644707186,1.114081499874126,0.858510427788829,1.1600178573013236,0.1237801692095084,-0.17400816927385598,DD,"H1,CAGR"
A,U56,U56k40d05,U56,10.0,W,0,1,False,7.53276896781149,0.1093167715654133,1.0696582524613483,-0.16720809194139552,0.9909936618646069,1.1428395876380706,0.9167306458653955,1.1875331770290043,0.12709121171165316,-0.16720809194139497,DD,-
A,U56,U56k40d05,U56,10.0,W,0,2,False,7.527318852791071,0.11142622079355435,1.0814965975074333,-0.13400877586818327,0.9323914905551389,1.2172633990483377,0.845225034115841,1.2634247487750618,0.13692742844184846,-0.1218658003787556,-,H1
A,U56,U56k40d05,U56,10.0,W,0,3,False,7.559498326632888,0.10941636091339224,1.0617176729042834,-0.15788291413036182,1.0113052791645742,1.1098470764307231,0.9104682812686081,1.1785168335516345,0.1270488977190849,-0.1578829141303616,DD,-
A,U56,U56k40d05,U56,10.0,W,0,4,False,7.5297892070596495,0.10540220231842934,1.045151539429814,-0.13341552866381,0.9004172193191735,1.1782609449447314,0.8065310493795524,1.2311750057765471,0.12980938951509668,-0.1334155286638099,-,"H1,CAGR"
A,U56,U56k40d05,U56,10.0,2W,0,0,True,5.240951173009966,0.10821138443109235,1.0273896778704417,-0.20112196304812602,0.8576278673014949,1.1787085071975343,0.7687466871398222,1.2222495378811518,0.13722032275076157,-0.20112196304812557,DD,H1
A,U56,U56k40d05,U56,10.0,2W,0,1,False,5.135229939155379,0.11324684659709927,1.0645446067956756,-0.18688489642691541,0.9750559347148245,1.146929660703068,0.9086786824861167,1.182186409528017,0.1335926120567832,-0.18688489642691508,DD,-
A,U56,U56k40d05,U56,10.0,2W,0,2,False,5.118322544107595,0.11679331964024131,1.0832292202295934,-0.1887936600923824,0.9760359207171893,1.1806802001863739,0.8833130889913258,1.232251168416853,0.1422868005002027,-0.18879366009238252,DD,-
A,U56,U56k40d05,U56,10.0,2W,0,3,False,5.0969678521102395,0.1131153735408168,1.0768525781705134,-0.1851689236192161,1.004777927659547,1.1442596371144973,0.9151343743920928,1.2000192708588127,0.13306334870706804,-0.18516892361921644,DD,-
A,U56,U56k40d05,U56,10.0,2W,0,4,False,5.243170481667083,0.10834352901398336,1.039069956247135,-0.18529374180566527,0.9731404912918499,1.1010372806029047,0.8763644924759103,1.1623360081255663,0.12833998994867102,-0.1852937418056656,DD,-
A,U56,U56k40d05,U56,10.0,2W,1,0,False,5.1711264474677945,0.10692415043900994,1.0525794152768557,-0.1513510656039786,0.990562814515898,1.1109493189997832,0.9082107647926184,1.1647641049742288,0.12326472025808077,-0.1513510656039786,DD,-
A,U56,U56k40d05,U56,10.0,2W,1,1,False,5.221583425320905,0.10900014657629042,1.0664567220386267,-0.15987136183305128,0.9597709341934794,1.1649219653698049,0.8881993430754926,1.2051379305657615,0.12845384399949422,-0.15987136183305162,DD,-
A,U56,U56k40d05,U56,10.0,2W,1,2,False,5.166349184898719,0.11473632382447718,1.1035034424562067,-0.12430508886001923,1.0116678613335477,1.1887163247022932,0.9359273023017397,1.2337898891456973,0.13376405378014167,-0.12430508886001923,-,-
A,U56,U56k40d05,U56,10.0,2W,1,3,False,5.065640359116656,0.11192384938632127,1.0629572655994968,-0.16943242083379162,0.9979541416512228,1.1241095330090236,0.9054893117411669,1.1834180309600286,0.13116070484312692,-0.1694324208337913,DD,-
A,U56,U56k40d05,U56,10.0,2W,1,4,False,5.175598716672387,0.10745817311831285,1.0430743495655612,-0.14766197596172648,0.8694322303558194,1.2021191693216198,0.7857439159789928,1.243632479731665,0.13417979180266126,-0.1476619759617266,DD,H1
A,U56,U56k40d05,U56,10.0,M,0,0,True,3.4876690515663933,0.11672429428777864,1.096995380848245,-0.1803723590285533,1.0565220001470037,1.1367374849317269,0.9813199021997929,1.1862099724119854,0.13217192770770692,-0.1803723590285533,DD,-
A,U56,U56k40d05,U56,10.0,M,0,1,False,3.4704400053923212,0.11500635177105711,1.0730327513423035,-0.19374226392749927,1.0369291011931576,1.109501914906952,0.9484260108970967,1.1681497635616105,0.13209130227024612,-0.1937422639274996,DD,-
A,U56,U56k40d05,U56,10.0,M,0,2,False,3.425725362317632,0.10942268996789761,1.0080521404691196,-0.2033451115901279,0.9428670933093771,1.0698545880277959,0.8518841793231731,1.1245657324315663,0.13071560306679508,-0.20334511159012802,DD,"H1,DD"
A,U56,U56k40d05,U56,10.0,M,0,3,False,3.394035685841986,0.10928645296314277,1.0088821231461522,-0.20275783928217272,0.9458337591401552,1.0690233853421278,0.8498801073512198,1.127052324653124,0.13109816583438838,-0.2027578392821726,DD,"H1,DD"
A,U56,U56k40d05,U56,10.0,M,0,4,False,3.3673422282735235,0.11059938994877316,1.0214508663942206,-0.20346694322746606,0.9497810575807133,1.0892509876222582,0.8509272276015033,1.1468333581755523,0.13438764469177822,-0.20346694322746572,DD,"H1,DD"
A,U56,U56k40d05,U56,10.0,6W,0,0,True,2.8932521999635115,0.12315730174672357,1.1096296965233263,-0.20342755622764264,0.9178178322919944,1.2780053681521137,0.825504501980935,1.319261083255273,0.15812782656824464,-0.20342755622764275,DD,"H1,DD"
A,U56,U56k40d05,U56,10.0,6W,0,1,False,2.8719628394235417,0.12633902482624726,1.1341970271649033,-0.21235551789158735,0.9983556962162166,1.2558976035367562,0.9104688136838325,1.299892605297808,0.15586415707238888,-0.2123555178915877,DD,DD
A,U56,U56k40d05,U56,10.0,6W,0,2,False,2.8329814219371476,0.12754371478883075,1.1348056765503296,-0.20786674393211213,1.0078118560098168,1.2489072248903332,0.9178632638328432,1.292878318216464,0.15827904795415715,-0.20786674393211246,DD,DD
A,U56,U56k40d05,U56,10.0,6W,0,3,False,2.766967499674061,0.1318249355818042,1.1864312449145848,-0.20556471121826458,1.092733763048816,1.273308385212684,0.9965496137324191,1.3281124854015616,0.15823298267772623,-0.20556471121826458,DD,DD
A,U56,U56k40d05,U56,10.0,6W,0,4,False,2.903549311499089,0.12118719824671853,1.0962179592315107,-0.2063396749272679,1.1063043531998424,1.098009910475071,1.0171445531469758,1.1574746300022742,0.13752025204641893,-0.20633967492726835,DD,DD
A,U56,U56k40d05,U56,10.0,6W,1,0,False,2.9267898566816406,0.1169913937816085,1.0935225170281033,-0.18722900133709353,1.091353745304773,1.0993935139606799,0.9934721882567796,1.1710282784938761,0.13084244712494453,-0.18722900133709275,DD,-
A,U56,U56k40d05,U56,10.0,6W,1,1,False,2.9400986386851087,0.1171013732826911,1.0894129647444215,-0.20282640920666584,1.0823259384508308,1.1007661517061544,0.9795064694015777,1.173669334593326,0.1328504004426383,-0.20282640920666617,DD,DD
A,U56,U56k40d05,U56,10.0,6W,1,2,False,2.968334020222174,0.1188353493668266,1.0714967387308627,-0.20825027898161264,1.0361505168357765,1.1094805593390404,0.9279511528754555,1.1786376965916887,0.14043555590352486,-0.20825027898161286,DD,DD
A,U56,U56k40d05,U56,10.0,6W,1,3,False,2.93179396057799,0.11634296187784132,1.0522222243015995,-0.20360636746680094,0.9799667292657176,1.1201690166131395,0.8595061066749548,1.19560753579357,0.14177608256079788,-0.20360636746680083,DD,DD
A,U56,U56k40d05,U56,10.0,6W,1,4,False,2.905033405254608,0.1156136970588586,1.0445330270720623,-0.20930957178381138,0.9691176621294865,1.1151368034742646,0.8506203151040396,1.1883501293062593,0.14134999933765213,-0.20930957178381104,DD,DD
A,U56,U56k40d05,U56,10.0,6W,2,0,False,2.9109137588884995,0.1151274312174917,1.0327298983842312,-0.211639591548774,0.9404707852722853,1.1172665287637225,0.8251098316425922,1.187400539135826,0.14185886022740757,-0.21163959154877376,DD,"H1,DD"
A,U56,U56k40d05,U56,10.0,6W,2,1,False,2.9568987272414713,0.11826871742201583,1.060234326447748,-0.21014013528591424,0.9618051502769307,1.1501649760958368,0.8472495593870579,1.2195461697057455,0.14546538279214194,-0.21014013528591435,DD,DD
A,U56,U56k40d05,U56,10.0,6W,2,2,False,2.897170304853936,0.11650836603616854,1.0388206523977974,-0.21372227207741745,0.9466079777465514,1.1233626402387624,0.8450388768391313,1.1835049205938757,0.1420478296211236,-0.21372227207741745,DD,"H1,DD"
A,U56,U56k40d05,U56,10.0,6W,2,3,False,2.8923991169331495,0.11580813360535647,1.0364565179185758,-0.2217210906869158,0.9465231923243281,1.119248071901446,0.8389364003550018,1.1819189776913912,0.14259536762054692,-0.2217210906869157,DD,"H1,DD"
A,U56,U56k40d05,U56,10.0,6W,2,4,False,2.9410876421144008,0.1142952835278781,1.0233079458522736,-0.22158730412833938,0.9479485423894256,1.0938272306122554,0.8663553900043528,1.1401339620303788,0.13669809803582433,-0.22158730412833927,DD,"H1,DD"
A,U56,U56k40d05,U56,10.0,6W,3,0,False,2.9253450023834247,0.10957686874113381,0.9874478549104068,-0.22158730412833927,0.9130345215972198,1.0575537398109731,0.8285163840831469,1.1040991811357879,0.13293337105168912,-0.22158730412833938,DD,"H1,DD"
A,U56,U56k40d05,U56,10.0,6W,3,1,False,2.858670556834059,0.11368868723079784,1.0138597562068004,-0.22184611402769394,0.9508620947284993,1.074895376608493,0.8751091571513161,1.1166966419582238,0.1353939676254241,-0.22184611402769405,DD,"H1,DD"
A,U56,U56k40d05,U56,10.0,6W,3,2,False,2.8962216151319256,0.1093553126189144,0.9776908032161518,-0.22185470610497915,0.9347270107292375,1.0215515235988233,0.8592347564983159,1.0663190511436624,0.12821304040213022,-0.22185470610497948,DD,"H1,DD"
A,U56,U56k40d05,U56,10.0,6W,3,3,False,2.8797685744707775,0.10911815795417001,0.9740168244965351,-0.22206998880639106,0.9776903975093048,0.9797703346482033,0.9014468058741376,1.0300020853882685,0.12362880165487078,-0.22206998880639084,DD,DD
A,U56,U56k40d05,U56,10.0,6W,3,4,False,2.907512012969573,0.10622568165960522,0.9645227071186954,-0.2137956603493263,0.9406437012205868,0.9927485372626931,0.8742344041692411,1.03303643898262,0.12215742211331704,-0.2137956603493264,DD,"H1,DD,CAGR"
A,U56,U56k40d05,U56,10.0,6W,4,0,False,2.9897059044654615,0.10653516416712994,0.9575525896476909,-0.22269087040366842,0.9872854192980824,0.9453395023461216,0.9126973266315433,0.9946048034491559,0.11944031014433287,-0.2226908704036683,DD,"DD,CAGR"
A,U56,U56k40d05,U56,10.0,6W,4,1,False,2.9120102716649865,0.10847034572716652,0.9667927811888943,-0.21792511532991754,0.9753110253648709,0.9724631772758408,0.8994267062824675,1.0197414785503853,0.12427959718449166,-0.2179251153299172,DD,DD
A,U56,U56k40d05,U56,10.0,6W,4,2,False,2.885052272850261,0.11809826734078821,1.0464210042242434,-0.21808185816219317,1.0159268657716667,1.0823113522941246,0.9331875006667474,1.1313842100668678,0.1382819578874408,-0.21808185816219317,DD,DD
A,U56,U56k40d05,U56,10.0,6W,4,3,False,2.96278977198492,0.11577768310679537,1.041653828942423,-0.21859722784036262,1.056624288130815,1.0396130726076251,0.98238799508212,1.088679700775117,0.12987757225262797,-0.2185972278403625,DD,DD
A,U56,U56k40d05,U56,10.0,6W,4,4,False,2.9207372333679973,0.11304829340816891,1.030417845706864,-0.21747681781696837,1.0173127167450833,1.0492756614779426,0.9397076215939647,1.0996005346283197,0.12886696599840897,-0.21747681781696848,DD,DD
A,U56,U56k40d05,U56,10.0,6W,5,0,False,2.9439049940654543,0.1112482528907397,1.0344690688814606,-0.1923686409378751,1.0118771732854641,1.0599716177246357,0.9372963875220582,1.1085724859122006,0.12653338931251135,-0.19236864093787476,DD,-
A,U56,U56k40d05,U56,10.0,6W,5,1,False,2.8960888934908646,0.11592474165478328,1.0814963661865469,-0.19271859136918568,0.9798828722428292,1.1744174229607456,0.9059024845349872,1.2143444578575366,0.1380459635006177,-0.19271859136918534,DD,-
A,U56,U56k40d05,U56,10.0,6W,5,2,False,2.8409147996219035,0.12151211240049853,1.1306717547735197,-0.14352259465616246,1.02714395406869,1.2262322631693467,0.9657288886328919,1.2585210012574064,0.14130758485733175,-0.14352259465616235,DD,-
A,U56,U56k40d05,U56,10.0,6W,5,3,False,2.9146792991187387,0.12296168335520585,1.11335330021739,-0.18961375999382268,1.030014501274484,1.1910611879506716,0.9388355106921028,1.243501953530312,0.14724826983739425,-0.18961375999382257,DD,-
A,U56,U56k40d05,U56,10.0,6W,5,4,False,2.901273613383987,0.12096341413839418,1.124962753942806,-0.16413092327809486,0.9435282556244241,1.2890454998034386,0.8485353233807428,1.3368994409010502,0.1519577118821105,-0.1641309232780952,DD,H1
A,U56,U56k40d05,U56,10.0,Q,0,0,True,1.9558537223934331,0.10825269489593059,0.9264137452307214,-0.2717537049216304,0.9950895353476931,0.8807616013743527,0.9068053195111082,0.9450540169178268,0.11821727683939276,-0.2717537049216304,DD,DD
A,U56,U56k40d05,U56,10.0,Q,0,1,False,1.9693966384205595,0.10840246176187751,0.9230752582642513,-0.27201470574047604,1.0021527747330181,0.8693991658997609,0.9080900814298676,0.9385100075328421,0.11798085035667238,-0.2720147057404759,DD,DD
A,U56,U56k40d05,U56,10.0,Q,0,2,False,1.9978715827825777,0.11163917052167749,0.9439309940885207,-0.2663355859813249,0.9601950675923722,0.9396298864222778,0.8780626881751077,0.9950137440439281,0.12602639197679877,-0.2663355859813247,DD,DD
A,U56,U56k40d05,U56,10.0,Q,0,3,False,1.963534402784859,0.11626318801293167,0.9920681338829043,-0.26638157880712676,1.0491236505924113,0.9587140622960595,0.962851932530074,1.018635110975295,0.12882023568222856,-0.26638157880712676,DD,DD
A,U56,U56k40d05,U56,10.0,Q,0,4,False,1.9627865431918716,0.11511961359677536,0.9904934847604637,-0.2589180899313185,1.0473762190567957,0.9565078165250788,0.970384520352169,1.0106672308889375,0.12656158759103353,-0.2589180899313186,DD,DD
A,U56,U56k40d06,U56,10.0,D,0,0,True,17.985294666295495,0.10843081919998232,1.0088968375317924,-0.1611197421916989,0.8955648936839449,1.1119819767857935,0.7765379710955298,1.1852383377637157,0.13515427125233526,-0.161119742191699,DD,H1
A,U56,U56k40d06,U56,10.0,2D,0,0,True,12.179383032395299,0.11751800473264096,1.0759853067977556,-0.16486674356763598,0.9853168998491489,1.159469392349637,0.8729970133875775,1.229056152730443,0.14276573894135902,-0.16486674356763587,DD,-
A,U56,U56k40d06,U56,10.0,2D,1,0,False,12.280311862074429,0.1142990536579176,1.0530730289319281,-0.14263297900597105,0.9271098522816358,1.1673366245537016,0.8093299351371708,1.2380383577288396,0.14264751530327469,-0.14263297900597105,DD,H1
A,U56,U56k40d06,U56,10.0,W,0,0,True,7.58615619961199,0.12137663514676644,1.0951574544037788,-0.18784682300203204,0.9741264605664883,1.2045875215921347,0.8761091437200402,1.2591435989735928,0.14916271718562557,-0.18784682300203182,DD,-
A,U56,U56k40d06,U56,10.0,W,0,1,False,7.443616118268399,0.12318897111261884,1.1125440295282993,-0.18506917760242048,1.0123581132862303,1.204422413226413,0.9221174135673634,1.2563545870620523,0.1478228634682528,-0.18506917760242048,DD,-
A,U56,U56k40d06,U56,10.0,W,0,2,False,7.534584996630066,0.12938188393848526,1.1508981618302108,-0.1431301964395032,0.9957464190167689,1.2904732734602207,0.9019018457808985,1.3389568971633743,0.1602816765814956,-0.1431301964395031,DD,-
A,U56,U56k40d06,U56,10.0,W,0,3,False,7.500506018151056,0.12213564299193957,1.09169066589798,-0.16695340872569264,0.9951915568162372,1.1802543496671791,0.8790715835812413,1.251902512711701,0.14912852477060645,-0.16695340872569264,DD,-
A,U56,U56k40d06,U56,10.0,W,0,4,False,7.622633250119628,0.11670815921265265,1.061725943490045,-0.15906956844732634,0.9398376406330881,1.1723451783827923,0.8272928033807774,1.2394083249598913,0.14468255360762527,-0.15906956844732678,DD,H1
A,U56,U56k40d06,U56,10.0,2W,0,0,True,5.129568090788881,0.12364488394936757,1.0786471145445067,-0.22168954116976392,0.9240524439447996,1.2157425113598495,0.8245240567769374,1.2665172236085676,0.1565614698864768,-0.22168954116976425,DD,"H1,DD"
A,U56,U56k40d06,U56,10.0,2W,0,1,False,5.120695969208036,0.12546357237556993,1.0862418761683112,-0.2035493678313801,1.0197184604136507,1.1501596933444773,0.9428822776894084,1.1931140385455066,0.14841060738860845,-0.20354936783138056,DD,DD
A,U56,U56k40d06,U56,10.0,2W,0,2,False,5.117524252198705,0.1331581590517099,1.132264427274113,-0.20799281542778592,1.0312673212540122,1.2251345195566357,0.9332923463957397,1.2784501851159467,0.1630350488468737,-0.20799281542778636,DD,DD
A,U56,U56k40d06,U56,10.0,2W,0,3,False,5.101222460498365,0.12360005431943022,1.0824100477673977,-0.20218639704971886,0.9560929763894679,1.1957283223171522,0.8469354866576836,1.2561193860625817,0.1548023460388559,-0.20218639704971886,DD,H1
A,U56,U56k40d06,U56,10.0,2W,0,4,False,5.322380945029002,0.11994924693364539,1.0468795705635405,-0.21309603344201766,0.9588230332066568,1.1282538920203882,0.8405712315797109,1.1982076218664903,0.1486898958147942,-0.21309603344201788,DD,DD
A,U56,U56k40d06,U56,10.0,2W,1,0,False,5.208320078769556,0.12611167701771664,1.1285937700422963,-0.1578909785845326,0.994093422313708,1.2500744121100633,0.8750291270291032,1.319214780561335,0.15739353377209686,-0.15789097858453272,DD,-
A,U56,U56k40d06,U56,10.0,2W,1,1,False,5.264446167940926,0.12376931826848048,1.110142415519067,-0.17834243362796298,1.005046493325734,1.2064288499805327,0.9056957891168096,1.2655868549091995,0.14939875064008779,-0.17834243362796298,DD,-
A,U56,U56k40d06,U56,10.0,2W,1,2,False,5.214415378009835,0.1295419827186277,1.1381360348159792,-0.1432103726343108,1.0277176538969066,1.2390198697561086,0.9322940005889961,1.294066726550023,0.1563524294307339,-0.14321037263431113,DD,-
A,U56,U56k40d06,U56,10.0,2W,1,3,False,5.085009329818537,0.12651865936996898,1.1019417708139991,-0.17849816055448786,1.0044958678026423,1.1913192046274153,0.9016856303264401,1.251927751187057,0.15364323922583112,-0.17849816055448808,DD,-
A,U56,U56k40d06,U56,10.0,2W,1,4,False,5.068211530174408,0.12054631458056231,1.076412490895565,-0.17667459391833096,0.9435529251685294,1.1968790627078683,0.8417653302994894,1.2548524958705982,0.14901386580042852,-0.17667459391833074,DD,H1
A,U56,U56k40d06,U56,10.0,M,0,0,True,3.4129503220008446,0.13641976834413638,1.167128812776276,-0.18266785849782097,1.1049267993287166,1.2265049849130312,1.0098240099140998,1.286973702768717,0.1590647281935642,-0.18266785849782097,DD,-
A,U56,U56k40d06,U56,10.0,M,0,1,False,3.4542258259816423,0.13434764388915554,1.141735657793871,-0.20790787482311224,1.093509731724934,1.1898397346069007,0.9881023316100422,1.2574326513895018,0.1578523431352954,-0.20790787482311246,DD,DD
A,U56,U56k40d06,U56,10.0,M,0,2,False,3.468750844734346,0.1282325859333533,1.071360466655802,-0.22379603158446804,1.0292965611540228,1.1166986137631274,0.9256778271773649,1.1790079469750852,0.15345764956766028,-0.22379603158446804,DD,DD
A,U56,U56k40d06,U56,10.0,M,0,3,False,3.4410512179972743,0.12897177867866305,1.0800010033240495,-0.22533708871625424,1.0318748582093056,1.1306317817357165,0.9186589941033046,1.1983061952206457,0.1562374442277168,-0.22533708871625435,DD,DD
A,U56,U56k40d06,U56,10.0,M,0,4,False,3.3399089185882005,0.12650535190216639,1.0569063903606455,-0.2248750365233283,1.0130094455424759,1.104752045157732,0.8956880411110251,1.174495357235273,0.15430007675350188,-0.2248750365233283,DD,DD
A,U56,U56k40d06,U56,10.0,6W,0,0,True,2.9024344538434543,0.14082804544513383,1.1654773399268454,-0.2187296449414421,0.9754215569291773,1.3308738784321896,0.8598868411418182,1.3857783751305925,0.18375047891384066,-0.21872964494144187,DD,DD
A,U56,U56k40d06,U56,10.0,6W,0,1,False,2.9164644249261804,0.1450109611276409,1.1903424345453433,-0.2217336313048046,1.0518800009767404,1.3143017584775138,0.9501309893152815,1.3641523360361365,0.1822195900055099,-0.2217336313048045,DD,DD
A,U56,U56k40d06,U56,10.0,6W,0,2,False,2.8227946407814315,0.1478639412254985,1.1993997236453173,-0.2254296918890183,1.0659709639224901,1.3199542082402609,0.9636787959161749,1.3679240628159552,0.18702849561346824,-0.22542969188901807,DD,DD
A,U56,U56k40d06,U56,10.0,6W,0,3,False,2.847663586649138,0.14933439125047876,1.2281380890224556,-0.22038496413773712,1.0927008904227735,1.3500949549386212,0.9735646017654864,1.4124161981715153,0.18826230101555308,-0.220384964137737,DD,DD
A,U56,U56k40d06,U56,10.0,6W,0,4,False,2.925113927022887,0.14247573025528792,1.168559097429088,-0.22794673016431655,1.1541729019955818,1.1972494864389847,1.0334993442261657,1.269265269963845,0.17074807603796183,-0.22794673016431655,DD,DD
A,U56,U56k40d06,U56,10.0,6W,1,0,False,2.9005833333217446,0.13622537672010493,1.1677681298167695,-0.17793034510813743,1.0854486003202306,1.244865223732942,0.9629034929905403,1.3206804563111312,0.16518028598121104,-0.17793034510813743,DD,-
A,U56,U56k40d06,U56,10.0,6W,1,1,False,2.8841324086765354,0.13367998375582757,1.134022375901441,-0.21345016232311265,1.1251463849355166,1.1515108613315554,0.9973979920499055,1.2361508967279131,0.15725537176360294,-0.21345016232311287,DD,DD
A,U56,U56k40d06,U56,10.0,6W,1,2,False,2.9111032294739565,0.1333406509254167,1.0867259994850715,-0.22551000182155478,1.0639284240664466,1.1189898372394471,0.9286453623031004,1.2023827372351978,0.16201899403127373,-0.22551000182155445,DD,DD
A,U56,U56k40d06,U56,10.0,6W,1,3,False,2.9301002045665157,0.13198730341973963,1.0762565697161708,-0.225275082910255,1.054945041640202,1.1058081359550112,0.9228736461023308,1.1890975950013636,0.15907640067618667,-0.2252750829102551,DD,DD
A,U56,U56k40d06,U56,10.0,6W,1,4,False,2.8613721705785253,0.12868813051103478,1.057316632952085,-0.22875516484855973,1.0223184205313665,1.0973903375816725,0.8903442931940855,1.1793882317833109,0.15679312273347845,-0.22875516484855973,DD,DD
A,U56,U56k40d06,U56,10.0,6W,2,0,False,2.913968407948304,0.1303228404623331,1.0725632284467777,-0.22256564993319172,1.02484574019992,1.1214584368312348,0.8920032720896486,1.2053982224888253,0.15875305325149602,-0.2225656499331915,DD,DD
A,U56,U56k40d06,U56,10.0,6W,2,1,False,2.8884286503489207,0.1302771606278137,1.0769537574446866,-0.22228965250101695,1.016892244908482,1.1358037045304614,0.8859790982748124,1.2174104746843593,0.159532628143781,-0.22228965250101695,DD,DD
A,U56,U56k40d06,U56,10.0,6W,2,2,False,2.838174174021701,0.13685532652096133,1.1269451084783515,-0.2199321835263357,1.0704242554034138,1.1835769092158117,0.9566572518191474,1.2528133291879904,0.16472025744728924,-0.2199321835263357,DD,DD
A,U56,U56k40d06,U56,10.0,6W,2,3,False,2.89593823183846,0.13781646548184256,1.133380076204018,-0.22103636789373882,1.075643113698554,1.1917867648274183,0.950173082806999,1.2677922037264437,0.16777970476016835,-0.2210363678937386,DD,DD
A,U56,U56k40d06,U56,10.0,6W,2,4,False,2.90683696574688,0.13428822120527117,1.0979728328277063,-0.22095246984988126,1.0484157522572173,1.1499957797207594,0.9482979348914455,1.2084381915205074,0.16107679172792766,-0.22095246984988082,DD,DD
A,U56,U56k40d06,U56,10.0,6W,3,0,False,2.8526758170558466,0.13199480760532323,1.082575922353491,-0.22095246984988115,1.1078980938501561,1.078667895311641,0.9948769683299314,1.1507763213362934,0.153987641246089,-0.22095246984988115,DD,DD
A,U56,U56k40d06,U56,10.0,6W,3,1,False,2.853796784017235,0.13356078933171767,1.0937886393967484,-0.2242011820531118,1.1231393988857132,1.0855780998074933,1.034382036340157,1.1425280611666664,0.1520092374320492,-0.2242011820531119,DD,DD
A,U56,U56k40d06,U56,10.0,6W,3,2,False,2.8533135546562516,0.1319403870156417,1.0785635834474812,-0.22143213257527017,1.0497670792086098,1.1146753664475597,0.9536818442821388,1.1716621196022874,0.1564463740052684,-0.22143213257527006,DD,DD
A,U56,U56k40d06,U56,10.0,6W,3,3,False,2.817881130727228,0.1306112654342324,1.068583533313058,-0.22186401914256026,1.0840764629921702,1.0682131749001358,0.99548999440277,1.1258946902651938,0.14907601792484204,-0.22186401914256026,DD,DD
A,U56,U56k40d06,U56,10.0,6W,3,4,False,2.8676454216725746,0.12310120408548042,1.0220737396766755,-0.22395007388009436,1.0451336554030004,1.015459482555745,0.9591055215275975,1.0721736907898913,0.13989340062402245,-0.22395007388009425,DD,DD
A,U56,U56k40d06,U56,10.0,6W,4,0,False,2.8355098003044406,0.12618963895274016,1.0423376027134486,-0.21867364319504268,1.054786936006541,1.0455536957043716,0.9684128296183522,1.1002329393405277,0.14468901840631898,-0.21867364319504212,DD,DD
A,U56,U56k40d06,U56,10.0,6W,4,1,False,2.8595899069158497,0.13008607630206748,1.0665490874413905,-0.21517283663381503,1.0736897908920833,1.076084133880576,0.9856507450712508,1.129878751254178,0.15083415662726907,-0.21517283663381503,DD,DD
A,U56,U56k40d06,U56,10.0,6W,4,2,False,2.7982246192039066,0.1393583318160292,1.130281784163384,-0.2198183040071554,1.1108520461731286,1.1595116309931255,1.0219893024902107,1.2123722204349554,0.16284623833745093,-0.21981830400715519,DD,DD
A,U56,U56k40d06,U56,10.0,6W,4,3,False,2.8483052853421715,0.1340276021718212,1.1059769014213698,-0.21843693057425428,1.1069951153297652,1.117013927901234,1.0027423713382315,1.1843346405041328,0.15540143119495387,-0.21843693057425428,DD,DD
A,U56,U56k40d06,U56,10.0,6W,4,4,False,2.893580353152636,0.1252707752028246,1.0433378659055552,-0.22890195195757512,1.0235863865367771,1.0696190879920877,0.9149218573346675,1.1389896821555918,0.14801984416267855,-0.22890195195757534,DD,DD
A,U56,U56k40d06,U56,10.0,6W,5,0,False,2.863310265493282,0.12864184897042308,1.0837038770546024,-0.20922266983738513,1.0376941206980477,1.1304472398349048,0.9340425757212979,1.1952435728638298,0.15265895024862552,-0.20922266983738524,DD,DD
A,U56,U56k40d06,U56,10.0,6W,5,1,False,2.860385108033455,0.13306583334397404,1.1330887989956042,-0.20280486380702467,1.0244881447635634,1.2321119522978383,0.9191227171866138,1.2929686612310036,0.16265479370307756,-0.20280486380702456,DD,DD
A,U56,U56k40d06,U56,10.0,6W,5,2,False,2.897617725007487,0.1354613931250872,1.1578947880289139,-0.14359696978764558,1.0367185730771558,1.2681951965034348,0.9522011271682609,1.3141615395642678,0.16299806299152064,-0.1435969697876458,DD,-
A,U56,U56k40d06,U56,10.0,6W,5,3,False,2.867178922823136,0.14472241175774392,1.2001532556331411,-0.1880115570516664,1.0790491674967884,1.3101169708825458,0.9604949662477582,1.3750846716821488,0.1806413890007006,-0.1880115570516664,DD,-
A,U56,U56k40d06,U56,10.0,6W,5,4,False,2.9684341060944157,0.13615820766389897,1.1656510458044436,-0.17659140008532648,0.9912065814328467,1.3212427998130534,0.8753155350226052,1.3829456587264393,0.17331938919293366,-0.17659140008532703,DD,-
A,U56,U56k40d06,U56,10.0,Q,0,0,True,1.9209181609599364,0.12868674239192623,1.01746413152443,-0.25111565937432734,1.054114836898791,1.001232291389476,0.9463210253461012,1.0732846751313192,0.14747078594467156,-0.2511156593743278,DD,DD
A,U56,U56k40d06,U56,10.0,Q,0,1,False,1.9517421966946253,0.13309442782347625,1.0476676538061356,-0.25149823938741167,1.0770292533792007,1.0378407505313063,0.9704413798370873,1.1079237242358584,0.15312867423939824,-0.25149823938741156,DD,DD
A,U56,U56k40d06,U56,10.0,Q,0,2,False,1.9724106528435408,0.13284234598657396,1.044699979360588,-0.25041557927210245,1.037898037136731,1.0640523858269408,0.9306103934972528,1.1301570027258647,0.15729331339461528,-0.25041557927210223,DD,DD
A,U56,U56k40d06,U56,10.0,Q,0,3,False,1.924015585644413,0.14045673612934895,1.1032730515936202,-0.2502762753485821,1.141745607962472,1.089649180844954,1.0337867929994924,1.1593555402121636,0.16164273473753976,-0.250276275348582,DD,DD
A,U56,U56k40d06,U56,10.0,Q,0,4,False,1.9652204706410332,0.13356548850448857,1.0543936201539668,-0.25515989735746814,1.0965465860182375,1.036731891871197,0.9858696205289912,1.109389939670284,0.15382818641162488,-0.25515989735746847,DD,DD
A,U56,U56k40d07,U56,10.0,D,0,0,True,17.989445472503608,0.10874006910892398,1.0356316579907825,-0.15565826676576466,0.9677316808099579,1.0991678277840524,0.8497099054985816,1.177505566961266,0.13043774735534286,-0.15023391504525974,DD,-
A,U56,U56k40d07,U56,10.0,2D,0,0,True,12.251574651564741,0.11774727072213587,1.1069799260059694,-0.15380024671680947,1.0342837891762409,1.1750837732919517,0.9274204521634968,1.243025696081982,0.14010648391636082,-0.15380024671680914,DD,-
A,U56,U56k40d07,U56,10.0,2D,1,0,False,12.139497660027489,0.11749488100007266,1.1060999274427619,-0.15450007388490672,1.0317067223555474,1.1756213399052977,0.920240209587229,1.2485611339116631,0.13957208735788873,-0.1414333995916407,DD,-
A,U56,U56k40d07,U56,10.0,W,0,0,True,7.579651760097517,0.12029630439613026,1.1208555127376973,-0.17137451282666571,1.0637284422250277,1.1755684891882396,0.9568275521960798,1.2452987325494744,0.14152789801889387,-0.17137451282666571,DD,-
A,U56,U56k40d07,U56,10.0,W,0,1,False,7.3672567561257996,0.12646699887626034,1.169155986533004,-0.16662790504837577,1.1005835666708332,1.2338267103076217,1.0229735332105037,1.2812107026142323,0.1457920739873182,-0.16662790504837577,DD,-
A,U56,U56k40d07,U56,10.0,W,0,2,False,7.570349320999485,0.12787811984822417,1.1690353617102527,-0.16690608617637548,1.05489122392303,1.2733359755301217,0.9608023575154871,1.3266228806547933,0.1540594283473069,-0.14034938361887994,DD,-
A,U56,U56k40d07,U56,10.0,W,0,3,False,7.419670676646452,0.12457464686590836,1.1478801306224933,-0.15738637701334002,1.1274987264060512,1.1707222301999074,1.0148135742693802,1.2495278814429893,0.14307399481826932,-0.14394569154641024,DD,-
A,U56,U56k40d07,U56,10.0,W,0,4,False,7.677321524662578,0.11643113236220382,1.08935440076443,-0.14921140183098336,1.0084291310193143,1.1645349235561693,0.9008995245321574,1.2331076701344081,0.13911658346659483,-0.13853054477604365,DD,-
A,U56,U56k40d07,U56,10.0,2W,0,0,True,5.128879089137761,0.12605908343447636,1.1340241922455994,-0.19753061893032664,1.0007232519346403,1.2543434823568935,0.887812597405237,1.3187089962851644,0.15664739095398605,-0.19753061893032653,DD,-
A,U56,U56k40d07,U56,10.0,2W,0,1,False,5.1731007774857325,0.12964472550119877,1.154244472196989,-0.17554821475662585,1.0616892447607524,1.239776536849209,0.980347693447717,1.285169440154488,0.15380097164900963,-0.17554821475662585,DD,-
A,U56,U56k40d07,U56,10.0,2W,0,2,False,5.101217807085287,0.13135553973061165,1.1586088820626104,-0.18487485509705615,1.1125817313333095,1.205528155262069,1.0185889290509975,1.263833323613103,0.15350942110505716,-0.18487485509705648,DD,-
A,U56,U56k40d07,U56,10.0,2W,0,3,False,5.05086190689368,0.12690920919541115,1.1508737394409734,-0.1709390142513718,1.0884852990357,1.2108448293275844,0.9793638576294181,1.2795688699800807,0.15068496667511422,-0.1709390142513716,DD,-
A,U56,U56k40d07,U56,10.0,2W,0,4,False,5.323402663203632,0.12244875592542259,1.1022332487420101,-0.18982593873947884,1.0910066210846388,1.11924309527523,0.9769040241976226,1.196763691336796,0.14205465048641153,-0.18982593873947895,DD,-
A,U56,U56k40d07,U56,10.0,2W,1,0,False,5.313088337081381,0.12339431264985579,1.1439936173357155,-0.14558903585360383,1.1203870865241203,1.1695003738461323,1.0170774680323122,1.2410557865044463,0.14114768336059735,-0.1455890358536035,DD,-
A,U56,U56k40d07,U56,10.0,2W,1,1,False,5.299548103355427,0.12642864080381822,1.1627117763696138,-0.16234107043740498,1.0934433370683034,1.2279255228226502,1.0104698556324943,1.2796696736836477,0.14615838970545147,-0.1623410704374052,DD,-
A,U56,U56k40d07,U56,10.0,2W,1,2,False,5.188923455917688,0.12826204059685575,1.154980365462094,-0.14079124486874117,1.1231735486534018,1.1881849501493682,1.0398474462725988,1.2430136762606478,0.14588167994978063,-0.14079124486874128,DD,-
A,U56,U56k40d07,U56,10.0,2W,1,3,False,5.1810824600663015,0.12701464417424946,1.139290962398905,-0.16181825926609994,1.1373363508303098,1.1469905740608097,1.0416951437240085,1.21420211205599,0.1431034007865668,-0.16181825926610005,DD,-
A,U56,U56k40d07,U56,10.0,2W,1,4,False,5.164057840762641,0.1212311546422189,1.1093595774935503,-0.15576863619008008,1.0082581827456525,1.2022079983472669,0.912753084634671,1.2587067724623353,0.1456372104892849,-0.15576863619007986,DD,-
A,U56,U56k40d07,U56,10.0,M,0,0,True,3.554654767485394,0.13907903837927305,1.2337908280840209,-0.17148407809657407,1.2190885179901356,1.2514510031081345,1.1176336114989105,1.323410911524906,0.1565086655710508,-0.1714840780965743,DD,-
A,U56,U56k40d07,U56,10.0,M,0,1,False,3.499783860507803,0.13738179301799147,1.2112161459760042,-0.18374577212719057,1.1952645647231515,1.2304639036411276,1.0867497241999087,1.3066862378355266,0.1561520649953867,-0.18374577212719045,DD,-
A,U56,U56k40d07,U56,10.0,M,0,2,False,3.427588515622315,0.12802719159039966,1.0966687373641013,-0.21840812576795388,1.0954332469770778,1.109065267128012,0.9848319984252284,1.1809593740296345,0.14940093590393877,-0.218408125767954,DD,DD
A,U56,U56k40d07,U56,10.0,M,0,3,False,3.455992380392405,0.1317822592629243,1.1291046406774348,-0.22367064944003545,1.1309480560388316,1.1402959662899566,1.0189842991471374,1.2124249178349276,0.15392730520820352,-0.22367064944003523,DD,DD
A,U56,U56k40d07,U56,10.0,M,0,4,False,3.3624138543142195,0.12848234243388856,1.1000810224394741,-0.21632258247899538,1.0894173513214291,1.1219516392473905,0.9760115257460317,1.1927554182826237,0.15240367277119216,-0.21632258247899538,DD,DD
A,U56,U56k40d07,U56,10.0,6W,0,0,True,2.8677040212828597,0.14569040175653036,1.2445478216741046,-0.191283748312854,1.0472761115499132,1.4195328201036537,0.9452592647304363,1.4672822372743084,0.18492590126622876,-0.1912837483128541,DD,-
A,U56,U56k40d07,U56,10.0,6W,0,1,False,2.8571153294967435,0.15408000286057377,1.3090109754882955,-0.18456539499143665,1.1698639101725044,1.4349568331523614,1.0702469188176207,1.48686720810579,0.18816290029090443,-0.18456539499143665,DD,-
A,U56,U56k40d07,U56,10.0,6W,0,2,False,2.8441275260398684,0.15221071986619883,1.2828391517538569,-0.1909537346860115,1.1791381579886795,1.3794523861944352,1.0735149575883485,1.436703117767891,0.18539531456155434,-0.19095373468601162,DD,-
A,U56,U56k40d07,U56,10.0,6W,0,3,False,2.8358539563970457,0.15525161759142336,1.3265205290168762,-0.19085156037261464,1.2434839722943865,1.4060609087618734,1.1251885908575814,1.4757659919344819,0.1867681322480157,-0.19085156037261453,DD,-
A,U56,U56k40d07,U56,10.0,6W,0,4,False,2.8769133715535107,0.14752998135855333,1.2488544169134752,-0.207874119158996,1.2752915886458425,1.2419718250152552,1.162993423388992,1.3163410848559387,0.16903720449505322,-0.2078741191589959,DD,DD
A,U56,U56k40d07,U56,10.0,6W,1,0,False,2.894267942170474,0.1405164670287471,1.24096351200164,-0.1729572373393924,1.2307218733595457,1.2554983496951317,1.107573169934119,1.3430162219526367,0.16053631689429104,-0.17295723733939272,DD,-
A,U56,U56k40d07,U56,10.0,6W,1,1,False,2.8815222568670578,0.13944942021253026,1.2285019652490141,-0.1926933791065658,1.2525584786932664,1.2143847687229337,1.1283013203578194,1.3055388814348754,0.15683424620253072,-0.1926933791065657,DD,-
A,U56,U56k40d07,U56,10.0,6W,1,2,False,2.9412928647167407,0.14041205539485624,1.1749524026119942,-0.22066501030060448,1.233896826678693,1.1432581960688055,1.1040820962944913,1.231969453324093,0.1603911076490978,-0.2206650103006046,DD,DD
A,U56,U56k40d07,U56,10.0,6W,1,3,False,3.0013496952267054,0.13089287949673079,1.1081570815484914,-0.2231656433114214,1.158512004904619,1.0815958752948878,1.0241132668190294,1.173510022974149,0.1508237715468701,-0.2231656433114214,DD,DD
A,U56,U56k40d07,U56,10.0,6W,1,4,False,2.9060615944973205,0.13451077775528297,1.131750621215606,-0.22129178619614587,1.1587329578921073,1.122985883758232,1.0259874398264248,1.212076458116634,0.15658673055987937,-0.22129178619614565,DD,DD
A,U56,U56k40d07,U56,10.0,6W,2,0,False,2.9384198193386775,0.1327529716457203,1.1105337632179249,-0.2265909817324967,1.10545235389964,1.1257652706011818,0.9638931284484643,1.21929087961615,0.15807337014503986,-0.22659098173249692,DD,DD
A,U56,U56k40d07,U56,10.0,6W,2,1,False,2.9642502252468756,0.12829170644098564,1.0799343011605085,-0.2265596886226946,1.0839545156079953,1.0868366738131343,0.9536318692752576,1.1744306536881508,0.15061292344389754,-0.22655968862269482,DD,DD
A,U56,U56k40d07,U56,10.0,6W,2,2,False,2.822498028726431,0.1376292764791951,1.1505028995758944,-0.2304856038312445,1.1666243050314709,1.1487653167612923,1.0522670179678122,1.2255919409839073,0.15824893278896424,-0.2304856038312445,DD,DD
A,U56,U56k40d07,U56,10.0,6W,2,3,False,2.9194409266438814,0.1331035074959368,1.1338352990878116,-0.21654399513304734,1.0943239513583745,1.176973202086173,0.9719449897330383,1.2535188156363144,0.15955304384962177,-0.21654399513304756,DD,DD
A,U56,U56k40d07,U56,10.0,6W,2,4,False,2.974807672924058,0.1305929690809413,1.0926340440899966,-0.22994182510878758,1.0874827055679979,1.1088860847092157,0.990407456162043,1.1702341513753498,0.15178380058240104,-0.22994182510878758,DD,DD
A,U56,U56k40d07,U56,10.0,6W,3,0,False,2.9428568763821095,0.12446903959705535,1.0453437301751085,-0.22994182510878758,1.1042623991858764,1.0155636595792827,1.0004014673817767,1.084890572752611,0.1414977769624064,-0.22994182510878713,DD,DD
A,U56,U56k40d07,U56,10.0,6W,3,1,False,2.883172253186314,0.12576505689983586,1.0490119515763157,-0.2303238873794876,1.0999096820086551,1.0230475378618191,1.0096559209500446,1.0837763158827851,0.14126570592629428,-0.23032388737948772,DD,DD
A,U56,U56k40d07,U56,10.0,6W,3,2,False,2.903629236198493,0.12334873709303551,1.034010056655996,-0.23023379630353913,1.068612606955407,1.0208569494852893,0.9724193583392975,1.0838364734226695,0.14094179815658148,-0.2302337963035388,DD,DD
A,U56,U56k40d07,U56,10.0,6W,3,3,False,2.7948704382425955,0.1265230722679469,1.0592294506439426,-0.226066037399427,1.1595935949984992,0.9914671922626238,1.0687928108166795,1.0596541805636193,0.13631450912324228,-0.2260660373994271,DD,DD
A,U56,U56k40d07,U56,10.0,6W,3,4,False,2.8574197424658587,0.11701373486793898,0.9947861414124615,-0.2328658539281132,1.116572592744799,0.913692766838566,1.0207720943329106,0.9857367668918059,0.12572107246962605,-0.2328658539281132,DD,DD
A,U56,U56k40d07,U56,10.0,6W,4,0,False,2.828611683998739,0.12255946571775622,1.0293429892658121,-0.23029010122528926,1.1577848103791044,0.9449319572281415,1.056483384605896,1.0198618142348008,0.131730555491532,-0.2302901012252888,DD,DD
A,U56,U56k40d07,U56,10.0,6W,4,1,False,2.8501744403140132,0.12717820075611086,1.0597885186114142,-0.22344258578411658,1.1788135817679712,0.9844942679973413,1.0912714604717795,1.0487263141503846,0.13703022125093045,-0.2234425857841169,DD,DD
A,U56,U56k40d07,U56,10.0,6W,4,2,False,2.8279576954243146,0.13225223235397698,1.0987116053789043,-0.2250258943061486,1.1848496843230805,1.0488326404035104,1.0951047606739739,1.111060867277929,0.1459500419241042,-0.22502589430614872,DD,DD
A,U56,U56k40d07,U56,10.0,6W,4,3,False,2.8630057989001294,0.13394137429129382,1.134133156207101,-0.2178584268474919,1.245409291904009,1.0612701661013222,1.1431915237586912,1.136581979817004,0.1453804623583015,-0.21785842684749201,DD,DD
A,U56,U56k40d07,U56,10.0,6W,4,4,False,2.884544035044201,0.12742625882694014,1.0780987724939604,-0.23216728981989287,1.173665364510577,1.0139177422782844,1.073208095858919,1.088570287724077,0.13872812960748804,-0.23216728981989287,DD,DD
A,U56,U56k40d07,U56,10.0,6W,5,0,False,2.858841886571185,0.12859637446059247,1.1127405534348391,-0.20842292789686,1.1734659976030362,1.0735995918986299,1.0776103716945509,1.1433750972368188,0.14191898693494776,-0.20842292789686034,DD,DD
A,U56,U56k40d07,U56,10.0,6W,5,1,False,2.845143589372013,0.13992507875843163,1.2153430955646882,-0.1982093105417655,1.1731340623262367,1.2593537184890744,1.0757682095661196,1.3204838126014042,0.16286352201189902,-0.19820931054176538,DD,-
A,U56,U56k40d07,U56,10.0,6W,5,2,False,2.828383608943338,0.14208215911236688,1.235300815946922,-0.14808245783750096,1.1687362377594224,1.298657724161813,1.0947423244450372,1.34290291860724,0.1628952844515199,-0.14808245783750051,DD,-
A,U56,U56k40d07,U56,10.0,6W,5,3,False,2.9261041931316845,0.15158487272687693,1.2860019328011636,-0.1801021750658146,1.2192319028359206,1.351631770478153,1.1221953289770583,1.4084911687102064,0.17884799935863427,-0.18010217506581472,DD,-
A,U56,U56k40d07,U56,10.0,6W,5,4,False,2.8890297786749466,0.14382622758876384,1.2515179139742119,-0.1602923919887429,1.0960803354440747,1.3916591193604384,0.9912410915610975,1.447366442259848,0.17763827973230195,-0.1602923919887429,DD,-
A,U56,U56k40d07,U56,10.0,Q,0,0,True,1.9134967227156414,0.12898485120657344,1.0266859729180626,-0.28082492970998285,1.1763772383101483,0.9219088679317453,1.0659996915673025,1.0072808628615406,0.13626666544798005,-0.28082492970998296,DD,DD
A,U56,U56k40d07,U56,10.0,Q,0,1,False,1.9236239502209889,0.13066561879520489,1.0350546491649726,-0.28112527234630824,1.1692838303130526,0.9429273864832098,1.062852918662509,1.023676503895832,0.13938061758117204,-0.2811252723463077,DD,DD
A,U56,U56k40d07,U56,10.0,Q,0,2,False,1.9329749787866835,0.13459550641808082,1.0647968792499638,-0.28018433920854124,1.1769998106110091,0.9941697287412695,1.080098178041666,1.0638984105722484,0.1462792882771744,-0.28018433920854147,DD,DD
A,U56,U56k40d07,U56,10.0,Q,0,3,False,1.8868663399204073,0.14346479584317495,1.1345060774721814,-0.2764665255001334,1.2961491497538304,1.0311527274370198,1.1878856394869055,1.111361523770697,0.1536305982893702,-0.2764665255001334,DD,DD
A,U56,U56k40d07,U56,10.0,Q,0,4,False,1.9258971138185164,0.1402079811557806,1.1165225780178245,-0.2812729859550014,1.2790473283383177,1.0106653725044346,1.1770557339301986,1.0880337924664503,0.14903952091132444,-0.28127298595500205,DD,DD
A,U56,U56k40d08,U56,10.0,D,0,0,True,17.898917295828202,0.09907128587263858,0.9738540249552932,-0.14269751434598354,0.9423340652301176,1.0043374664468638,0.8136814612726349,1.100562329824114,0.11570206007407813,-0.142697514345984,DD,"H1,CAGR"
A,U56,U56k40d08,U56,10.0,2D,0,0,True,12.039012740035345,0.10424544719786955,1.0136134843665467,-0.15318434540294223,1.0277771285463553,1.0032091099685665,0.8990339681051194,1.1034159230867093,0.11749990692841861,-0.153184345402942,DD,CAGR
A,U56,U56k40d08,U56,10.0,2D,1,0,False,12.289621731695187,0.10544677666825342,1.0257268465099785,-0.14344169509035543,0.9764123235939591,1.0725738168500836,0.8541626330923068,1.1614485337631424,0.12344170094237006,-0.14244650842773376,DD,CAGR
A,U56,U56k40d08,U56,10.0,W,0,0,True,7.495964747039321,0.10658498840484687,1.0240760203929888,-0.17565439406439953,1.025523772789314,1.0255910872775675,0.9007632283782667,1.120198504812757,0.12116837757752807,-0.17565439406439964,DD,CAGR
A,U56,U56k40d08,U56,10.0,W,0,1,False,7.333641725593715,0.11131507416806641,1.062241597447179,-0.1797343837203782,1.0881211467310836,1.041163191390515,0.9836311316561647,1.1241586565671404,0.12146501790540332,-0.17973438372037864,DD,-
A,U56,U56k40d08,U56,10.0,W,0,2,False,7.338732762349301,0.113646369071434,1.0744872945214048,-0.16201377352091728,1.0237144083397827,1.1227820291017858,0.9010602223818689,1.2105897487412827,0.13293380919644915,-0.13406053752905978,DD,-
A,U56,U56k40d08,U56,10.0,W,0,3,False,7.375512824536741,0.11195982431914442,1.0627575580906095,-0.15100215477700552,1.0775131849953217,1.0520946204566277,0.9506889057263463,1.1505586798081788,0.12553530565849558,-0.15100215477700552,DD,-
A,U56,U56k40d08,U56,10.0,W,0,4,False,7.549889646668442,0.10322539666529162,0.9964880933803937,-0.14847427273830927,1.0174265902576312,0.9794774126929776,0.8835988046727283,1.0854425279865094,0.11606459613740427,-0.14394608538043174,DD,CAGR
A,U56,U56k40d08,U56,10.0,2W,0,0,True,5.051175930851876,0.10740124527991135,0.9963946757568487,-0.21692886756940966,0.9538679221415787,1.0374772924833997,0.8406955902954337,1.1160667181879742,0.1262946354042882,-0.21692886756941032,DD,"H1,DD"
A,U56,U56k40d08,U56,10.0,2W,0,1,False,5.082598886342209,0.1103798219865102,1.0154675956717387,-0.20199690769020007,1.0439277785076975,0.9959094783647857,0.9456611537029163,1.0696038885194787,0.12209715624788386,-0.2019969076902003,DD,-
A,U56,U56k40d08,U56,10.0,2W,0,2,False,4.94643716786697,0.1167738505056064,1.0598605255888025,-0.19198823964593137,1.0851348706154507,1.0441962085807088,0.9684503984716216,1.1300561058112544,0.13139441262670037,-0.19198823964593092,DD,-
A,U56,U56k40d08,U56,10.0,2W,0,3,False,4.960788331535973,0.11056682564151821,1.025552391666636,-0.19693211389304344,1.0482816144479157,1.0107366133916336,0.9194997242603796,1.1069303314910337,0.12547570217036896,-0.19693211389304321,DD,-
A,U56,U56k40d08,U56,10.0,2W,0,4,False,5.175148723722976,0.10719621554234426,0.9964019170061541,-0.19790319124040856,1.045596799771243,0.9593720148996806,0.9115472675463973,1.0616768457412498,0.12023126203148293,-0.19790319124040834,DD,-
A,U56,U56k40d08,U56,10.0,2W,1,0,False,5.064051238930985,0.10987638425811874,1.050902026088851,-0.14686009293086832,1.0857384438752342,1.0212301513452384,0.9549782999929726,1.1267098365197417,0.12126255334327962,-0.14686009293086844,DD,-
A,U56,U56k40d08,U56,10.0,2W,1,1,False,5.175977536981825,0.11063852032411181,1.0547243735957375,-0.1677232936441707,1.0722531925185779,1.0402548322600778,0.9505500371944617,1.1375625114336063,0.12245562466370452,-0.16772329364417038,DD,-
A,U56,U56k40d08,U56,10.0,2W,1,2,False,5.047142608956797,0.11235898368757002,1.0511777781350355,-0.14260125790123923,1.0840288574020658,1.023920514027299,0.9671715477616111,1.1173458989264038,0.12316663079131862,-0.14260125790123923,DD,-
A,U56,U56k40d08,U56,10.0,2W,1,3,False,5.091302136858637,0.1113542817985973,1.0347466972850703,-0.17080857170006414,1.0616148600292437,1.0134574510153171,0.9399336918291296,1.1089094114922713,0.12368708065778922,-0.1708085717000647,DD,-
A,U56,U56k40d08,U56,10.0,2W,1,4,False,4.988877917993855,0.1077633028576106,1.01845488839367,-0.16983297583363366,1.0338669446368662,1.0066061460028226,0.9182266168900972,1.0973464334490053,0.11986090905151592,-0.16983297583363377,DD,-
A,U56,U56k40d08,U56,10.0,M,0,0,True,3.446043437388255,0.12178194574345191,1.1080513728157593,-0.17446026434102802,1.1691922251818851,1.055532838502748,1.0682830789141373,1.1396473532198872,0.12873022933890232,-0.17446026434102802,DD,-
A,U56,U56k40d08,U56,10.0,M,0,1,False,3.5005252628034036,0.12045252589811617,1.096796949907861,-0.2006549425188997,1.1515442228626358,1.0516216419665114,1.0408441818776846,1.140842055932634,0.12972326430454117,-0.2006549425188996,DD,-
A,U56,U56k40d08,U56,10.0,M,0,2,False,3.46141262679873,0.11098756240318952,0.9922402029576138,-0.2266938714290433,1.076193909720113,0.9290433312482511,0.9611192198721228,1.0180747574651414,0.12046164692848271,-0.2266938714290433,DD,DD
A,U56,U56k40d08,U56,10.0,M,0,3,False,3.406958128101865,0.11314702280257705,1.0007030930930063,-0.23327787524625065,1.0681239607929967,0.9527976455011324,0.9449045586442991,1.0446553189460777,0.12573303967869465,-0.23327787524625043,DD,DD
A,U56,U56k40d08,U56,10.0,M,0,4,False,3.3236619706833803,0.11220346120586555,0.9967797616111548,-0.23820274497181015,1.0687811295965755,0.9477492250838909,0.9388522920438072,1.0426238389835756,0.12594184205622883,-0.23820274497181004,DD,DD
A,U56,U56k40d08,U56,10.0,6W,0,0,True,2.825759678881994,0.12637512485231284,1.112878042924921,-0.2147515701715218,1.0018060867483267,1.2139227025647195,0.8773368606459905,1.2895635509134968,0.1564898978880338,-0.2147515701715217,DD,DD
A,U56,U56k40d08,U56,10.0,6W,0,1,False,2.8436292718534215,0.1290191005599326,1.1251739431033358,-0.22071884762411176,1.033919997195677,1.2095011992278952,0.9180627398024237,1.280066962490179,0.1570691083060951,-0.22071884762411165,DD,DD
A,U56,U56k40d08,U56,10.0,6W,0,2,False,2.842277195954793,0.1320631334043494,1.148018074760485,-0.21258845643904933,1.0924398487403912,1.203855050678189,0.9869918471218257,1.2676945210405532,0.15731235852881653,-0.212588456439049,DD,DD
A,U56,U56k40d08,U56,10.0,6W,0,3,False,2.7738679570277363,0.13214917645196023,1.153457083020404,-0.21898023422204704,1.1124543054051301,1.1963418794276939,0.9919794504827542,1.2743773761095958,0.15638868578866116,-0.21898023422204682,DD,DD
A,U56,U56k40d08,U56,10.0,6W,0,4,False,2.889758363413152,0.12317155186877349,1.0751949162179142,-0.22238360661172796,1.1374215234302254,1.0349945694477465,1.0129787473355574,1.124423093267441,0.1382246159584164,-0.22238360661172785,DD,DD
A,U56,U56k40d08,U56,10.0,6W,1,0,False,2.8982171622803583,0.11766786475387758,1.0835058591620261,-0.17495517725788834,1.1010992716180465,1.071056972082664,0.9764467997379838,1.1670359110970188,0.1316373097882395,-0.17495517725788812,DD,-
A,U56,U56k40d08,U56,10.0,6W,1,1,False,2.9523419564335915,0.11609621444846696,1.063909403859344,-0.20194990343840857,1.1090181698798225,1.0287824629328464,0.9788265434760077,1.1298545907822042,0.12890742246334375,-0.20194990343840857,DD,-
A,U56,U56k40d08,U56,10.0,6W,1,2,False,2.9525961219979626,0.11829915572773819,1.0338289354503105,-0.22805304027085105,1.1023156666804252,0.9862394418241196,0.9719368565263644,1.0823709703976558,0.1321917575324325,-0.22805304027085127,DD,DD
A,U56,U56k40d08,U56,10.0,6W,1,3,False,2.9540261660635414,0.11571355491351176,1.0122360984150962,-0.23444077807496877,1.0885452260669153,0.9580577426984691,0.9506563424472805,1.060474486746553,0.129415467509018,-0.23444077807496877,DD,DD
A,U56,U56k40d08,U56,10.0,6W,1,4,False,2.8544141280852444,0.11655621965763285,1.0135053991847318,-0.2412491273977012,1.1004075570645742,0.9498361046046894,0.9589349785838543,1.0566417198550948,0.12940320679660489,-0.24124912739770055,DD,DD
A,U56,U56k40d08,U56,10.0,6W,2,0,False,2.8976400726130045,0.11572749456849851,1.0055067522525014,-0.23064943750483535,1.0356553999473015,0.986531708385144,0.9005610704864507,1.085325755232559,0.13251536644473294,-0.2306494375048358,DD,DD
A,U56,U56k40d08,U56,10.0,6W,2,1,False,2.867787823677676,0.11860808393104261,1.0218895508704937,-0.24471406641473348,1.083502796912804,0.9780002427587174,0.9528282943918209,1.0754177821297384,0.13254348799083382,-0.24471406641473348,DD,DD
A,U56,U56k40d08,U56,10.0,6W,2,2,False,2.8122371443637233,0.12292076833100585,1.0567060066521285,-0.23903593322571104,1.1395019010413192,0.9973061774708726,1.017571553925876,1.0889183233336333,0.13474029274997545,-0.23903593322571082,DD,DD
A,U56,U56k40d08,U56,10.0,6W,2,3,False,2.868114213791976,0.12381749438956913,1.0648126977734347,-0.24356438690801918,1.1397412209427888,1.0142041065867229,1.0104105601420854,1.108421676756865,0.13813025746402263,-0.24356438690801896,DD,DD
A,U56,U56k40d08,U56,10.0,6W,2,4,False,2.9303554343383484,0.11967415517748514,1.0300291366083791,-0.24353201382960687,1.1084409714139276,0.9752801495184663,0.9793362476151928,1.0706761305338182,0.13294321193392933,-0.24353201382960699,DD,DD
A,U56,U56k40d08,U56,10.0,6W,3,0,False,2.865731921537471,0.11490555440601624,0.9933130411695522,-0.24353201382960699,1.1365078652129348,0.8878738808255038,0.9987064691978705,0.9947435387286248,0.12296047315507996,-0.24353201382960687,DD,DD
A,U56,U56k40d08,U56,10.0,6W,3,1,False,2.835797482817308,0.11692571440815258,1.0059752029963236,-0.24394869610848102,1.1410080225992947,0.9062320510023835,1.025632235135827,0.9969110868830345,0.12333618396483015,-0.24394869610848158,DD,DD
A,U56,U56k40d08,U56,10.0,6W,3,2,False,2.8368225251092296,0.11586478993934257,0.9956046153363388,-0.2434440453340455,1.1079840441447446,0.9135430098976196,0.9872492551620177,1.0061396843855748,0.12480200620106308,-0.2434440453340454,DD,DD
A,U56,U56k40d08,U56,10.0,6W,3,3,False,2.877508462112134,0.11602667371411268,0.9994809276885537,-0.24035075874956213,1.1457205899561698,0.886623140314155,1.0287043869608126,0.9822764974814197,0.12047044039552013,-0.24035075874956224,DD,DD
A,U56,U56k40d08,U56,10.0,6W,3,4,False,2.9085163962400182,0.10793009846916868,0.950121981020793,-0.23199546885479017,1.0797891253227905,0.8499958590292871,0.9831591681772769,0.9298577197143297,0.11142391436931964,-0.23199546885479028,DD,DD
A,U56,U56k40d08,U56,10.0,6W,4,0,False,2.9034521577990846,0.11106150628991407,0.9653605147497505,-0.23318288360898565,1.1133692025716106,0.8553603287403274,1.0185012687349544,0.9330344924002746,0.11410434545792758,-0.23318288360898531,DD,DD
A,U56,U56k40d08,U56,10.0,6W,4,1,False,2.8822967541095394,0.10990180761922264,0.9569264666947297,-0.22867169872821314,1.1097286493162917,0.8459046625166393,1.0087761208817612,0.9269127557015804,0.11378355573312637,-0.22867169872821325,DD,DD
A,U56,U56k40d08,U56,10.0,6W,4,2,False,2.826005909082646,0.1149616621806826,0.9923792919695402,-0.23480053809724033,1.1052660591707575,0.9104941954331699,0.9923648216366592,0.9973815396363207,0.12335267965823893,-0.23480053809724077,DD,DD
A,U56,U56k40d08,U56,10.0,6W,4,3,False,2.8615265461777417,0.11315752921632383,0.9896775369408106,-0.23030837570414164,1.1249829874042518,0.8873306161824002,0.9970477674488546,0.9888335243685273,0.12017950983783177,-0.23030837570414153,DD,DD
A,U56,U56k40d08,U56,10.0,6W,4,4,False,2.8479688480404173,0.10828388759407015,0.957548892394112,-0.2366567306385171,1.090711574998268,0.8567965816895019,0.9655273821482793,0.9561518660282008,0.11491016617334959,-0.23665673063851678,DD,DD
A,U56,U56k40d08,U56,10.0,6W,5,0,False,2.828024839485252,0.11193103858759224,1.0055622167732265,-0.20711470082655348,1.108210867886136,0.9236604174491805,0.9823639900706415,1.025163044878378,0.11987297546932907,-0.2071147008265536,DD,DD
A,U56,U56k40d08,U56,10.0,6W,5,1,False,2.798586062921653,0.11943576763647634,1.0767633088174764,-0.2058001985395721,1.1410901759811736,1.0251995140463068,1.01751999111514,1.1231497938179504,0.1301420071751933,-0.2058001985395721,DD,DD
A,U56,U56k40d08,U56,10.0,6W,5,2,False,2.788670674741106,0.11952052810057445,1.0782008352886583,-0.15457350019249883,1.0828626360671294,1.0772220045313041,0.9703966418503395,1.162363989803371,0.13379626120194676,-0.1545735001924986,DD,-
A,U56,U56k40d08,U56,10.0,6W,5,3,False,2.8837621013160533,0.12364525419710826,1.0976454978869727,-0.18105171206408632,1.0375381485274748,1.154780812216054,0.9184338698443654,1.2344165750496965,0.14679936674950644,-0.18105171206408632,DD,-
A,U56,U56k40d08,U56,10.0,6W,5,4,False,2.809748824485098,0.12077187922072419,1.093751804045833,-0.17309591749932607,1.0402158257490355,1.1447754826189165,0.9174763548752422,1.230131721716296,0.1422066318364128,-0.17309591749932607,DD,-
A,U56,U56k40d08,U56,10.0,Q,0,0,True,1.9917402863364513,0.11011202220587935,0.9216572493035775,-0.2742377700047488,1.0928780666200362,0.7937900275578821,0.980807782120754,0.8849949300424128,0.11225525232336486,-0.27423777000474836,DD,"H2,DD"
A,U56,U56k40d08,U56,10.0,Q,0,1,False,1.9994751391970074,0.11114538647699423,0.9338153231123145,-0.27456945031443714,1.1039737344056706,0.8064192595789622,0.9914616973437916,0.8980754887912259,0.11344841654642845,-0.27456945031443714,DD,"H2,DD"
A,U56,U56k40d08,U56,10.0,Q,0,2,False,1.9797978153347442,0.11409559113189172,0.9517408339665583,-0.2735836063698882,1.0965858847063887,0.8473064160020991,0.9841708109045693,0.934816808570023,0.119809896172971,-0.273583606369888,DD,DD
A,U56,U56k40d08,U56,10.0,Q,0,3,False,1.9614698582077246,0.12266661168365833,1.0207430822340953,-0.27341915882366985,1.1790563639096672,0.9082940483601532,1.0673763962398417,0.9952282867111559,0.12822471354142406,-0.27341915882366985,DD,DD
A,U56,U56k40d08,U56,10.0,Q,0,4,False,1.9534464076920133,0.11814168863553665,0.9983375945064845,-0.26481047612281006,1.1560111958013057,0.8853146915976738,1.0443434890714383,0.9729945730940434,0.12336744883710749,-0.2648104761228103,DD,DD
A,U56,U56k40d09,U56,10.0,D,0,0,True,17.517247013023653,0.09499313273346077,0.9563194936573652,-0.14581994778844087,0.9452550628332631,0.9681606095947981,0.8253009219733031,1.06028918870936,0.10842247875276034,-0.14581994778844076,DD,"H1,CAGR"
A,U56,U56k40d09,U56,10.0,2D,0,0,True,11.878698061480604,0.10286699392077625,1.0179395597216807,-0.15274014474974407,1.0333143183159301,1.0069091255619345,0.9103411519649632,1.1023244646503918,0.11524011172357063,-0.15274014474974418,DD,CAGR
A,U56,U56k40d09,U56,10.0,2D,1,0,False,11.891994911863167,0.10166242550566795,1.012662232399867,-0.12924074647938932,1.0022761920722203,1.0238654217958594,0.8921816256961618,1.1084948366479754,0.11429587533741237,-0.12899901077573206,-,CAGR
A,U56,U56k40d09,U56,10.0,W,0,0,True,7.346311784925927,0.10580357905529914,1.033939737649665,-0.17720338586563344,1.0496762377640487,1.0233356763487975,0.9448715526408913,1.1034284813695483,0.11721363153148934,-0.17720338586563356,DD,CAGR
A,U56,U56k40d09,U56,10.0,W,0,1,False,7.112748208632518,0.11031674331754915,1.0727189448183905,-0.17503635474729573,1.1120910844242915,1.0400089049588055,1.0086681946947855,1.1232734801924034,0.1189394802430559,-0.17503635474729584,DD,-
A,U56,U56k40d09,U56,10.0,W,0,2,False,7.210378789116836,0.11195827384133472,1.081246669370805,-0.1421684905824041,1.0506677888831293,1.1114623336772227,0.9361614927795665,1.1950947555243003,0.12822399533752216,-0.13006460069254133,DD,-
A,U56,U56k40d09,U56,10.0,W,0,3,False,7.249428472734794,0.10967498729061176,1.0581151938723026,-0.1533888328343661,1.1031960256439715,1.0211067589770768,0.9889101762664269,1.1124757739742648,0.11919302832526135,-0.15338883283436588,DD,-
A,U56,U56k40d09,U56,10.0,W,0,4,False,7.229149218622491,0.10520110785744152,1.0342607152923906,-0.1471931125812922,1.039511447920908,1.0317298548668055,0.9235785913111413,1.121657716744604,0.11757467079183193,-0.14719311258129208,DD,CAGR
A,U56,U56k40d09,U56,10.0,2W,0,0,True,5.013884266088634,0.11030728403755297,1.0346996856780193,-0.20201449913889158,1.0293240122748006,1.043969485875743,0.9366627999043124,1.1103746897124973,0.1239273565853698,-0.20201449913889136,DD,-
A,U56,U56k40d09,U56,10.0,2W,0,1,False,4.854699652569231,0.11264597065050763,1.051425794266311,-0.18957631763612248,1.0737863589596492,1.0374640539786133,0.9877273357832307,1.1010969678145408,0.12354775310823496,-0.18957631763612248,DD,-
A,U56,U56k40d09,U56,10.0,2W,0,2,False,4.867591225590398,0.11554006470317457,1.0643723147781579,-0.1951570731485346,1.121391821379525,1.0233865731804792,1.0063797707601403,1.1098754447310073,0.12723004765679669,-0.1951570731485346,DD,-
A,U56,U56k40d09,U56,10.0,2W,0,3,False,4.936506924075815,0.11098119714003052,1.0452268230269492,-0.19388389185709476,1.1225347374736003,0.985023227146025,1.0084084472562571,1.0748446507812919,0.1196666211953934,-0.19388389185709454,DD,-
A,U56,U56k40d09,U56,10.0,2W,0,4,False,5.023054475521056,0.10783154785380966,1.0208770972964136,-0.19505046199512044,1.0925956987153833,0.9654915719866622,0.9676697243714553,1.0626471764162968,0.11789046210199383,-0.19505046199512088,DD,-
A,U56,U56k40d09,U56,10.0,2W,1,0,False,5.0528103245657086,0.10649605349683244,1.043557133814052,-0.1529703991767829,1.055967623725146,1.0350206493598793,0.9381178215639105,1.1263861070608616,0.11879158554941793,-0.152970399176783,DD,CAGR
A,U56,U56k40d09,U56,10.0,2W,1,1,False,5.018154696442873,0.10648713743122529,1.0359165160702961,-0.16829467601681902,1.0423071700754036,1.032352325819962,0.9298888312952645,1.1197022385107427,0.11853902131878225,-0.16829467601681858,DD,CAGR
A,U56,U56k40d09,U56,10.0,2W,1,2,False,4.990640801766261,0.11318042213248503,1.085360018245589,-0.13414749257520964,1.0973310522609692,1.0768383415986629,0.9941818983754008,1.1575151136673838,0.12410623802642506,-0.13414749257520997,-,-
A,U56,U56k40d09,U56,10.0,2W,1,3,False,4.9207197804165075,0.11429184577154117,1.0776877506403924,-0.16145095110198682,1.0962517777881666,1.0649354581889863,0.980109553994079,1.1537408432297833,0.12715344256195293,-0.16145095110198715,DD,-
A,U56,U56k40d09,U56,10.0,2W,1,4,False,4.960860496080062,0.10809526211206832,1.0407548212533766,-0.1585915445633984,1.0195277684805697,1.06207754135003,0.9143080346581177,1.1408968820812262,0.12205650532887535,-0.1585915445633984,DD,-
A,U56,U56k40d09,U56,10.0,M,0,0,True,3.327804337349545,0.11794733489393705,1.0956273176189237,-0.172339124355248,1.1508333152311534,1.0510449374914173,1.0501241134891988,1.1316122189928999,0.12619371821719194,-0.17233912435524812,DD,-
A,U56,U56k40d09,U56,10.0,M,0,1,False,3.3538047423260053,0.11266042774085894,1.045260103508345,-0.18730290868566002,1.086404464766182,1.0143438864847707,0.9846946860969135,1.092606751291002,0.12292130962150627,-0.18730290868565969,DD,-
A,U56,U56k40d09,U56,10.0,M,0,2,False,3.344635498004466,0.1089994152758984,0.996330706027933,-0.2033332561199388,1.0482434740799536,0.95937569338468,0.9398672985063439,1.0405205478544244,0.12020260646426406,-0.20333325611993902,DD,DD
A,U56,U56k40d09,U56,10.0,M,0,3,False,3.3122307587644464,0.11179349536970351,1.0218713903958,-0.20593661464886814,1.0917334032671155,0.9716707356097816,0.9756510285433219,1.058867892405592,0.12289557470840196,-0.20593661464886814,DD,DD
A,U56,U56k40d09,U56,10.0,M,0,4,False,3.267043186691724,0.11106534596427475,1.0133775815952775,-0.21169347275503048,1.0628613495346386,0.9807351975807779,0.9424327097734513,1.0682758815902675,0.12472604030182044,-0.2116934727550308,DD,DD
A,U56,U56k40d09,U56,10.0,6W,0,0,True,2.7290082749257,0.1264960257587182,1.1214058757639178,-0.19752408674070798,1.0329801942564478,1.2032912918310728,0.918095602279926,1.2742112381993806,0.15327478991679744,-0.19752408674070787,DD,-
A,U56,U56k40d09,U56,10.0,6W,0,1,False,2.7560227295156983,0.12722912349245585,1.1270781367344498,-0.19437011724650333,1.0552364899287399,1.1949601748924839,0.9398348780146537,1.2682338841146914,0.15235297984161256,-0.19437011724650344,DD,-
A,U56,U56k40d09,U56,10.0,6W,0,2,False,2.6873551777193985,0.12887383318964551,1.1278612904598122,-0.20260161165107482,1.1171128799256953,1.1474242349339643,1.0080791551068677,1.2181247190470714,0.14967209168990903,-0.2026016116510745,DD,DD
A,U56,U56k40d09,U56,10.0,6W,0,3,False,2.71401328857329,0.12635244164847537,1.1238099713170253,-0.20099670134526393,1.1466979774539858,1.1146995514558031,1.0294231962322309,1.1960091778133082,0.143789589432763,-0.20099670134526393,DD,-
A,U56,U56k40d09,U56,10.0,6W,0,4,False,2.8445448755072005,0.11796886268259521,1.052686620799887,-0.2083879902733875,1.1753768770371968,0.9655223983180682,1.062419964438881,1.051553556888708,0.12606047789489483,-0.2083879902733874,DD,DD
A,U56,U56k40d09,U56,10.0,6W,1,0,False,2.812186866173245,0.11420721301401371,1.0648243171186422,-0.17723150614842897,1.12038370548822,1.0188437145445852,1.0157234907239345,1.1035998827316813,0.12220013046689626,-0.17723150614842909,DD,-
A,U56,U56k40d09,U56,10.0,6W,1,1,False,2.820712083608645,0.111657414567506,1.0281431472346534,-0.19436709758748094,1.1398210551091426,0.9376285798800025,1.0235072797839841,1.0335155371005114,0.11707717009836172,-0.19436709758748094,DD,-
A,U56,U56k40d09,U56,10.0,6W,1,2,False,2.862331154487889,0.11296258464325026,1.0118499611201386,-0.20784415731113648,1.103903886347605,0.9432013318749497,0.9945826385222486,1.0277029853082875,0.12126503613358208,-0.20784415731113692,DD,DD
A,U56,U56k40d09,U56,10.0,6W,1,3,False,2.8680085926949856,0.11441889196369481,1.0286388892536433,-0.20719782162198863,1.0921585809354968,0.9831071362616701,0.9751844818238767,1.0707815842977484,0.12605426313204093,-0.2071978216219882,DD,DD
A,U56,U56k40d09,U56,10.0,6W,1,4,False,2.8533963947538097,0.11431761068609192,1.0258862131408781,-0.21753431712320792,1.1258651454712527,0.9505739371596735,1.009351881973844,1.0412875162002773,0.12267740389577964,-0.2175343171232076,DD,DD
A,U56,U56k40d09,U56,10.0,6W,2,0,False,2.7657072801469167,0.11382969102107343,1.0150324360424032,-0.21295258423377816,1.0852433364582599,0.9624749168798962,0.9670404800353485,1.053028981181873,0.12453811254985037,-0.21295258423377805,DD,DD
A,U56,U56k40d09,U56,10.0,6W,2,1,False,2.822082707678485,0.11173148360570306,0.9932828011242818,-0.22517199128797072,1.059306185900899,0.9456481109961663,0.9379226985416517,1.0367370056346705,0.12357739732738326,-0.2251719912879706,DD,DD
A,U56,U56k40d09,U56,10.0,6W,2,2,False,2.7949859473342555,0.11442094030968808,1.011162017466395,-0.22055152897439034,1.05559634869089,0.9812319952610821,0.9449077148970478,1.0625895830653376,0.12727221586766446,-0.22055152897439023,DD,DD
A,U56,U56k40d09,U56,10.0,6W,2,3,False,2.805611258621084,0.1129886823998214,1.0021062427988288,-0.22507141681149845,1.0495831843942152,0.972745364903053,0.9274113044353463,1.0597118352501769,0.12790465613688173,-0.22507141681149834,DD,DD
A,U56,U56k40d09,U56,10.0,6W,2,4,False,2.8560894624960445,0.11478480549930148,1.01662672446256,-0.2247582675964278,1.0491519621236407,0.9987401634369792,0.9297836287106853,1.0829763639160666,0.13060554833603666,-0.2247582675964278,DD,DD
A,U56,U56k40d09,U56,10.0,6W,3,0,False,2.8331304753485145,0.10765381691334852,0.9637299045972827,-0.2247582675964277,1.0489520203540286,0.906985255970669,0.9242587419260705,0.9969328932734226,0.11996736947077302,-0.2247582675964278,DD,DD
A,U56,U56k40d09,U56,10.0,6W,3,1,False,2.780100764645079,0.11221110101039922,0.9956052498206903,-0.2249932822393298,1.081273445616039,0.9361189629369027,0.9635696968565461,1.0230272535628546,0.12325970057141977,-0.2249932822393298,DD,DD
A,U56,U56k40d09,U56,10.0,6W,3,2,False,2.7943396008718957,0.10907898247521386,0.9734889187901815,-0.22438595852127707,1.0418235497053099,0.9258880084560439,0.9230427578279452,1.0135554224422434,0.12099887229120476,-0.22438595852127685,DD,DD
A,U56,U56k40d09,U56,10.0,6W,3,3,False,2.764853376951189,0.11044853642383412,0.986688525943041,-0.22111786696438374,1.1018086412848311,0.899511781071588,0.9920931923877856,0.9862937407113723,0.11668264718588794,-0.2211178669643835,DD,DD
A,U56,U56k40d09,U56,10.0,6W,3,4,False,2.8192522211402142,0.10517864011402178,0.9506638161755785,-0.2264491252842853,1.036584349941025,0.8886755491071702,0.9399163122519667,0.962249097834351,0.11306835493734124,-0.22644912528428518,DD,"DD,CAGR"
A,U56,U56k40d09,U56,10.0,6W,4,0,False,2.8003287149357803,0.10970021401834407,0.9857636704870066,-0.2200042157996851,1.146500974646518,0.8640220004582901,1.0656887807599082,0.9331261090510324,0.10958420893577481,-0.22000421579968477,DD,DD
A,U56,U56k40d09,U56,10.0,6W,4,1,False,2.858944960320472,0.11068770278270224,0.9927468738224682,-0.21617816560023662,1.123704553888689,0.8962047228812675,1.040877844891386,0.9631125342899501,0.11382587830241842,-0.2161781656002365,DD,DD
A,U56,U56k40d09,U56,10.0,6W,4,2,False,2.7468345911032657,0.11722529099481416,1.0447721894291182,-0.2164086859809462,1.1551828071536794,0.9642327637171036,1.0508512680279827,1.0449764724847401,0.12462590903340165,-0.2164086859809463,DD,DD
A,U56,U56k40d09,U56,10.0,6W,4,3,False,2.819148380866873,0.11542980142375847,1.0378259293995677,-0.2170061574920754,1.1852957684819676,0.9246517743801155,1.080789594233451,1.0107140803223589,0.11858571205147794,-0.21700615749207508,DD,DD
A,U56,U56k40d09,U56,10.0,6W,4,4,False,2.8131097342830653,0.11175193982696308,1.0129017154471542,-0.2247994730850803,1.1579762525822352,0.8987078707423474,1.0504862676692488,0.9883916199699956,0.11439283172091841,-0.22479947308508041,DD,DD
A,U56,U56k40d09,U56,10.0,6W,5,0,False,2.792421229232032,0.11376899086170056,1.0565424437122517,-0.1832770175245959,1.115534931152294,1.0100911210025736,1.0040235824592265,1.0978192532479139,0.1233196554373941,-0.1832770175245959,DD,-
A,U56,U56k40d09,U56,10.0,6W,5,1,False,2.743163929277394,0.11747263386188456,1.0942501115132093,-0.18464550903012633,1.1033768403561743,1.0896854250908365,1.0005605780294657,1.1674423858433753,0.13004289764335897,-0.18464550903012633,DD,-
A,U56,U56k40d09,U56,10.0,6W,5,2,False,2.6991001939104393,0.12347749934757268,1.1437571127355575,-0.13451710148195417,1.1213285863490463,1.166241231697072,1.0230734245669968,1.2399212008804539,0.13734707270961977,-0.13451710148195417,-,-
A,U56,U56k40d09,U56,10.0,6W,5,3,False,2.759198276773998,0.12771898100380574,1.1445623928509818,-0.16779422913308828,1.1082164477510887,1.1818278016828108,1.0035774669456863,1.2521830414650121,0.14748330264608556,-0.16779422913308817,DD,-
A,U56,U56k40d09,U56,10.0,6W,5,4,False,2.7574270025035514,0.12132542083408548,1.113705280423581,-0.15247988899949527,1.0096691735892518,1.210129802227813,0.8884323617026503,1.2910341119489668,0.1463101815534007,-0.1524798889994956,DD,-
A,U56,U56k40d09,U56,10.0,Q,0,0,True,1.8062340863393727,0.10571766364339452,0.9067987086282723,-0.2544565800738541,1.0226081828230644,0.8230567167211836,0.9105402248030393,0.9085340400617943,0.11281920016607128,-0.25445658007385397,DD,"H2,DD,CAGR"
A,U56,U56k40d09,U56,10.0,Q,0,1,False,1.8595244036632357,0.10772336866422827,0.9225397667759755,-0.2546715495524894,1.052502674645103,0.8289487156996868,0.9384717559087822,0.9162043014141542,0.11411744419518599,-0.2546715495524896,DD,"H2,DD"
A,U56,U56k40d09,U56,10.0,Q,0,2,False,1.8647105252451652,0.10966054177994478,0.9337006646336263,-0.2500464429961773,0.9962844062562044,0.8941455236185343,0.8765191994655369,0.9788053183298082,0.12361103861817924,-0.25004644299617684,DD,DD
A,U56,U56k40d09,U56,10.0,Q,0,3,False,1.8628271933748093,0.11593355394074223,0.9871791364560695,-0.25416015268062364,1.0856654914051516,0.9219229871166555,0.9761526518444107,1.001033491671715,0.12655018696789244,-0.2541601526806242,DD,DD
A,U56,U56k40d09,U56,10.0,Q,0,4,False,1.9191624715124507,0.11323979685293395,0.9752299331608367,-0.24624069245275848,1.122589135336856,0.8715450233517703,1.0142711937890143,0.9546028586951325,0.11883947095236391,-0.24624069245275804,DD,DD
A,U56,U56k40d10,U56,10.0,D,0,0,True,17.733476175829313,0.1069078609949734,1.0443532360830095,-0.15334259175480314,0.9342997473379937,1.1458441145672227,0.8042945517269426,1.2306609684027068,0.13204918595764714,-0.15334259175480303,DD,H1
A,U56,U56k40d10,U56,10.0,2D,0,0,True,12.039142472433726,0.11345413318183617,1.0946330282677805,-0.16187390787551237,1.0275754167335063,1.1576441709502305,0.9084852684560561,1.2373407447875455,0.13490253000153274,-0.1618739078755127,DD,-
A,U56,U56k40d10,U56,10.0,2D,1,0,False,12.194372476872143,0.1140633017133752,1.1015966816428913,-0.13944451494996324,0.9710749339369648,1.2219340712103752,0.8525366285037779,1.295646073645066,0.1403753563529495,-0.12762743805885313,DD,-
A,U56,U56k40d10,U56,10.0,W,0,0,True,7.641001094530914,0.11559987181182407,1.1019515795996029,-0.17724383711183134,1.029616616858971,1.1696479869726446,0.9259153664719494,1.2366913608956605,0.13657211713866313,-0.17724383711183123,DD,-
A,U56,U56k40d10,U56,10.0,W,0,1,False,7.406775595343916,0.12234733300640999,1.159572074579511,-0.17799957279936807,1.1013699292265595,1.2149248405475408,1.004134696905351,1.2795452702181092,0.14133383851539993,-0.17799957279936884,DD,-
A,U56,U56k40d10,U56,10.0,W,0,2,False,7.475791619389098,0.12392450070655903,1.160275631325619,-0.1507310876068152,1.0470918677426018,1.2644289425822406,0.944170355635373,1.3269272570824153,0.14883031176826078,-0.123978948841454,DD,-
A,U56,U56k40d10,U56,10.0,W,0,3,False,7.460269734925844,0.1219344119738317,1.1435795801375281,-0.15632569627829274,1.0950536633431631,1.1906921992364612,0.9797389037463521,1.268833520803978,0.14253780362456414,-0.15632569627829274,DD,-
A,U56,U56k40d10,U56,10.0,W,0,4,False,7.491437216689335,0.11448163829489255,1.0977747344184154,-0.14072158015052227,1.0008087127338154,1.1875318373694297,0.8901051065943525,1.2585078471278437,0.13748358147909934,-0.1407215801505226,DD,-
A,U56,U56k40d10,U56,10.0,2W,0,0,True,5.197450460869239,0.11845358039333287,1.0872104730284684,-0.20540081248393405,0.9623360859192502,1.2000818701098521,0.8584899854630375,1.2592693486085964,0.14623228861074478,-0.20540081248393394,DD,DD
A,U56,U56k40d10,U56,10.0,2W,0,1,False,5.123469692325003,0.1267255065045989,1.1531834231179032,-0.18688266110440155,1.0775760857847836,1.2242446592838458,0.988239546651821,1.2776168465774353,0.14936947687217805,-0.18688266110440155,DD,-
A,U56,U56k40d10,U56,10.0,2W,0,2,False,5.124424973591411,0.127297568634116,1.1460008082640651,-0.18067771051145054,1.0868804050883958,1.20334076856737,0.9806680922952675,1.2701954174583157,0.15060486904034254,-0.18067771051145032,DD,-
A,U56,U56k40d10,U56,10.0,2W,0,3,False,5.186302337615413,0.12182594695734972,1.1257274041909742,-0.18698213620952464,1.064110616350719,1.1848231546182135,0.9541569120149106,1.2547046785707567,0.14471844242522902,-0.1869821362095242,DD,-
A,U56,U56k40d10,U56,10.0,2W,0,4,False,5.315986526255664,0.11732349612296455,1.0822942185208275,-0.1927337231841879,1.096632333341671,1.0771335665564792,0.9802538358875831,1.16003508657684,0.13370800423125795,-0.1927337231841879,DD,-
A,U56,U56k40d10,U56,10.0,2W,1,0,False,5.144351384563538,0.120056524222651,1.139067284760914,-0.1442396547420015,1.1150432625564393,1.1639452885213322,1.0081344258681708,1.2404459948306066,0.1365235583201092,-0.14423965474200184,DD,-
A,U56,U56k40d10,U56,10.0,2W,1,1,False,5.190540917095812,0.11935021924122213,1.1294845003264335,-0.1659361384478868,1.0808982295276965,1.1760811572188725,0.9910695777758952,1.2369656816875587,0.13625141418606979,-0.16593613844788713,DD,-
A,U56,U56k40d10,U56,10.0,2W,1,2,False,5.093193644136719,0.12491718019377163,1.156040811806392,-0.13358548888052357,1.131734281702143,1.1815333555724614,1.0448692949619953,1.242097932089821,0.14026753464875918,-0.13358548888052368,-,-
A,U56,U56k40d10,U56,10.0,2W,1,3,False,5.073793676057337,0.12605903299929144,1.152115296159865,-0.16805768924609876,1.1309374636450384,1.1760911181453955,1.0389701585438615,1.2387868721638993,0.14299353310242102,-0.16805768924609843,DD,-
A,U56,U56k40d10,U56,10.0,2W,1,4,False,5.180325375785278,0.11692795182755322,1.1013441167732312,-0.14469793362894046,0.9651081178607317,1.2260723550085768,0.8644280935807258,1.2841557406268989,0.14331898985451796,-0.14469793362894023,DD,-
A,U56,U56k40d10,U56,10.0,M,0,0,True,3.4518006800170213,0.13418516291883376,1.2181755540496666,-0.1657161364843881,1.2168230296241076,1.2234109357611196,1.11695111570376,1.2968958621300544,0.14892774209338433,-0.16571613648438832,DD,-
A,U56,U56k40d10,U56,10.0,M,0,1,False,3.4268930850644326,0.1381850782230929,1.2416487699126884,-0.19262466011441393,1.2373497877626392,1.2518555540898924,1.1276514099284638,1.3290476203999475,0.1562959263481558,-0.1926246601144137,DD,-
A,U56,U56k40d10,U56,10.0,M,0,2,False,3.4424279609747708,0.12408601485943538,1.0994622813459936,-0.20979906822507743,1.0938832333535335,1.1135241019121012,0.9837707352277338,1.1866836797894105,0.14395389731100505,-0.20979906822507732,DD,DD
A,U56,U56k40d10,U56,10.0,M,0,3,False,3.384766189205222,0.12575454397525765,1.111260673699888,-0.20819249420095243,1.0996255036802285,1.1318850717405045,0.9840613744189172,1.2063715604238592,0.14790559414237436,-0.20819249420095265,DD,DD
A,U56,U56k40d10,U56,10.0,M,0,4,False,3.3762434680813076,0.12364922040546444,1.1011952643087528,-0.20247308792637886,1.086102811843998,1.1242461760231932,0.9801606820564964,1.1919501448010987,0.1448954193410652,-0.20247308792637841,DD,DD
A,U56,U56k40d10,U56,10.0,6W,0,0,True,2.9757870487865903,0.13606126134017882,1.1903484206193575,-0.20873487933268364,1.0649786242597912,1.3036819339253087,0.9660675238416138,1.3556942825771954,0.167506694203424,-0.20873487933268386,DD,DD
A,U56,U56k40d10,U56,10.0,6W,0,1,False,2.9452689826621623,0.1434613328516401,1.2523493922441014,-0.19874515319608776,1.1503144238506793,1.346776430984758,1.0413308179845342,1.4090614928719287,0.1738036708388242,-0.1987451531960882,DD,-
A,U56,U56k40d10,U56,10.0,6W,0,2,False,2.9277246388262514,0.14402797574341708,1.2418063453834178,-0.20136208883302598,1.1707853856862938,1.31190709485718,1.0543532232724322,1.3797465874320798,0.17417282468772477,-0.20136208883302553,DD,-
A,U56,U56k40d10,U56,10.0,6W,0,3,False,2.8805310917621347,0.14959926486401254,1.300948906198308,-0.2035500654318122,1.2324107953237673,1.3688255664806626,1.1164471144700268,1.4377813122007184,0.17897461977333085,-0.2035500654318123,DD,DD
A,U56,U56k40d10,U56,10.0,6W,0,4,False,2.975522794696193,0.13622868583355752,1.1837778231835114,-0.21540929721270996,1.2203576491060124,1.1673730944271343,1.1082973813579582,1.2434701068225382,0.15500199025833972,-0.21540929721270974,DD,DD
A,U56,U56k40d10,U56,10.0,6W,1,0,False,2.9523341436734802,0.13103152247437055,1.1902801449023868,-0.16948210839248734,1.2132416497338345,1.174501632198961,1.0925891111428196,1.2660063673703095,0.1457475496279661,-0.169482108392487,DD,-
A,U56,U56k40d10,U56,10.0,6W,1,1,False,2.967246507513032,0.13008153856339044,1.1751728422569825,-0.19790652753278393,1.1885297132581725,1.1700299818514712,1.0607830048163644,1.2625923716522818,0.1479005340728643,-0.19790652753278404,DD,-
A,U56,U56k40d10,U56,10.0,6W,1,2,False,2.921152682925904,0.13346901402755806,1.1532860660001283,-0.2138329938537884,1.2094201604661057,1.1191233724103764,1.0817934588089186,1.2096409980857161,0.15080644643994612,-0.2138329938537883,DD,DD
A,U56,U56k40d10,U56,10.0,6W,1,3,False,2.964915719857917,0.12952451972759849,1.1263939754787167,-0.21165566807715364,1.1522065191929598,1.1173473835992853,1.018963351256698,1.2077988464676157,0.15037054779460268,-0.21165566807715397,DD,DD
A,U56,U56k40d10,U56,10.0,6W,1,4,False,2.8980556157223027,0.13024918297125754,1.1366246824269517,-0.20621669582808833,1.1273327873896573,1.1536917176763775,0.9913433483670663,1.2451813737575748,0.15352479039510025,-0.20621669582808821,DD,DD
A,U56,U56k40d10,U56,10.0,6W,2,0,False,2.929379080179038,0.13004942579998002,1.1219942283298088,-0.21274126709852303,1.1026126050336638,1.1477497750350099,0.968887993397874,1.2358490653163354,0.15455302548995276,-0.21274126709852303,DD,DD
A,U56,U56k40d10,U56,10.0,6W,2,1,False,2.9547232831226458,0.12935686095929788,1.1156259383794829,-0.22254924831475587,1.1227598732113084,1.1205776909069052,0.9891567859249836,1.2103877959757958,0.1515846089880042,-0.22254924831475553,DD,DD
A,U56,U56k40d10,U56,10.0,6W,2,2,False,2.9203765079769832,0.13440219515256224,1.1553240584417834,-0.20723585194983463,1.143579415185255,1.1743981392179073,1.0302322248028901,1.2496940629186288,0.15584349326410152,-0.20723585194983474,DD,DD
A,U56,U56k40d10,U56,10.0,6W,2,3,False,2.9264231444561006,0.13052902231319652,1.1290386106585322,-0.2204037825940749,1.0933014660868594,1.1699300663959522,0.9758769248717174,1.242244756330697,0.15618402633246964,-0.2204037825940749,DD,DD
A,U56,U56k40d10,U56,10.0,6W,2,4,False,2.9189160782225905,0.12993781121529313,1.117780555484804,-0.21948418200492736,1.1008416863927333,1.143267544576676,0.9990120413932412,1.2070265745158983,0.15211037893840063,-0.2194841820049277,DD,DD
A,U56,U56k40d10,U56,10.0,6W,3,0,False,2.865752142147442,0.1276937079365441,1.1021628068023028,-0.21948418200492803,1.122848381921007,1.0999843489469756,1.0174813791197737,1.1680455440477269,0.1475409235870937,-0.21948418200492759,DD,DD
A,U56,U56k40d10,U56,10.0,6W,3,1,False,2.908379688349906,0.1265766643905495,1.0885711301323497,-0.2200059740659993,1.1196327440803375,1.0778899916299984,1.0301821751216127,1.1363062528099896,0.14356345180838415,-0.2200059740659991,DD,DD
A,U56,U56k40d10,U56,10.0,6W,3,2,False,2.9269953799394766,0.12067684089710706,1.0416243161692216,-0.22004499913856668,1.0727687800073864,1.0292699797587164,0.9878183605906191,1.085595436576636,0.13619828597927763,-0.2200449991385668,DD,DD
A,U56,U56k40d10,U56,10.0,6W,3,3,False,2.8831223319259944,0.12382523221872344,1.065557747396971,-0.21632276483099577,1.1069625041607767,1.0431119614201667,1.0199923394903396,1.1033942952076738,0.13800209780470496,-0.21632276483099622,DD,DD
A,U56,U56k40d10,U56,10.0,6W,3,4,False,2.896595394253273,0.11456843229050806,1.0018266007181469,-0.21822399447652907,1.081319243658029,0.9491193400738712,0.993469496343636,1.0139027551676882,0.12478149005318628,-0.21822399447652907,DD,DD
A,U56,U56k40d10,U56,10.0,6W,4,0,False,2.9253402252814222,0.12021981428738804,1.0385308547932113,-0.219697426948965,1.1389912352290938,0.9723703155143298,1.0535396093947669,1.0354469272180364,0.12921025323926982,-0.219697426948965,DD,DD
A,U56,U56k40d10,U56,10.0,6W,4,1,False,2.9138997179911663,0.1264583861667996,1.084598949419079,-0.21414000411961132,1.1820366935154392,1.0218047774612158,1.090774502035275,1.088355250844867,0.13724249179749304,-0.2141400041196112,DD,DD
A,U56,U56k40d10,U56,10.0,6W,4,2,False,2.81938133560662,0.13396849697981028,1.1467037917716703,-0.21433764917048714,1.1810805168911265,1.131979481330721,1.0851234879703362,1.1964180832756373,0.15104649222865696,-0.21433764917048692,DD,DD
A,U56,U56k40d10,U56,10.0,6W,4,3,False,2.862070758170982,0.13063372835204534,1.132929599460251,-0.21495485796566982,1.207527675391309,1.085612503838314,1.103750928446329,1.1600327807859383,0.14412854238007622,-0.2149548579656696,DD,DD
A,U56,U56k40d10,U56,10.0,6W,4,4,False,2.9219894656934278,0.1221894401732102,1.067702432982364,-0.21983033286252274,1.1410538885384405,1.0179724753489652,1.0441107714993476,1.0898141131922716,0.13360108855732933,-0.2198303328625224,DD,DD
A,U56,U56k40d10,U56,10.0,6W,5,0,False,2.8832895425403664,0.12404193565204213,1.1066441760147483,-0.19195703708294587,1.1025070395214085,1.1174302470557607,1.0064412151465936,1.1830815246886826,0.1411882796595334,-0.19195703708294598,DD,-
A,U56,U56k40d10,U56,10.0,6W,5,1,False,2.8153485026731953,0.1343402340233697,1.2046933281614347,-0.19166317555025392,1.163290042897371,1.246777815616585,1.0684930844460363,1.3081975924148288,0.1547781628353464,-0.19166317555025325,DD,-
A,U56,U56k40d10,U56,10.0,6W,5,2,False,2.8506427647430477,0.13624671577043346,1.2211392045244007,-0.14332382360621132,1.2134840830902063,1.2325163816673455,1.1312104062495005,1.291039705906369,0.15052296095935525,-0.1433238236062112,DD,-
A,U56,U56k40d10,U56,10.0,6W,5,3,False,2.933986100269874,0.1403553441843428,1.225821861556696,-0.1777886341387639,1.1783975084544098,1.2747040448181632,1.0762205857181113,1.3381419048995729,0.16439143378813847,-0.17778863413876378,DD,-
A,U56,U56k40d10,U56,10.0,6W,5,4,False,2.9602412413386565,0.13341381761185622,1.2067979594603555,-0.16038475775123628,1.0799044446685084,1.3225577071935046,0.9733236616803876,1.3844158783281224,0.16214497899691627,-0.16038475775123617,DD,-
A,U56,U56k40d10,U56,10.0,Q,0,0,True,1.9350410766882316,0.12390548212063135,1.020040802541466,-0.27100624326608636,1.1394090590375106,0.9363927423820024,1.0354791799926644,1.0156250479165911,0.1324015386609605,-0.27100624326608624,DD,DD
A,U56,U56k40d10,U56,10.0,Q,0,1,False,1.969935964045828,0.12711401356951435,1.0450538026914553,-0.2712730520143679,1.1615254721228392,0.964255010280415,1.0528161565658065,1.0462376676940028,0.1367908046776054,-0.271273052014368,DD,DD
A,U56,U56k40d10,U56,10.0,Q,0,2,False,1.9785860450597847,0.1252954879198005,1.0297159656395924,-0.2702588029150915,1.138088670499217,0.9541051207918431,1.032968638082218,1.0333937860802458,0.1348257868405096,-0.27025880291509174,DD,DD
A,U56,U56k40d10,U56,10.0,Q,0,3,False,1.9887960523174049,0.13289099445672337,1.089498104020701,-0.25357697140346347,1.2006557152832833,1.0149349204004812,1.095115834091222,1.0930630041662002,0.14381630601603423,-0.25357697140346325,DD,DD
A,U56,U56k40d10,U56,10.0,Q,0,4,False,1.945851094274489,0.1331716500100255,1.1005020451930414,-0.2532269401396614,1.224467188441122,1.0158802417895052,1.1244293895397144,1.0919104287890893,0.14250786526811332,-0.2532269401396613,DD,DD
A,U56,U56k40d11,U56,10.0,D,0,0,True,17.70010577314452,0.11151443255398563,1.0815813420136127,-0.15038419001817283,1.0334851640085234,1.1274516018343836,0.9230775000731873,1.2055796470757945,0.12910322485652337,-0.15038419001817271,DD,-
A,U56,U56k40d11,U56,10.0,2D,0,0,True,11.882916480696085,0.12038112785118882,1.1523541063095584,-0.15430214085156124,1.1147942285253498,1.1890848006230612,1.0155751448618384,1.258736313024206,0.13691381452965157,-0.15430214085156146,DD,-
A,U56,U56k40d11,U56,10.0,2D,1,0,False,11.939272398788424,0.11945990792857009,1.1465234713385752,-0.13871262416084607,1.092700053675888,1.1977391419960397,0.978145794879963,1.2779806424985956,0.1385118730987771,-0.1261325580838718,DD,-
A,U56,U56k40d11,U56,10.0,W,0,0,True,7.285230400817823,0.12439851447238204,1.172874260403988,-0.17030760089468766,1.1154360205911407,1.2276607430477846,1.0122598665949898,1.2965029659657243,0.14423751103517946,-0.17030760089468766,DD,-
A,U56,U56k40d11,U56,10.0,W,0,1,False,7.1957413297357435,0.13159196755379754,1.2339862757351918,-0.17216655991186847,1.2111791514108856,1.2577724001538617,1.1169867250448917,1.3251048752051775,0.14703166371740073,-0.1721665599118687,DD,-
A,U56,U56k40d11,U56,10.0,W,0,2,False,7.321215761154698,0.1284883756067534,1.1971224202971262,-0.15535397098621495,1.1215612455784438,1.2680013005614899,1.0296950080279001,1.3265137334291182,0.14902349989038122,-0.1233224332407068,DD,-
A,U56,U56k40d11,U56,10.0,W,0,3,False,7.172603592500757,0.1292839198377751,1.2130568581972316,-0.14425132425161236,1.2267195047692714,1.2043987849266014,1.1094941395112592,1.2937035432674946,0.14350543310265462,-0.14329788591582104,DD,-
A,U56,U56k40d11,U56,10.0,W,0,4,False,7.385186069742406,0.1214620204732264,1.1545245830993556,-0.1459788639514289,1.139679668889711,1.1706955045246679,1.0247621499559962,1.255681743900661,0.13733079154579708,-0.14597886395142867,DD,-
A,U56,U56k40d11,U56,10.0,2W,0,0,True,5.031550880968412,0.12818098533129363,1.166560298476797,-0.2075669603968049,1.091500161387898,1.236946564032749,0.9885574983323686,1.302410737399602,0.15104154467558062,-0.20756696039680478,DD,DD
A,U56,U56k40d11,U56,10.0,2W,0,1,False,4.90688045803468,0.1345692309991633,1.2137700473136932,-0.19064446571557758,1.2018672886415749,1.2296385775536083,1.1082143163972376,1.2950145839790421,0.15119365449979427,-0.19064446571557758,DD,-
A,U56,U56k40d11,U56,10.0,2W,0,2,False,4.912153647436702,0.13527547828318842,1.2091785180062813,-0.18653118999488283,1.2080350239540614,1.2170353199650419,1.1112293000490379,1.2844889278397402,0.15209113289972787,-0.18653118999488316,DD,-
A,U56,U56k40d11,U56,10.0,2W,0,3,False,4.931081606109352,0.1294571014678969,1.192650615822599,-0.18140587231517535,1.2110586998391182,1.18250937247024,1.1037378669233873,1.261363602974457,0.14422117330909878,-0.1814058723151758,DD,-
A,U56,U56k40d11,U56,10.0,2W,0,4,False,5.150697900412406,0.12269786590544696,1.1275556198848662,-0.1988165697209664,1.172657442829389,1.0965065991747907,1.0712281117494622,1.1721775865657174,0.1352577249377973,-0.1988165697209664,DD,-
A,U56,U56k40d11,U56,10.0,2W,1,0,False,5.028695280528228,0.12519823784186945,1.173251608501861,-0.13925712200856433,1.1554168728540957,1.1928218415192695,1.05026213927159,1.2683837605787234,0.1414858777190966,-0.13925712200856422,DD,-
A,U56,U56k40d11,U56,10.0,2W,1,1,False,5.085914513102618,0.1262404729653248,1.1834075619427533,-0.15854861742373283,1.1384744368601354,1.226741866679538,1.0509486997454853,1.2867807750064006,0.14263251167725643,-0.15854861742373283,DD,-
A,U56,U56k40d11,U56,10.0,2W,1,2,False,5.04732111213192,0.1292975438092827,1.1885189548597364,-0.13401527492689624,1.1757631359945584,1.2035933850571847,1.0948507807651222,1.2614459757648329,0.1429471823485311,-0.13401527492689636,-,-
A,U56,U56k40d11,U56,10.0,2W,1,3,False,4.966114648460984,0.13269090653151716,1.212497527944343,-0.15500131522890426,1.1999069378373686,1.2274496504634795,1.0929882214164426,1.3052862401207717,0.14898415486351846,-0.1550013152289037,DD,-
A,U56,U56k40d11,U56,10.0,2W,1,4,False,5.038060224709192,0.1234838439775301,1.1453022907362738,-0.15905488798529466,1.0749832300310485,1.2114105774552064,0.9597425428239424,1.2899620255108581,0.1449908185954305,-0.15905488798529477,DD,-
A,U56,U56k40d11,U56,10.0,M,0,0,True,3.3565910703589545,0.13885783341349267,1.257719934593557,-0.15397313441911964,1.2943583800670335,1.2278142226380016,1.187927689332732,1.3126789752155132,0.14982956567053085,-0.15397313441911964,DD,-
A,U56,U56k40d11,U56,10.0,M,0,1,False,3.345656829701392,0.13983759741984758,1.2545893400237893,-0.1793304352778946,1.3141028929790015,1.2070238733556335,1.206850103499529,1.292552206242218,0.15026435992278975,-0.17933043527789505,DD,-
A,U56,U56k40d11,U56,10.0,M,0,2,False,3.324055070710549,0.1292312942402618,1.1265678581641612,-0.21245964082212998,1.2061322335849158,1.0701750554898617,1.083802532123479,1.1619650301527646,0.14233545808321835,-0.21245964082212965,DD,DD
A,U56,U56k40d11,U56,10.0,M,0,3,False,3.2780772472184623,0.1322950821590143,1.1565847187744678,-0.20892730707603335,1.2170352507439723,1.1147612369955648,1.1035101661093958,1.1992135226930496,0.14611232543185038,-0.20892730707603302,DD,DD
A,U56,U56k40d11,U56,10.0,M,0,4,False,3.2921965293622617,0.13118340314710863,1.1375129372641075,-0.21957573446834422,1.206942201512427,1.0942478573512489,1.1000075024721574,1.1708115166008803,0.1459929459403564,-0.21957573446834422,DD,DD
A,U56,U56k40d11,U56,10.0,6W,0,0,True,2.771330856120969,0.14763677197131653,1.276756772159658,-0.2009936244826902,1.170856869429669,1.3744047517877607,1.0586480756469885,1.440922053383496,0.1777784906611546,-0.20099362448268976,DD,-
A,U56,U56k40d11,U56,10.0,6W,0,1,False,2.7864520043885657,0.15316086506938675,1.3116174383975212,-0.20315439502129518,1.2539541374345369,1.3682125433308279,1.1483645861179543,1.435435296104707,0.17814982722167771,-0.20315439502129518,DD,DD
A,U56,U56k40d11,U56,10.0,6W,0,2,False,2.769961079893204,0.15157160316149398,1.2936345965877079,-0.20414300276933262,1.2916007609457385,1.3054843815825194,1.1832795703824348,1.3779997613423756,0.17299615597103668,-0.20414300276933273,DD,DD
A,U56,U56k40d11,U56,10.0,6W,0,3,False,2.788251288023616,0.1521103517982485,1.3205033511405881,-0.19054872438893566,1.3281287788906935,1.3227490187358537,1.2129261070248465,1.403056018739972,0.1721351921459462,-0.1905487243889359,DD,-
A,U56,U56k40d11,U56,10.0,6W,0,4,False,2.851557633921542,0.14224664833181633,1.2310589678504775,-0.20714354531125134,1.3332303432030728,1.1606993278406712,1.2145038242677717,1.2496361731286447,0.1552482308310792,-0.20714354531125134,DD,DD
A,U56,U56k40d11,U56,10.0,6W,1,0,False,2.8519464964239214,0.138174078552322,1.2339280437089546,-0.15511824361074378,1.2629450080627271,1.2125210099001538,1.1338097146336352,1.3116966085536756,0.15336900560315248,-0.15511824361074367,DD,-
A,U56,U56k40d11,U56,10.0,6W,1,1,False,2.7849757108318283,0.1378008325845419,1.2293741312753235,-0.18637088190767948,1.2892012798330783,1.1826190479420036,1.1567374381358708,1.286079855060684,0.15119847789477303,-0.18637088190767925,DD,-
A,U56,U56k40d11,U56,10.0,6W,1,2,False,2.802593925032627,0.13643219337381285,1.1624009937495774,-0.21442994831762396,1.269178173795948,1.0870640073234543,1.13187218597663,1.1899518244102978,0.14986406642564454,-0.21442994831762396,DD,DD
A,U56,U56k40d11,U56,10.0,6W,1,3,False,2.838838225656976,0.13586280604874834,1.1696739135891765,-0.20863210089694106,1.26231644482878,1.1032005105308957,1.120307346617415,1.2099507944216907,0.15015567140909658,-0.20863210089694095,DD,DD
A,U56,U56k40d11,U56,10.0,6W,1,4,False,2.817601891527668,0.13349462794704325,1.136692032125661,-0.22578151481121078,1.2383662784670895,1.064774806988588,1.0995852798202392,1.168678294734436,0.1472647870977717,-0.22578151481121067,DD,DD
A,U56,U56k40d11,U56,10.0,6W,2,0,False,2.888779061665079,0.13053866873768682,1.1145316709937014,-0.22051227732159795,1.171987531332745,1.0760437366719044,1.0260240471744853,1.1824762292695072,0.14821443439400617,-0.22051227732159795,DD,DD
A,U56,U56k40d11,U56,10.0,6W,2,1,False,2.8727489209401944,0.13137587523355965,1.1243770646622693,-0.23145621638261038,1.1906194323503567,1.0801962128723424,1.0454350610704286,1.1856409873028404,0.148765253759912,-0.23145621638261027,DD,DD
A,U56,U56k40d11,U56,10.0,6W,2,2,False,2.740282187275744,0.1312717719259313,1.1235507481071851,-0.21748354664229175,1.162207091510581,1.099325955437064,1.0350021133739788,1.1915731439342085,0.14828135328532643,-0.2174835466422922,DD,DD
A,U56,U56k40d11,U56,10.0,6W,2,3,False,2.7953577555872,0.13153385159826958,1.1288492173317963,-0.23071447870455342,1.1776191168179677,1.1019200527435042,1.039007921162275,1.1980505788740832,0.15110467652976767,-0.23071447870455353,DD,DD
A,U56,U56k40d11,U56,10.0,6W,2,4,False,2.7828282525219707,0.13087973954692633,1.1103460797337938,-0.2352499507168897,1.177902129697233,1.0691551653303077,1.0612193497618567,1.1515109201262808,0.14692446499798817,-0.2352499507168897,DD,DD
A,U56,U56k40d11,U56,10.0,6W,3,0,False,2.776037840241856,0.12685772593945344,1.0808949634896956,-0.2352499507168897,1.1710246457620117,1.0262620111589036,1.0507916670790862,1.1104398708192724,0.14226276817085415,-0.2352499507168896,DD,DD
A,U56,U56k40d11,U56,10.0,6W,3,1,False,2.826547295906272,0.12962149653695731,1.1066204333413878,-0.22133839821040469,1.1705425162928955,1.0678868108078767,1.0634529814315086,1.1433911146932154,0.14459945689846765,-0.22133839821040435,DD,DD
A,U56,U56k40d11,U56,10.0,6W,3,2,False,2.8210508283858906,0.12762744596589015,1.0925095027513871,-0.2208544031901074,1.148184355048768,1.0595385972233127,1.0419267521284432,1.1341771671637548,0.14292183023993021,-0.2208544031901073,DD,DD
A,U56,U56k40d11,U56,10.0,6W,3,3,False,2.773971816206835,0.13192721254798023,1.122678586614462,-0.22652543747819542,1.247335105071869,1.0353561654037284,1.1378382033096397,1.1192408562282026,0.14140927727442976,-0.22652543747819542,DD,DD
A,U56,U56k40d11,U56,10.0,6W,3,4,False,2.814739829073209,0.12287628977723819,1.0584738945456718,-0.2303990323770736,1.1570914878855052,0.9902753515399756,1.0474546571445913,1.0725012706967092,0.13388742037952173,-0.2303990323770736,DD,DD
A,U56,U56k40d11,U56,10.0,6W,4,0,False,2.8259353313654767,0.1279321913553959,1.0972912660344971,-0.22771213596339634,1.242812676698135,0.9938476490616883,1.1491826310622955,1.0683453365053708,0.1334986597797112,-0.22771213596339668,DD,DD
A,U56,U56k40d11,U56,10.0,6W,4,1,False,2.822110333349268,0.13192882532006034,1.1244021750526674,-0.22884827506273198,1.2563455194960174,1.0332373665226164,1.1487548331171247,1.1154508845483433,0.141067920542983,-0.2288482750627321,DD,DD
A,U56,U56k40d11,U56,10.0,6W,4,2,False,2.753790180755544,0.1384619727249441,1.1731222164002226,-0.22902984038166863,1.2851206799282469,1.0976560011462693,1.1804533492891174,1.1758106478780423,0.14961891376472436,-0.22902984038166885,DD,DD
A,U56,U56k40d11,U56,10.0,6W,4,3,False,2.784911967745037,0.13530317479232945,1.1620075046391403,-0.22976717606555708,1.3384740157983928,1.0341588981660066,1.2235732105035626,1.1269712182130014,0.14072734513473617,-0.22976717606555674,DD,DD
A,U56,U56k40d11,U56,10.0,6W,4,4,False,2.8265218419897775,0.1277096251823686,1.1077516375676753,-0.23622538490822087,1.2691100245113018,0.9891466271267558,1.164789554635702,1.0748454225610558,0.13256855899669984,-0.23622538490822054,DD,DD
A,U56,U56k40d11,U56,10.0,6W,5,0,False,2.7903591726523853,0.13144471552995318,1.16375489859354,-0.194362645770496,1.2500139808925175,1.099141585869742,1.1469270356700958,1.1801482540875425,0.14137951038217933,-0.1943626457704959,DD,-
A,U56,U56k40d11,U56,10.0,6W,5,1,False,2.73318205147649,0.1367649668933426,1.2190377374765158,-0.1977393915985205,1.228676066000265,1.2165396504812436,1.1234270457699396,1.2927765036266365,0.15294447415683643,-0.1977393915985205,DD,-
A,U56,U56k40d11,U56,10.0,6W,5,2,False,2.8130752200272258,0.14075440228205705,1.2516339906237768,-0.14353323383337158,1.2425213697986117,1.2632137225596858,1.1488527786539897,1.3319282398945003,0.15560295710754368,-0.1435332338333719,DD,-
A,U56,U56k40d11,U56,10.0,6W,5,3,False,2.8376742758774607,0.1487800556348895,1.2964472554678523,-0.17203034091601777,1.2593000088365078,1.3349181718004224,1.1443256308218432,1.4123837228289575,0.17160561837093935,-0.17203034091601765,DD,-
A,U56,U56k40d11,U56,10.0,6W,5,4,False,2.866535494496693,0.1417394431240404,1.2607378063417873,-0.1515283125187198,1.1754400062585761,1.3404916529680915,1.0557721438547234,1.419040873286205,0.16739577466706157,-0.15152831251872,DD,-
A,U56,U56k40d11,U56,10.0,Q,0,0,True,1.8393707936045514,0.1251627986343531,1.0156060633340185,-0.25905615939183213,1.0959977373954406,0.9626110748239264,0.9755183098391871,1.049594244806352,0.13948315832753355,-0.259056159391832,DD,DD
A,U56,U56k40d11,U56,10.0,Q,0,1,False,1.893961126726511,0.12880462566403694,1.043106991975208,-0.25927971951688566,1.1335957390471032,0.9844123885843892,1.0179070760238336,1.0675445696206511,0.14255487786256804,-0.2592797195168858,DD,DD
A,U56,U56k40d11,U56,10.0,Q,0,2,False,1.8743754437850664,0.13139863394532414,1.0655976509547729,-0.24398267967044063,1.1441167265692085,1.0156399449734168,1.021588466150269,1.1029083457354625,0.1471089311666085,-0.2439826796704404,DD,DD
A,U56,U56k40d11,U56,10.0,Q,0,3,False,1.8653578264201598,0.13613256762683834,1.0989625791299742,-0.2587279513453523,1.1941056574237,1.0380314825431018,1.0747307438795848,1.123365856305596,0.1507509329682477,-0.25872795134535254,DD,DD
A,U56,U56k40d11,U56,10.0,Q,0,4,False,1.8590645057693636,0.13138550770895763,1.0677898938252413,-0.2509310375214061,1.208249323432635,0.9735439672355511,1.0980842173179302,1.0565207469031914,0.14104687469685473,-0.25093103752140644,DD,DD
A,U56,U56k40d12,U56,10.0,D,0,0,True,18.40192139630864,0.11544547284759976,1.0898211407176623,-0.15327037664376553,1.0136128989923023,1.1610835752335111,0.904718788776493,1.2333048310405945,0.13661673893189752,-0.14371609025200993,DD,-
A,U56,U56k40d12,U56,10.0,2D,0,0,True,12.372065273505862,0.12221146776271197,1.141188925393429,-0.1551224072731353,1.1094979517495156,1.1728388311999136,1.0120014738872738,1.240966181478919,0.1390379029563995,-0.1543029909250121,DD,-
A,U56,U56k40d12,U56,10.0,2D,1,0,False,12.537043300131177,0.12187086720060303,1.1385941219871518,-0.1492358884804207,1.0642355024238623,1.2083052479792418,0.9635225700373136,1.2743347382929857,0.14253989918074073,-0.13532495057767646,DD,-
A,U56,U56k40d12,U56,10.0,W,0,0,True,7.647433512185917,0.12494379707045744,1.1538598161817213,-0.16516180649125833,1.1015061469630563,1.2040716709117303,1.0151578846603424,1.260541560918977,0.1432412902861524,-0.16516180649125867,DD,-
A,U56,U56k40d12,U56,10.0,W,0,1,False,7.681132569298275,0.12943534199958795,1.1890291809108247,-0.1681404553813881,1.1507055192613722,1.2265782463773074,1.0733785211141307,1.2788181644424539,0.1451747502454459,-0.16814045538138822,DD,-
A,U56,U56k40d12,U56,10.0,W,0,2,False,7.659033463619235,0.13466310068238174,1.2213688331354646,-0.1650786276193862,1.1701818306553666,1.2705825281390968,1.0898822299518638,1.3232883086343217,0.1523611814296295,-0.1327731489380537,DD,-
A,U56,U56k40d12,U56,10.0,W,0,3,False,7.45303661334941,0.12922094398902884,1.1774721017039185,-0.1514641517033558,1.1762258441875348,1.1824304511993198,1.0764237831204275,1.2557882493563968,0.14404675605907413,-0.15146415170335592,DD,-
A,U56,U56k40d12,U56,10.0,W,0,4,False,7.626113553265293,0.11858067503416003,1.1028577096580081,-0.14841233049734703,1.098913114532,1.109642431017726,1.0077929081779655,1.1766359164195062,0.13199269258713353,-0.14841233049734703,DD,-
A,U56,U56k40d12,U56,10.0,2W,0,0,True,5.255814299317328,0.1268251385767991,1.1348170131986772,-0.18508803302420518,1.0126085942691754,1.2464338124800194,0.9206124804342004,1.2981929101683454,0.1534026698491111,-0.18508803302420573,DD,-
A,U56,U56k40d12,U56,10.0,2W,0,1,False,5.298811059706771,0.1307828759874643,1.1583145086465756,-0.1733697485711182,1.1097209377944606,1.206027696238004,1.0350420526662036,1.252203500491558,0.14983324110016172,-0.1733697485711182,DD,-
A,U56,U56k40d12,U56,10.0,2W,0,2,False,5.239649843790785,0.1360855855560259,1.1845433613471361,-0.1861264654019047,1.1611622527155943,1.2116731443355013,1.0727529094295598,1.2697560401687662,0.15519576413592517,-0.1861264654019047,DD,-
A,U56,U56k40d12,U56,10.0,2W,0,3,False,5.163667395388767,0.13122650672707636,1.172308786630966,-0.17529261378364658,1.1618160775503343,1.1873155755694489,1.0632035847656205,1.255814390537569,0.14872193722645566,-0.17529261378364625,DD,-
A,U56,U56k40d12,U56,10.0,2W,0,4,False,5.28545149256568,0.12236462161394845,1.100077220498396,-0.18625424388438616,1.163560764491575,1.0525856698592435,1.0552539635180944,1.136165510642631,0.13373213376526083,-0.18625424388438605,DD,-
A,U56,U56k40d12,U56,10.0,2W,1,0,False,5.28896751094694,0.12919129988575495,1.1829705830745911,-0.1443679894988611,1.169761960501956,1.1981266826307597,1.0714741295884453,1.2694793295644824,0.14466738696465353,-0.14436798949886098,DD,-
A,U56,U56k40d12,U56,10.0,2W,1,1,False,5.2372451311400985,0.13225507620626287,1.2048938718669564,-0.16381861792449537,1.1779561574988884,1.2317967053887706,1.099325205692094,1.2877403062736907,0.14627523085577354,-0.16381861792449548,DD,-
A,U56,U56k40d12,U56,10.0,2W,1,2,False,5.189553141642605,0.13450676074877754,1.2037372225492793,-0.13929701850315757,1.2051508313501045,1.2061739360455777,1.1281463658772968,1.2628204929781146,0.14694527689781345,-0.13929701850315745,DD,-
A,U56,U56k40d12,U56,10.0,2W,1,3,False,5.130320299824947,0.13081774064982876,1.1661793565740646,-0.16462815122218954,1.1690746594576378,1.167941650374172,1.0830544946854466,1.2307423411578882,0.14450240123162428,-0.16462815122218943,DD,-
A,U56,U56k40d12,U56,10.0,2W,1,4,False,5.233067598421709,0.12193908969712419,1.1097095276820454,-0.16523698311588553,1.0507162866981548,1.1655481223736648,0.9739679121377748,1.2146504996197398,0.13957177805895737,-0.1652369831158852,DD,-
A,U56,U56k40d12,U56,10.0,M,0,0,True,3.5178892135181536,0.14206179848680245,1.2458629677764006,-0.16250056149233372,1.2330521483198762,1.2608033624415753,1.1500926252391246,1.3206152114058967,0.15661980546937526,-0.16250056149233372,DD,-
A,U56,U56k40d12,U56,10.0,M,0,1,False,3.534460849691506,0.13951764572428837,1.218128025293446,-0.18396963512643272,1.1929360359160952,1.245072982020683,1.0984615164651035,1.3101811430971784,0.15779345313432325,-0.18396963512643283,DD,-
A,U56,U56k40d12,U56,10.0,M,0,2,False,3.468108688455503,0.12898799224086366,1.1059781561329114,-0.21086397304180804,1.1295024857704217,1.0955556257416623,1.0246006593517392,1.1688391095768917,0.14620857162838163,-0.21086397304180815,DD,DD
A,U56,U56k40d12,U56,10.0,M,0,3,False,3.497581491326471,0.1270436426299637,1.0878930910483215,-0.20976336289967445,1.0973927597791522,1.089767565943238,0.9974500247782787,1.157138403325941,0.1454813504955761,-0.20976336289967457,DD,DD
A,U56,U56k40d12,U56,10.0,M,0,4,False,3.4022577787607564,0.1298346746603436,1.1100988020658085,-0.21381556193161766,1.1354984307919078,1.1012313290415496,1.0324820305338887,1.1708474858704911,0.14846423576430423,-0.21381556193161755,DD,DD
A,U56,U56k40d12,U56,10.0,6W,0,0,True,2.916611858612937,0.14668552613534613,1.2455643427288914,-0.18780401172473604,1.1125638024184306,1.3663932691603098,1.0175963101695444,1.4173435196816528,0.1780183669694877,-0.18780401172473582,DD,-
A,U56,U56k40d12,U56,10.0,6W,0,1,False,2.9328623557103297,0.15085865778284058,1.271331335540998,-0.18661244983780978,1.1900842933383986,1.348186542818534,1.1003596620266405,1.3997011880037902,0.1778855127674046,-0.1866124498378099,DD,-
A,U56,U56k40d12,U56,10.0,6W,0,2,False,2.8871988329590104,0.1504969469557902,1.2516382711301697,-0.20575002422164557,1.217346155392296,1.2918800247074185,1.1312983177037694,1.342800424327339,0.1750017409983622,-0.20575002422164534,DD,DD
A,U56,U56k40d12,U56,10.0,6W,0,3,False,2.8834102600043976,0.1557790168544042,1.3161732429798516,-0.1911589023627266,1.2973783626253717,1.3422574170886008,1.2015135939956845,1.4036952125641302,0.17853360514548777,-0.1911589023627268,DD,-
A,U56,U56k40d12,U56,10.0,6W,0,4,False,2.95548433075061,0.14312416042697773,1.2099056816313074,-0.2045037089419205,1.3000847151561867,1.1504849786803817,1.202783116956364,1.2226343045362071,0.1560374660159769,-0.2045037089419205,DD,DD
A,U56,U56k40d12,U56,10.0,6W,1,0,False,2.995145346784143,0.14002361835153665,1.2310324550388865,-0.16704765236953623,1.2544445812333929,1.2160326072197343,1.1418244532582207,1.3000944527276612,0.15562147921426184,-0.16704765236953611,DD,-
A,U56,U56k40d12,U56,10.0,6W,1,1,False,3.0072650302436545,0.1402085876685557,1.2210983154355428,-0.1895572648137469,1.2575107246933162,1.1936572711623994,1.1403790000568903,1.2839356714216206,0.15429136104819907,-0.1895572648137468,DD,-
A,U56,U56k40d12,U56,10.0,6W,1,2,False,2.9670342550386763,0.14147718518762442,1.1825669536382624,-0.21217355489928902,1.261825346529339,1.1298123875692014,1.1406985778538106,1.2184468760474367,0.15689307801349472,-0.2121735548992889,DD,DD
A,U56,U56k40d12,U56,10.0,6W,1,3,False,2.9627937285824992,0.13382115950325968,1.1272059219626922,-0.2100461849550821,1.1777751708583715,1.0956063396905373,1.0500031091696027,1.1872668679284908,0.1514159854786219,-0.21004618495508165,DD,DD
A,U56,U56k40d12,U56,10.0,6W,1,4,False,2.897951645152762,0.1366093731742981,1.1427190223835608,-0.21706377477496908,1.1860122709709657,1.1177720361612984,1.058670174327735,1.20775065073092,0.15543337071620034,-0.2170637747749692,DD,DD
A,U56,U56k40d12,U56,10.0,6W,2,0,False,2.950404405661069,0.13613104885218208,1.139582749893863,-0.21004844938665657,1.1513489251961775,1.1378726340875667,1.0190875215427304,1.2306969958005045,0.15728539236233408,-0.21004844938665646,DD,DD
A,U56,U56k40d12,U56,10.0,6W,2,1,False,2.9593584009191263,0.1381988144023385,1.1538565413923783,-0.22029505782419223,1.1823067500750055,1.1395582451367257,1.0538042015561035,1.2302242349210408,0.15801071607394168,-0.22029505782419245,DD,DD
A,U56,U56k40d12,U56,10.0,6W,2,2,False,2.8964499116205,0.1449039362814668,1.2030440791212518,-0.2182372487530314,1.222464807320388,1.1956103120221226,1.1158603298542153,1.2703736516880262,0.16323693617996304,-0.21823724875303163,DD,DD
A,U56,U56k40d12,U56,10.0,6W,2,3,False,2.896875628247019,0.14138872509021527,1.1793988595708327,-0.21923617502520398,1.1495615974485753,1.213929315718487,1.0259570544750256,1.2938700067966733,0.1672435906665195,-0.21923617502520365,DD,DD
A,U56,U56k40d12,U56,10.0,6W,2,4,False,2.9811406011168247,0.131997348981455,1.106178247432444,-0.2193214415005157,1.130571030778321,1.0961929709185365,1.0249912201673501,1.1689794177167845,0.15002421375204356,-0.2193214415005157,DD,DD
A,U56,U56k40d12,U56,10.0,6W,3,0,False,2.9543730663202514,0.1318434653662992,1.1013867993130757,-0.2193214415005159,1.1686141316094867,1.0598340555092127,1.0607359124531206,1.1366519915278905,0.14718944473240514,-0.2193214415005158,DD,DD
A,U56,U56k40d12,U56,10.0,6W,3,1,False,2.8797616926536826,0.13702644801697006,1.1367869558490549,-0.21981678162370455,1.2183042781639706,1.0849495052228117,1.12858722902426,1.1500103396064776,0.14965471544143893,-0.21981678162370466,DD,DD
A,U56,U56k40d12,U56,10.0,6W,3,2,False,2.9669940015209306,0.13158324901009277,1.0937548130182428,-0.21979984146397213,1.1505596884209133,1.0596096729669495,1.0621761093501483,1.1222188267945208,0.14542486954070766,-0.21979984146397202,DD,DD
A,U56,U56k40d12,U56,10.0,6W,3,3,False,2.8629296349393765,0.13321384889213372,1.1075541922524241,-0.21785568077859474,1.1810598696596506,1.057619029745479,1.1000077588580437,1.1184757838274397,0.143880698557874,-0.21785568077859474,DD,DD
A,U56,U56k40d12,U56,10.0,6W,3,4,False,2.9811282859585364,0.12063072043905732,1.0147134626921055,-0.2219545835221124,1.1110614554172074,0.9470540472481983,1.0423519358644067,1.0013470677394638,0.12736183299721082,-0.22195458352211273,DD,DD
A,U56,U56k40d12,U56,10.0,6W,4,0,False,2.999539886169049,0.1273268500089899,1.0642139123965684,-0.22014156008551544,1.174701575395208,0.9886538244746482,1.1011310570237764,1.0457216178735689,0.1343604859241776,-0.22014156008551566,DD,DD
A,U56,U56k40d12,U56,10.0,6W,4,1,False,2.9667323960568406,0.1299612161156276,1.0797645864478582,-0.21693112072294285,1.223264371292382,0.9804244516230312,1.1483343292243995,1.0413279024340372,0.13495831025521632,-0.21693112072294274,DD,DD
A,U56,U56k40d12,U56,10.0,6W,4,2,False,2.9043490946001365,0.1378678053298612,1.143614206806675,-0.21724042725488513,1.2399057467400416,1.0787449973456933,1.1578391022719512,1.1409118722474965,0.14788831160857563,-0.21724042725488502,DD,DD
A,U56,U56k40d12,U56,10.0,6W,4,3,False,2.911515354197971,0.13506319973503422,1.1337510750241002,-0.217726744128927,1.288319811881181,1.0196194620186914,1.1970055451662596,1.095801059157342,0.13921835213508693,-0.21772674412892734,DD,DD
A,U56,U56k40d12,U56,10.0,6W,4,4,False,2.905986029704523,0.12977861075580766,1.0994066154474083,-0.22315234378201343,1.234723086379508,0.9979278532019957,1.1410336743611535,1.0755360076583467,0.13514721664023632,-0.22315234378201354,DD,DD
A,U56,U56k40d12,U56,10.0,6W,5,0,False,2.891007717233834,0.1326328217350452,1.1413158854420224,-0.1954689317699686,1.2166799179695496,1.082774759625686,1.1274394825388248,1.1546236649421469,0.14126255729598336,-0.1954689317699686,DD,-
A,U56,U56k40d12,U56,10.0,6W,5,1,False,2.825559699723688,0.1397774583886615,1.2047744786707246,-0.2020204906363916,1.22698826889824,1.189832860234117,1.1403574460281412,1.2552705409024283,0.15235039625610525,-0.2020204906363915,DD,-
A,U56,U56k40d12,U56,10.0,6W,5,2,False,2.878444861801692,0.14499134606926334,1.2485808791186948,-0.15193488350777473,1.2582744356848157,1.243636603402186,1.195042074373726,1.2908878115387152,0.15557373095090798,-0.15193488350777484,DD,-
A,U56,U56k40d12,U56,10.0,6W,5,3,False,2.8962098285462643,0.1478447066215094,1.2545422662075372,-0.17908657108894876,1.2489955151997172,1.2672016096600043,1.1553661725008368,1.3307591115386515,0.16693121117118337,-0.179086571088949,DD,-
A,U56,U56k40d12,U56,10.0,6W,5,4,False,2.960634510591462,0.14236559877716415,1.2383100808420222,-0.17623495737170725,1.181195152462471,1.2932873123750728,1.0927152256479882,1.3497741019405727,0.1636178535154711,-0.1762349573717068,DD,-
A,U56,U56k40d12,U56,10.0,Q,0,0,True,2.017749534377176,0.12824362383336396,1.0311390423821463,-0.26693393277799426,1.1629799988799414,0.9351194851625377,1.068026621238346,1.0112042603881177,0.13431949650153951,-0.26693393277799404,DD,DD
A,U56,U56k40d12,U56,10.0,Q,0,1,False,2.0362759597141955,0.1307956298224502,1.0633359376232767,-0.25210714196072226,1.1647485377488052,0.990194682818082,1.0665621404812227,1.0662806558598885,0.139968248708769,-0.2521071419607225,DD,DD
A,U56,U56k40d12,U56,10.0,Q,0,2,False,2.015303399194997,0.13248627762241094,1.0612571624175238,-0.2625917421197175,1.1608808928031533,0.9919798718859182,1.0640871818485447,1.065355381048819,0.1426115878506784,-0.2625917421197176,DD,DD
A,U56,U56k40d12,U56,10.0,Q,0,3,False,1.9522920958196508,0.13930255280094528,1.1066014301894627,-0.26105458920247426,1.2107153181050956,1.0340017710955254,1.1127386925908123,1.1084893714330557,0.14952561165701805,-0.26105458920247415,DD,DD
A,U56,U56k40d12,U56,10.0,Q,0,4,False,1.9747036501985293,0.13706174112617853,1.1012795262183048,-0.26645305491345883,1.252691308959906,0.9927579228677829,1.155148473532575,1.0716648121668195,0.1432110787974561,-0.26645305491345905,DD,DD
A,U56,U56k40d13,U56,10.0,D,0,0,True,17.217930485872067,0.11231019000497677,1.1340932261060879,-0.13788463884905622,1.0399096651763124,1.2209258738658118,0.9377217594832634,1.2820394062823026,0.13492623101925738,-0.13788463884905655,-,-
A,U56,U56k40d13,U56,10.0,2D,0,0,True,11.781393237084698,0.11997119210058393,1.1993379515532527,-0.14084496933223678,1.1075124414262547,1.2844923167998037,1.01160873087078,1.3404402879206752,0.1428408326395545,-0.14084496933223645,DD,-
A,U56,U56k40d13,U56,10.0,2D,1,0,False,11.79556153232255,0.11696764032351825,1.1712664358545328,-0.1284658088297611,1.0881879330985749,1.2486843765405256,1.0022608207636052,1.299201833922915,0.13753741538331554,-0.12846580882976044,-,-
A,U56,U56k40d13,U56,10.0,W,0,0,True,7.376278789719347,0.12010808256303518,1.185885157994438,-0.16637777199884174,1.1098534814177377,1.257701794398622,1.0180081452454255,1.3116333170949055,0.1420540547363287,-0.16637777199884163,DD,-
A,U56,U56k40d13,U56,10.0,W,0,1,False,7.090900519618314,0.1263996668636127,1.2433542143657053,-0.16140458493125942,1.1512055945809114,1.329027528269947,1.0725740740818879,1.3721393836840772,0.14846734127926098,-0.16140458493125953,DD,-
A,U56,U56k40d13,U56,10.0,W,0,2,False,7.18985730619219,0.1297944841184846,1.2614153615974784,-0.13232185213838432,1.139420320391333,1.3726888241133088,1.067848787332979,1.4066781464864468,0.15452093905670927,-0.12475960666891883,-,-
A,U56,U56k40d13,U56,10.0,W,0,3,False,7.193290448142863,0.12333498063892678,1.2087321950356245,-0.13372924849570167,1.1425345376299478,1.271918062241175,1.0326740520141258,1.3416099245472741,0.14550107447521254,-0.13372924849570178,-,-
A,U56,U56k40d13,U56,10.0,W,0,4,False,7.361400250983225,0.11653701723194465,1.154568154178229,-0.1406705367367621,1.1124383403545168,1.1969773430578168,1.018338088421383,1.2576354868796746,0.1349621713264948,-0.1406705367367621,DD,-
A,U56,U56k40d13,U56,10.0,2W,0,0,True,5.0522511300322055,0.12483009061946104,1.1893089932469705,-0.188404147215551,1.062680913641984,1.3037411023876837,0.9701531756946866,1.351104473651593,0.15295035586145955,-0.18840414721555054,DD,-
A,U56,U56k40d13,U56,10.0,2W,0,1,False,4.959317994005337,0.12929436306469566,1.219873678886811,-0.17474305994367434,1.133293262595654,1.3013750327670377,1.0464193542814657,1.3486527853968522,0.1542430248638329,-0.17474305994367456,DD,-
A,U56,U56k40d13,U56,10.0,2W,0,2,False,4.983843798009221,0.13320835557431665,1.2453900409842276,-0.16188874409884013,1.172364132022993,1.3159652382087044,1.0961963865456765,1.3570780608924193,0.15639199675461923,-0.1618887440988399,DD,-
A,U56,U56k40d13,U56,10.0,2W,0,3,False,5.055705222056813,0.12163775158448487,1.1612117413183156,-0.17728858924175295,1.0930995035989044,1.2269220125793128,0.9884331523209112,1.2893721140157235,0.14556378090238153,-0.17728858924175328,DD,-
A,U56,U56k40d13,U56,10.0,2W,0,4,False,5.21389274263052,0.11832773177669575,1.131850381696336,-0.1741628850589021,1.1467990706244524,1.1301931124155888,1.051196151470364,1.1945508199866388,0.13463936351870975,-0.17416288505890165,DD,-
A,U56,U56k40d13,U56,10.0,2W,1,0,False,5.023015743291004,0.12306150117691206,1.2060738252981047,-0.1365758262212302,1.1629068884634433,1.2497831667551618,1.0700918058422213,1.309018100017247,0.14215944276113257,-0.13657582622123055,-,-
A,U56,U56k40d13,U56,10.0,2W,1,1,False,5.113458433192753,0.12139772538536397,1.1890257869118428,-0.1618880796440746,1.1275780326676494,1.2481116721230014,1.0578075879196445,1.288618528928924,0.13971109883754274,-0.16188807964407426,DD,-
A,U56,U56k40d13,U56,10.0,2W,1,2,False,5.016805647833487,0.12352344401567716,1.1888617276664477,-0.12943592399374548,1.1356492782008267,1.2416948258102858,1.0669760104148593,1.2811703740551994,0.14223658784816928,-0.12943592399374537,-,-
A,U56,U56k40d13,U56,10.0,2W,1,3,False,5.045509498272261,0.12587912482037433,1.2063276669448317,-0.14890450753040285,1.1681562397977754,1.2459679974939595,1.0788547985730708,1.3030846869530128,0.144636228691448,-0.14890450753040274,DD,-
A,U56,U56k40d13,U56,10.0,2W,1,4,False,5.039408785456225,0.12176995661267731,1.180760301806402,-0.15159514071320424,1.070729340914121,1.2813308764515745,0.986171364976949,1.3261951608955949,0.1462845920002589,-0.15159514071320435,DD,-
A,U56,U56k40d13,U56,10.0,M,0,0,True,3.347878794348147,0.13658115460247378,1.2892943809537567,-0.15377162691861768,1.2918776851032978,1.295538054887291,1.203941260390131,1.355619426038036,0.1529830020624039,-0.15377162691861745,DD,-
A,U56,U56k40d13,U56,10.0,M,0,1,False,3.4297688519658442,0.13307455075645658,1.2387718543113484,-0.1846171847882977,1.214639697443468,1.2693133907665035,1.1142655246398883,1.33285922051424,0.15424410070441996,-0.18461718478829747,DD,-
A,U56,U56k40d13,U56,10.0,M,0,2,False,3.3639594172053693,0.12633836952246535,1.1475722866161837,-0.20116909582745057,1.1323370655817355,1.1750305666270477,1.03133745607556,1.2354072509553071,0.1492509946647953,-0.20116909582745102,DD,-
A,U56,U56k40d13,U56,10.0,M,0,3,False,3.292785043541043,0.12857207666870152,1.1634946199821088,-0.1978420890010023,1.1690402757209424,1.1740940286486905,1.0644382823563567,1.23975602261974,0.1498046322161426,-0.1978420890010023,DD,-
A,U56,U56k40d13,U56,10.0,M,0,4,False,3.281995287713791,0.12662014881130124,1.1558786271548314,-0.19091112692637424,1.1525006943837373,1.1739166734148436,1.0574456909012049,1.2319168590443184,0.14811345634933226,-0.19091112692637457,DD,-
A,U56,U56k40d13,U56,10.0,6W,0,0,True,2.806996901139706,0.14225869125815138,1.2931777453278759,-0.19277697064884491,1.1319987343890927,1.4365799052256143,1.0385229668995375,1.4778475724612334,0.17790815152881856,-0.19277697064884514,DD,-
A,U56,U56k40d13,U56,10.0,6W,0,1,False,2.831938314158028,0.1495993842158425,1.3411993545822927,-0.19765351966160516,1.201065482449742,1.4682066910677933,1.1028467847714147,1.5145098567035944,0.18506941242309494,-0.19765351966160516,DD,-
A,U56,U56k40d13,U56,10.0,6W,0,2,False,2.802500828366617,0.14799910148873052,1.3264152126992679,-0.18578454453250015,1.2487821957493632,1.4035529220817475,1.1562909569015885,1.4523634561105878,0.1772213864122536,-0.18578454453249993,DD,-
A,U56,U56k40d13,U56,10.0,6W,0,3,False,2.8347080236825155,0.14875720873492337,1.3362033795772135,-0.1980362326478895,1.2643569301131368,1.408630845316303,1.1653280001589241,1.4628094573898918,0.17787050859878462,-0.1980362326478896,DD,-
A,U56,U56k40d13,U56,10.0,6W,0,4,False,2.8901827213361315,0.14442867847401808,1.2930320271516447,-0.19615658158583849,1.3647656389373104,1.256239309330696,1.275527009541878,1.316632813333589,0.16103111129086622,-0.1961565815858386,DD,-
A,U56,U56k40d13,U56,10.0,6W,1,0,False,2.802647169518216,0.14229680293622682,1.3243209148575632,-0.16170490229631873,1.3557420263938076,1.3074655731675342,1.2477923185327255,1.3845527385328935,0.15892657058054582,-0.1617049022963185,DD,-
A,U56,U56k40d13,U56,10.0,6W,1,1,False,2.8514651532132866,0.1373152001210176,1.2629146633022694,-0.1981463624547395,1.3031498757673412,1.2416926596118327,1.185231327622876,1.3242215326250666,0.1551577370106263,-0.19814636245473993,DD,-
A,U56,U56k40d13,U56,10.0,6W,1,2,False,2.8141740223776863,0.13873108788236266,1.2217504985332654,-0.20345663650484413,1.2512260361848335,1.2175093086255921,1.1257384408610893,1.297130222034801,0.1623172284904726,-0.20345663650484425,DD,DD
A,U56,U56k40d13,U56,10.0,6W,1,3,False,2.8513646044457297,0.13424717683208298,1.195444979953573,-0.20221610380668098,1.2312580256835552,1.182653404366434,1.097442996216967,1.2712713995802967,0.15617047735584655,-0.2022161038066811,DD,-
A,U56,U56k40d13,U56,10.0,6W,1,4,False,2.8349373551274635,0.137898204314153,1.228921374020706,-0.19702398742164773,1.244328850280784,1.231376599748827,1.1087072947920313,1.3199389186462824,0.16166886606466768,-0.19702398742164784,DD,-
A,U56,U56k40d13,U56,10.0,6W,2,0,False,2.8804019865823283,0.1342420811427869,1.1919920624681408,-0.20213487869609104,1.2015799384809804,1.198602350990575,1.0672484175399526,1.2858222754393978,0.15797259066801184,-0.20213487869609148,DD,-
A,U56,U56k40d13,U56,10.0,6W,2,1,False,2.868184413270058,0.1306637127685295,1.1700464611141965,-0.20095165999128917,1.1674807936385319,1.185343191428592,1.038825197339474,1.2681808094689884,0.15424927178431558,-0.20095165999128883,DD,-
A,U56,U56k40d13,U56,10.0,6W,2,2,False,2.828329220221009,0.13738273873073448,1.2109362923302183,-0.1991707841174497,1.1673367539641986,1.2588654259185184,1.0677752578757076,1.317687384484666,0.16250234910875583,-0.1991707841174496,DD,-
A,U56,U56k40d13,U56,10.0,6W,2,3,False,2.7857751036744096,0.13370233754954453,1.1828700615543737,-0.21253644931712556,1.158057065339187,1.2178468723063132,1.0430393350336558,1.286895103115476,0.1595290211120537,-0.21253644931712568,DD,DD
A,U56,U56k40d13,U56,10.0,6W,2,4,False,2.834810453344813,0.13125361741253738,1.1614637907607408,-0.20394253574610177,1.1838412490825525,1.1610454588380112,1.092546967540309,1.2180771388007805,0.15113938041484665,-0.20394253574610177,DD,DD
A,U56,U56k40d13,U56,10.0,6W,3,0,False,2.7839557529310195,0.1270495829604319,1.1260366049374773,-0.20394253574610177,1.1747296561166596,1.1083217790716866,1.0803161339852263,1.1683511126192856,0.1456203653904118,-0.20394253574610177,DD,DD
A,U56,U56k40d13,U56,10.0,6W,3,1,False,2.8228015726273807,0.12690827637148483,1.1272765357674561,-0.2044251046887402,1.179922570869975,1.1057353046534564,1.104663939298521,1.1538768996970832,0.1428427673666801,-0.20442510468874042,DD,DD
A,U56,U56k40d13,U56,10.0,6W,3,2,False,2.829886054300604,0.12259941184862266,1.093144080574518,-0.2032307126188453,1.1214264279425823,1.0896882199812357,1.0462096578159676,1.1353820979018128,0.14026132396385949,-0.20323071261884518,DD,DD
A,U56,U56k40d13,U56,10.0,6W,3,3,False,2.805825404380389,0.1217935600586213,1.0788732203658775,-0.2136303358643039,1.1541366546884364,1.0363423028147851,1.0707545738223743,1.0940406075740918,0.13479509497047237,-0.21363033586430413,DD,DD
A,U56,U56k40d13,U56,10.0,6W,3,4,False,2.7695236787830892,0.12048771023875271,1.0821998902945078,-0.20239698960127384,1.1465299341697033,1.048066893548804,1.0703746517786696,1.1001618235341448,0.13389759144976754,-0.20239698960127395,DD,DD
A,U56,U56k40d13,U56,10.0,6W,4,0,False,2.806614510715228,0.1224116135521196,1.0918684494348347,-0.20741326786032754,1.2124932441535359,1.0177914628138292,1.1241489468289827,1.082025614320471,0.13276491440562754,-0.20741326786032765,DD,DD
A,U56,U56k40d13,U56,10.0,6W,4,1,False,2.8145610155939362,0.1280825119531004,1.1431321815608557,-0.1901393586706982,1.1993648685019307,1.1161211645525024,1.1170449263205586,1.170938327124874,0.14350277480989604,-0.19013935867069798,DD,-
A,U56,U56k40d13,U56,10.0,6W,4,2,False,2.7411911539750444,0.1374714531556287,1.214192071711812,-0.20254747152585562,1.282790416707815,1.1810156192838146,1.20336374043805,1.2335707380911671,0.15333425337461293,-0.20254747152585595,DD,DD
A,U56,U56k40d13,U56,10.0,6W,4,3,False,2.7769303225618316,0.13410648005467118,1.19378268885858,-0.20317409599476177,1.3175412506343573,1.1157981743082266,1.2296500802926673,1.1809533494822066,0.14461303760190014,-0.2031740959947621,DD,DD
A,U56,U56k40d13,U56,10.0,6W,4,4,False,2.800266320063402,0.12563424982220117,1.13094619877398,-0.2096500877926778,1.2672460204276474,1.0394763827100246,1.1777743548437007,1.109111442531015,0.13364308086557442,-0.20965008779267802,DD,DD
A,U56,U56k40d13,U56,10.0,6W,5,0,False,2.8412609677843097,0.12602987479220418,1.166742766314522,-0.181548461357798,1.206149126787281,1.1466981574001476,1.1188809124772907,1.2072297810703003,0.14092881567748528,-0.181548461357798,DD,-
A,U56,U56k40d13,U56,10.0,6W,5,1,False,2.7899101607886534,0.1343504139264129,1.248218081822166,-0.18107313461936703,1.2118520039529634,1.2886999471687757,1.1237288657311804,1.3423293927193285,0.15572118899619647,-0.18107313461936736,DD,-
A,U56,U56k40d13,U56,10.0,6W,5,2,False,2.8161672060487506,0.13619906002460147,1.2623276265809789,-0.14075027415460628,1.2060842138303733,1.3182799335593585,1.1412174751320603,1.354353642860006,0.1562256942380189,-0.14075027415460584,DD,-
A,U56,U56k40d13,U56,10.0,6W,5,3,False,2.844309243431607,0.14615194878025584,1.3322207213419337,-0.15690378422524454,1.2429218305879872,1.4167523071845451,1.1696702888797574,1.4540062649913266,0.1717002510173935,-0.15690378422524465,DD,-
A,U56,U56k40d13,U56,10.0,6W,5,4,False,2.8348064548118295,0.14139288527635108,1.315917257263197,-0.15283530682660573,1.1707139436303053,1.4467931291401352,1.0728201048246675,1.4950765752594353,0.17375402350261937,-0.15283530682660562,DD,-
A,U56,U56k40d13,U56,10.0,Q,0,0,True,1.8415754609919335,0.1272050606558628,1.0649857190238137,-0.2632519211694485,1.1887854418870127,0.9918679951849684,1.0938804025190554,1.0586884174552267,0.13906320614453516,-0.2632519211694483,DD,DD
A,U56,U56k40d13,U56,10.0,Q,0,1,False,1.9604764782595923,0.12523081238990108,1.0458071845072305,-0.2644573202535694,1.13263907829615,0.9992512326761589,1.0365248408253886,1.0635821989750545,0.1402467141457755,-0.2644573202535695,DD,DD
A,U56,U56k40d13,U56,10.0,Q,0,2,False,1.9059734625394065,0.12836239434180063,1.0695761732958078,-0.26255252177987143,1.1505574347716259,1.0266489383577053,1.0602996823685535,1.087023044356848,0.14335482910027486,-0.2625525217798709,DD,DD
A,U56,U56k40d13,U56,10.0,Q,0,3,False,1.849093019929348,0.13791836349688724,1.1420529572657088,-0.25887349721124076,1.2443014965401158,1.0861498994494412,1.1415020413389727,1.155692204673006,0.15398908777811116,-0.258873497211241,DD,DD
A,U56,U56k40d13,U56,10.0,Q,0,4,False,1.8613907064624189,0.1359057613063559,1.1409132500540877,-0.2516361630815652,1.2473158530449948,1.080692219335637,1.146106002794904,1.1507785512547204,0.15115082039809447,-0.25163616308156467,DD,DD
A,U56,U56k40d14,U56,10.0,D,0,0,True,18.675792476576785,0.10276875713442335,1.0213556479274315,-0.14623608719790449,0.9387584541061732,1.0976663848562345,0.813425406028493,1.1789610885034023,0.12565630085723467,-0.14137950680366573,DD,"H1,CAGR"
A,U56,U56k40d14,U56,10.0,2D,0,0,True,12.38908251092396,0.10981673119890734,1.0750192340066786,-0.15412695633571616,1.043522645163134,1.1077896970442442,0.9210665764482281,1.1911969562960645,0.1292455943074593,-0.1541269563357155,DD,-
A,U56,U56k40d14,U56,10.0,2D,1,0,False,12.564005762860205,0.11066021118453295,1.0877875126927197,-0.1445911295497978,0.9864765189236273,1.1807858963328755,0.8616159970636392,1.259736333685553,0.1356179100523751,-0.12484665082732171,DD,-
A,U56,U56k40d14,U56,10.0,W,0,0,True,7.696292278013179,0.11287251639037277,1.087912725280858,-0.18062197766252341,1.0237459257165347,1.1491237262167084,0.9187351087835435,1.214394824329837,0.13470475154594408,-0.18062197766252364,DD,-
A,U56,U56k40d14,U56,10.0,W,0,1,False,7.538529365237014,0.11726928927777869,1.1255232692173738,-0.17398048067870675,1.1015896973575585,1.1519290225218857,1.0067002687881441,1.2160922689616487,0.13406296460731837,-0.17398048067870697,DD,-
A,U56,U56k40d14,U56,10.0,W,0,2,False,7.5368309908852815,0.11855021393797416,1.1336835270031715,-0.16279424768366157,1.0070423607634076,1.2485460103861512,0.8966321829313189,1.3124212811496745,0.14602219298315777,-0.11705173030654081,DD,-
A,U56,U56k40d14,U56,10.0,W,0,3,False,7.408693344144455,0.11833213392195296,1.1294163504557677,-0.1498996586867789,1.13554673201921,1.1304698986599542,1.014677191414705,1.2168357890335206,0.13510919888302686,-0.1483402848310983,DD,-
A,U56,U56k40d14,U56,10.0,W,0,4,False,7.525155110066121,0.11283075192220204,1.095532983568866,-0.13927399105702964,1.0023488771928433,1.1813942856664104,0.8737176440615667,1.2637443189730633,0.1379327084187738,-0.1312573646861841,DD,-
A,U56,U56k40d14,U56,10.0,2W,0,0,True,5.240477521602739,0.11601741584861291,1.0760104169380993,-0.20657195421383512,0.9691211672087591,1.173097742891693,0.8590475623516979,1.2356321779984365,0.1438785367989579,-0.20657195421383512,DD,DD
A,U56,U56k40d14,U56,10.0,2W,0,1,False,5.101907044835614,0.11922059723662559,1.0980175110203838,-0.18171647017329773,1.069282146626448,1.1307650989613276,0.9841517602051493,1.1839492196322736,0.1380503021642001,-0.1817164701732975,DD,-
A,U56,U56k40d14,U56,10.0,2W,0,2,False,5.094446684336023,0.12130557149799182,1.1152913158697524,-0.1766598126632899,1.0561341748720119,1.1735291736795475,0.9414823773645918,1.2437719167230865,0.14609507351252882,-0.17665981266328912,DD,-
A,U56,U56k40d14,U56,10.0,2W,0,3,False,5.079968303152102,0.11884921764842882,1.1117505560661671,-0.17676881193255523,1.1106046255256425,1.1214146758765886,0.9950204090379775,1.1998829462733993,0.13746033878064146,-0.176768811932555,DD,-
A,U56,U56k40d14,U56,10.0,2W,0,4,False,5.310305844001499,0.11296211932488442,1.0627110016423102,-0.17980208054766733,1.0602375308869887,1.0727994847384625,0.9380859429508346,1.156328425064752,0.13171049055653916,-0.17980208054766766,DD,-
A,U56,U56k40d14,U56,10.0,2W,1,0,False,5.282844281545679,0.11259973636249154,1.0847675540763972,-0.1521522373584525,1.045569565751198,1.123893909486831,0.9362776377226548,1.1973855566613034,0.13159528266771958,-0.15215223735845262,DD,-
A,U56,U56k40d14,U56,10.0,2W,1,1,False,5.278474668746727,0.11248967454234715,1.0813952329196936,-0.1632860543059177,1.0282368272911853,1.1323983477352573,0.9296290223745669,1.1969216010477308,0.13146978631607564,-0.16328605430591725,DD,-
A,U56,U56k40d14,U56,10.0,2W,1,2,False,5.111676648039261,0.12254691140335483,1.153809745441979,-0.12787079986823624,1.0865119669389558,1.217398565374845,0.9904719864342143,1.278420805643176,0.14325472832220654,-0.12787079986823657,-,-
A,U56,U56k40d14,U56,10.0,2W,1,3,False,5.0908368674125635,0.12227776066565776,1.1370059084621416,-0.1664748109927564,1.0941932240627965,1.1802397805505,0.9927875581063541,1.2458662642084286,0.14262553517220988,-0.16647481099275674,DD,-
A,U56,U56k40d14,U56,10.0,2W,1,4,False,5.177980633715644,0.1129934921655602,1.0771075353568786,-0.16287844141974717,0.9278568355640847,1.2121130948787384,0.8065070117937212,1.2827074356476036,0.14283628938120851,-0.14609768219510932,DD,H1
A,U56,U56k40d14,U56,10.0,M,0,0,True,3.4603246731826065,0.13057748772905864,1.2000785202527855,-0.17413275310359566,1.178876364877514,1.2250147784139098,1.067998940680111,1.300404001836111,0.15024449848394394,-0.17413275310359544,DD,-
A,U56,U56k40d14,U56,10.0,M,0,1,False,3.461229666397771,0.12787238969329273,1.1754916972091485,-0.17800066930183656,1.1637846718938032,1.193642653267261,1.0455871505995686,1.2735468688532001,0.14814690727502988,-0.1780006693018371,DD,-
A,U56,U56k40d14,U56,10.0,M,0,2,False,3.483437332901211,0.11847592789097217,1.0700326917414194,-0.20290209012065274,1.08806800431944,1.0662294208135237,0.9701474229094225,1.1458374386867203,0.13716567285293602,-0.20290209012065252,DD,DD
A,U56,U56k40d14,U56,10.0,M,0,3,False,3.3930387539026374,0.1177093573314345,1.0533101266131706,-0.2059949985185907,1.0538110356179646,1.0642851064896033,0.9420540619016969,1.136908621661251,0.13784928814424813,-0.20599499851859093,DD,DD
A,U56,U56k40d14,U56,10.0,M,0,4,False,3.4450860326759454,0.118851114592887,1.071799962345912,-0.2029258383354302,1.0452066318859554,1.1058747898884362,0.923915839406567,1.1804506136971162,0.14336250709182563,-0.20292583833543032,DD,DD
A,U56,U56k40d14,U56,10.0,6W,0,0,True,2.8887287365314376,0.13437469081713438,1.1830592569527831,-0.21071042514901384,1.0769030192127964,1.2808780825178046,0.9584175690908568,1.3464545704288748,0.16695091504004544,-0.21071042514901417,DD,DD
A,U56,U56k40d14,U56,10.0,6W,0,1,False,2.8583690019763703,0.1362845624665494,1.194629018961581,-0.20313211803700004,1.1625540111366024,1.233578856851794,1.0487335471195744,1.3031049157383148,0.1618701449023272,-0.2031321180369997,DD,DD
A,U56,U56k40d14,U56,10.0,6W,0,2,False,2.824924798136216,0.13701167824565208,1.2033485475013648,-0.1970591327443597,1.1568524509226707,1.25486206863331,1.0379655047030196,1.325036515005503,0.16522776128576333,-0.19705913274435982,DD,-
A,U56,U56k40d14,U56,10.0,6W,0,3,False,2.887564671823563,0.143026631462005,1.2587408787639787,-0.20559319435224033,1.2542498915819689,1.2770238690114024,1.1420436897723691,1.3475286199531806,0.166876594690198,-0.20559319435224,DD,DD
A,U56,U56k40d14,U56,10.0,6W,0,4,False,3.007301686805773,0.1321693088026492,1.1743690581444433,-0.19822126149213204,1.2474186259668525,1.1314012226824202,1.1231642050355128,1.2180074557263032,0.14909692512885164,-0.19822126149213215,DD,-
A,U56,U56k40d14,U56,10.0,6W,1,0,False,3.012141765515081,0.12580839669565558,1.1575812173118862,-0.1788861132506444,1.2183055477106561,1.1146748664361739,1.093246114440612,1.2082277531312526,0.1396997130343276,-0.1788861132506444,DD,-
A,U56,U56k40d14,U56,10.0,6W,1,1,False,2.938472067658884,0.12749671532245999,1.1613742210958986,-0.19058063002206949,1.2006667178026482,1.136319736471447,1.0661332517115416,1.234378428996682,0.14437105521050397,-0.19058063002206993,DD,-
A,U56,U56k40d14,U56,10.0,6W,1,2,False,2.978421921585333,0.13078136354633574,1.1428589508905131,-0.20908817309358207,1.171460900098401,1.1322470072424542,1.03102209595146,1.2274335348675038,0.15228745093124196,-0.2090881730935824,DD,DD
A,U56,U56k40d14,U56,10.0,6W,1,3,False,2.9422685371991624,0.12627867803395243,1.1064758076268288,-0.20866713384004776,1.0743643202517772,1.144568006120522,0.9267128793331927,1.2377689953262638,0.1542111548024847,-0.20866713384004743,DD,DD
A,U56,U56k40d14,U56,10.0,6W,1,4,False,2.938680783218663,0.12268519081356177,1.0805862169849958,-0.20806028313046143,1.0903868060582185,1.0833179832445279,0.9439977251565904,1.1821721602141704,0.1452881641757946,-0.20806028313046132,DD,DD
A,U56,U56k40d14,U56,10.0,6W,2,0,False,2.9216523834534427,0.12156072185274924,1.0642957346027855,-0.21259700544634175,1.043274862203525,1.0919021867733074,0.8948364665475954,1.1888093882092499,0.14738874383804124,-0.21259700544634175,DD,DD
A,U56,U56k40d14,U56,10.0,6W,2,1,False,2.9453766913266226,0.12366101036743982,1.0810431591234217,-0.21491733553747483,1.0767239114755072,1.0952083728536108,0.9340394978758687,1.1899837818857928,0.1473907768002316,-0.21491733553747472,DD,DD
A,U56,U56k40d14,U56,10.0,6W,2,2,False,2.91424147275029,0.12369821393364488,1.0816137524745004,-0.21330642668076527,1.069104105676685,1.1021796518168956,0.9492095950116624,1.1803918046969342,0.14581096120221182,-0.21330642668076516,DD,DD
A,U56,U56k40d14,U56,10.0,6W,2,3,False,2.897384779038286,0.12347776874560679,1.0855298795498842,-0.22136202217182266,1.0517136823669544,1.1252356835061907,0.9133906870763181,1.2112444571595486,0.15054681256562752,-0.22136202217182266,DD,DD
A,U56,U56k40d14,U56,10.0,6W,2,4,False,2.981619356563168,0.12176522144625834,1.0623124998831555,-0.22509592439848003,1.037844215722857,1.0953776610464279,0.9236973743943429,1.164558417290614,0.1462490726449206,-0.22509592439848014,DD,DD
A,U56,U56k40d14,U56,10.0,6W,3,0,False,2.931173605017571,0.11850916482558715,1.037385096940818,-0.22509592439848036,1.0254648319549124,1.0629297317989026,0.9175743101763717,1.1267431793621878,0.14216531635965013,-0.22509592439848025,DD,DD
A,U56,U56k40d14,U56,10.0,6W,3,1,False,2.90727130330653,0.11962871118792306,1.0406535248732238,-0.22561165865560495,1.0497824362907526,1.0481498651349057,0.9446384098526796,1.1139239221957842,0.1402087638508338,-0.22561165865560473,DD,DD
A,U56,U56k40d14,U56,10.0,6W,3,2,False,2.8720022703475863,0.11588709258179675,1.0124050543109577,-0.2255790038934331,1.0395481845660963,1.004233958720721,0.9350737480647261,1.0725753451723747,0.1336834106075684,-0.225579003893433,DD,DD
A,U56,U56k40d14,U56,10.0,6W,3,3,False,2.9002053555368366,0.11633886913878322,1.0203006418184626,-0.22188039273151416,1.081404334605575,0.9842754836575609,0.976300739357258,1.0575974364344267,0.13070169715443436,-0.2218803927315146,DD,DD
A,U56,U56k40d14,U56,10.0,6W,3,4,False,2.889316739430182,0.10833628433544562,0.960241345154676,-0.22778500418676517,1.0126293613613517,0.9308554875473137,0.892690091738736,1.0133558130018927,0.1243504191045266,-0.2277850041867654,DD,DD
A,U56,U56k40d14,U56,10.0,6W,4,0,False,2.8710415520050923,0.11693265304405531,1.0255436238856004,-0.2218782135903733,1.1380140390421807,0.9553706223120977,1.0375169648477436,1.0270633994347602,0.12764245018421239,-0.2218782135903734,DD,DD
A,U56,U56k40d14,U56,10.0,6W,4,1,False,2.9321165728006497,0.11793611884871513,1.0306720844143873,-0.216067814134707,1.146963185420828,0.9575102847905801,1.0496096376457935,1.027873469738146,0.12825683662622445,-0.2160678141347071,DD,DD
A,U56,U56k40d14,U56,10.0,6W,4,2,False,2.8871326854730857,0.12400652568451753,1.0825568773281533,-0.21629542192811635,1.1545519943042888,1.042748319774534,1.0398903140383338,1.120627228800729,0.14032950467896876,-0.21629542192811635,DD,DD
A,U56,U56k40d14,U56,10.0,6W,4,3,False,2.899592329998299,0.12272172968119754,1.0810336568796266,-0.21700273511827617,1.1735896957335405,1.0228600722344496,1.0603278611599152,1.1034053926490903,0.13599317425851165,-0.21700273511827628,DD,DD
A,U56,U56k40d14,U56,10.0,6W,4,4,False,2.913329005440474,0.1194014384653499,1.0544462640284074,-0.22374165065548623,1.1558304928330343,0.9862655702496277,1.0464598435477896,1.067192032465206,0.1305083720390774,-0.22374165065548646,DD,DD
A,U56,U56k40d14,U56,10.0,6W,5,0,False,2.919968706055979,0.1196966559408481,1.0838053362433882,-0.17862978563921994,1.1189305832274818,1.0631607818710371,1.0122827143936601,1.1394851464505136,0.13453826641004385,-0.17862978563921972,DD,-
A,U56,U56k40d14,U56,10.0,6W,5,1,False,2.863542221481646,0.1277229741783299,1.1730879160411272,-0.1707461192891797,1.1074176829386373,1.2361807506855995,0.9964641742075856,1.3051498301383826,0.1521615561057641,-0.1707461192891796,DD,-
A,U56,U56k40d14,U56,10.0,6W,5,2,False,2.8639615343909366,0.13556023767272074,1.2382439412317883,-0.12349762139519338,1.1773778410968816,1.296505159046757,1.0884625318644223,1.353167015457519,0.15583348557061183,-0.12349762139519349,-,-
A,U56,U56k40d14,U56,10.0,6W,5,3,False,2.933226086551207,0.13522074348727608,1.2003038053705122,-0.17274403749756662,1.1558010811549906,1.2475546005758382,1.049396708358102,1.3128498313917865,0.15972793884372782,-0.17274403749756684,DD,-
A,U56,U56k40d14,U56,10.0,6W,5,4,False,2.9177356178196376,0.13226360864056863,1.211389801045908,-0.155297975432236,1.1056697444210035,1.30849127342684,0.9863482506527774,1.3799601010701161,0.16105137852497986,-0.15529797543223567,DD,-
A,U56,U56k40d14,U56,10.0,Q,0,0,True,1.8911696532204127,0.11987107524065,1.012735780210457,-0.23816156243561226,1.0612949698004914,0.9886103689017725,0.928174379750628,1.0779970097196245,0.13947071717377724,-0.2381615624356126,DD,DD
A,U56,U56k40d14,U56,10.0,Q,0,1,False,1.980783143342521,0.11820252883287741,0.9917256591878997,-0.2536937395447474,1.0707841686008455,0.9463113146265901,0.9302383304484352,1.0418024690963454,0.13618162974636094,-0.2536937395447475,DD,DD
A,U56,U56k40d14,U56,10.0,Q,0,2,False,1.9544543025269097,0.12159954136723594,1.0114188269338922,-0.25236495917867197,1.0615195712547891,0.9865595526641164,0.9246425897910684,1.078195419348261,0.1418082136024914,-0.25236495917867185,DD,DD
A,U56,U56k40d14,U56,10.0,Q,0,3,False,1.9260136211055308,0.12841062876002862,1.0644021956107421,-0.24858580482357584,1.1085677681459376,1.0467636608383608,0.9809800162975493,1.1296955929638,0.14970430684280922,-0.24858580482357595,DD,DD
A,U56,U56k40d14,U56,10.0,Q,0,4,False,1.9730699121583928,0.1267018203068666,1.067470442706546,-0.24077303363496194,1.1498563603899097,1.021150959775542,1.0276720206615408,1.1042906676354778,0.14392963896995892,-0.24077303363496205,DD,DD
A,U56,U56k40d15,U56,10.0,D,0,0,True,17.92967778143496,0.10337886600134394,1.0478879526959877,-0.16101399901571345,0.9293613448445958,1.1573720259796667,0.8224010864606646,1.2236584841294091,0.12606236370591062,-0.12671183343350356,DD,"H1,CAGR"
A,U56,U56k40d15,U56,10.0,2D,0,0,True,12.403034215685878,0.11052054470714379,1.1088454492307427,-0.14591564892527353,0.9887979171031576,1.2193246294195101,0.8942664043983476,1.274879315845488,0.1330788898766806,-0.13581678341649783,DD,-
A,U56,U56k40d15,U56,10.0,2D,1,0,False,12.37451570437831,0.10746514134438323,1.0780918834534738,-0.1416006050799763,0.9341662420107603,1.2107424273534195,0.842509534134096,1.2619407685457777,0.13135025857295468,-0.1346344164756691,DD,H1
A,U56,U56k40d15,U56,10.0,W,0,0,True,7.808109598817924,0.11026835635762722,1.099437528445913,-0.14180587579728965,0.9299307636811852,1.2540250777636044,0.8465003880242461,1.2947791202630545,0.13643584059895542,-0.14049148152355784,DD,H1
A,U56,U56k40d15,U56,10.0,W,0,1,False,7.35721760665699,0.11825724387031089,1.166352912189384,-0.14324024134119784,1.0326491421892081,1.2895594634537717,0.9490010548000045,1.3352299342704748,0.14148770925613352,-0.14324024134119762,DD,-
A,U56,U56k40d15,U56,10.0,W,0,2,False,7.676074968868367,0.11902342538639599,1.1613596907431738,-0.132724958404838,1.003818631461029,1.3052353148787945,0.9266555726875478,1.342580490432949,0.14443804793341752,-0.13272495840483822,-,-
A,U56,U56k40d15,U56,10.0,W,0,3,False,7.571466467443334,0.11546729600120753,1.1337770369558344,-0.13803171299550154,1.0344550299412276,1.2258101539467687,0.9256991262543942,1.2951676379626487,0.1379471582552354,-0.1380317129955012,-,-
A,U56,U56k40d15,U56,10.0,W,0,4,False,7.739462294786258,0.10988621328829895,1.0917647184370645,-0.16451281008921514,0.9388732441563334,1.2319110627332825,0.8431484444522351,1.284546928984281,0.13554558894307744,-0.13379257272987644,DD,H1
A,U56,U56k40d15,U56,10.0,2W,0,0,True,5.319688899716895,0.11307619666500734,1.093039737055208,-0.1711149798443654,0.8654409446397278,1.2993473689467003,0.7732885456519161,1.3400499473477954,0.14629584786970384,-0.1602318729611647,DD,H1
A,U56,U56k40d15,U56,10.0,2W,0,1,False,5.168873493709247,0.11713413763997349,1.1194640769276036,-0.15107793531918612,0.9697296288473867,1.2552717439360626,0.8873710069896064,1.296723692399317,0.14331893738591694,-0.14824964118894257,DD,-
A,U56,U56k40d15,U56,10.0,2W,0,2,False,5.228042445330023,0.12045980613222307,1.13636275742569,-0.1587623724857684,1.013412357893974,1.2479931740680328,0.9286163982722584,1.2933287014345027,0.14560548556820518,-0.15876237248576808,DD,-
A,U56,U56k40d15,U56,10.0,2W,0,3,False,5.158233845301602,0.11844300211289105,1.1448735010552078,-0.15175549548811562,1.0211440873431794,1.2577164963438119,0.9162109143215181,1.3190524185695491,0.14429196212460038,-0.15175549548811618,DD,-
A,U56,U56k40d15,U56,10.0,2W,0,4,False,5.3100515251802225,0.11690877424297597,1.1265057990382576,-0.16318836036098017,1.0347826152337254,1.2111724593121844,0.9326092649861243,1.2730041072374112,0.14022793411727186,-0.1631883603609804,DD,-
A,U56,U56k40d15,U56,10.0,2W,1,0,False,5.272628873789769,0.11629556299170685,1.14480413396217,-0.1247462041970765,1.0190585452686975,1.2605014152227512,0.9319614056338092,1.309322729017321,0.1393805874325662,-0.12474620419707594,-,-
A,U56,U56k40d15,U56,10.0,2W,1,1,False,5.244198035554967,0.12024184571561958,1.177805389535386,-0.14156386158126721,1.048708903561276,1.2968445326636,0.9702331027225926,1.3390463588565895,0.14282459373133682,-0.14156386158126721,DD,-
A,U56,U56k40d15,U56,10.0,2W,1,2,False,5.239612366280913,0.12192194924149957,1.1716805618803854,-0.13135329523804595,1.096638242975278,1.2420100092578756,1.032611587507174,1.2789640476332578,0.13932887909051317,-0.13135329523804629,-,-
A,U56,U56k40d15,U56,10.0,2W,1,3,False,5.181414121684656,0.11818493385722428,1.1315223945741704,-0.1480434623024124,1.0325916084754958,1.2229256980171022,0.9491246987857325,1.2721104870401043,0.1393217957688857,-0.14804346230241272,DD,-
A,U56,U56k40d15,U56,10.0,2W,1,4,False,5.225238586471409,0.10972753258971091,1.0678361801693315,-0.16243609691954197,0.8947507336937324,1.2262687691112986,0.8203714969982797,1.2600720717954919,0.13569602748666054,-0.1459784832804112,DD,H1
A,U56,U56k40d15,U56,10.0,M,0,0,True,3.5062632992050875,0.1287551334791226,1.2204652029110814,-0.13604258118620405,1.1479011106056285,1.288762823935498,1.0579283253481822,1.3469451766366074,0.1480575001529989,-0.13604258118620416,-,-
A,U56,U56k40d15,U56,10.0,M,0,1,False,3.529305362552989,0.1267785208781549,1.1952224174070192,-0.162952743927832,1.1348984770499786,1.2525686118770754,1.032704608047987,1.3207906194486798,0.14661561450468708,-0.1629527439278322,DD,-
A,U56,U56k40d15,U56,10.0,M,0,2,False,3.5061194234600084,0.11680819717440682,1.067780687034745,-0.21166494738033415,1.0301137931978717,1.1080926270584983,0.9314427752758837,1.1694380091723866,0.13783496990005184,-0.21166494738033392,DD,DD
A,U56,U56k40d15,U56,10.0,M,0,3,False,3.4383774473453657,0.1204103367106748,1.1024420943612963,-0.19815164947261932,1.0609960440503405,1.1458598938702624,0.9549958154463903,1.2122620172680478,0.1425915687928705,-0.1981516494726191,DD,-
A,U56,U56k40d15,U56,10.0,M,0,4,False,3.3760583924294947,0.11817438483974496,1.081621323276855,-0.20611734298076245,1.012164501960207,1.1488438061363617,0.908652127821186,1.2081447405897408,0.143838436861077,-0.20611734298076223,DD,DD
A,U56,U56k40d15,U56,10.0,6W,0,0,True,2.896766143568102,0.13505525285349473,1.2429300259307925,-0.16973462757343194,0.9761916669275225,1.4805620468858591,0.8894923181692171,1.5103324064348673,0.17526853564371003,-0.16973462757343205,DD,-
A,U56,U56k40d15,U56,10.0,6W,0,1,False,2.8802363059520677,0.1396142555505151,1.2701028663373792,-0.16075366069536978,1.0602068668326023,1.4575195393436022,0.9631705011742964,1.5012056214758343,0.17632964192933476,-0.1607536606953699,DD,-
A,U56,U56k40d15,U56,10.0,6W,0,2,False,2.8593110294781194,0.13822189127562057,1.250451826147408,-0.1760024062088028,1.0971276898849849,1.3876834007299699,1.006821299598358,1.4308047978676346,0.17045931513536017,-0.17600240620880325,DD,-
A,U56,U56k40d15,U56,10.0,6W,0,3,False,2.82517643979143,0.14312187794983156,1.3114146946199818,-0.1661794275169879,1.1953593576897283,1.4179188946356114,1.0867498895601226,1.4792921125285563,0.17300418792402605,-0.1661794275169879,DD,-
A,U56,U56k40d15,U56,10.0,6W,0,4,False,2.9093233955209925,0.1360431736138179,1.2389763658029382,-0.18028687816694033,1.207957606747258,1.275259604851684,1.1115524429157215,1.3351243476962997,0.15801456425803773,-0.18028687816694033,DD,-
A,U56,U56k40d15,U56,10.0,6W,1,0,False,2.8759156220164535,0.13281803956256333,1.2484639565078657,-0.14887468509538326,1.1732099214829947,1.3192948868486687,1.0675646127237504,1.386957353113716,0.15541295675801758,-0.14887468509538315,DD,-
A,U56,U56k40d15,U56,10.0,6W,1,1,False,2.903018989795719,0.12708195434869207,1.1978853531091405,-0.1766512248277794,1.1714484560943217,1.2260116214990182,1.0626365213695559,1.3014118455911305,0.14547170908183227,-0.17665122482777929,DD,-
A,U56,U56k40d15,U56,10.0,6W,1,2,False,2.9358344290106495,0.12968678699039682,1.1604645643818887,-0.2142302142706849,1.1551918101927432,1.1771269966320839,1.0380701072256884,1.2524715308006458,0.1519974234286705,-0.2142302142706849,DD,DD
A,U56,U56k40d15,U56,10.0,6W,1,3,False,2.9510840762768447,0.12351223302689784,1.1124149556650373,-0.20313699829180365,1.0441365554841082,1.1783956347040565,0.9126503819801505,1.2588612293991175,0.15161245428454628,-0.20313699829180365,DD,DD
A,U56,U56k40d15,U56,10.0,6W,1,4,False,2.8886054139995014,0.1259782480650291,1.1300203314581654,-0.20857210631448153,1.0927807562866116,1.170907478033546,0.9715181447824842,1.2474240429292565,0.1504703589830112,-0.20857210631448164,DD,DD
A,U56,U56k40d15,U56,10.0,6W,2,0,False,2.958063971512131,0.12462146919308492,1.1075330603523237,-0.20150930485061103,1.00986287319885,1.1971332869051798,0.8888365861944247,1.2710478965348742,0.15303280322627044,-0.20150930485061103,DD,-
A,U56,U56k40d15,U56,10.0,6W,2,1,False,2.950473670500907,0.12122961050865544,1.0804095803793965,-0.21831690187046904,1.005311079623897,1.1509466538263515,0.8895627898556117,1.2225962375507653,0.14706770207125808,-0.21831690187046904,DD,DD
A,U56,U56k40d15,U56,10.0,6W,2,2,False,2.887989977362794,0.12662200492206388,1.1226653056516012,-0.2122913261180227,1.0490575658449466,1.1922533603533252,0.9465459672827804,1.2542867259432129,0.15148546782418992,-0.2122913261180226,DD,DD
A,U56,U56k40d15,U56,10.0,6W,2,3,False,2.936576668390103,0.12422984687937544,1.1188509755992713,-0.20147533749133295,1.0000811764707698,1.2261288262901393,0.8992933030251336,1.2809243454498163,0.15340148895144412,-0.20147533749133284,DD,-
A,U56,U56k40d15,U56,10.0,6W,2,4,False,2.991371667424566,0.1208825075188833,1.0760520293369258,-0.21657938786850517,0.9954814973832015,1.1515715684641188,0.9118281066694398,1.1976693770903544,0.14514572572446438,-0.21657938786850517,DD,DD
A,U56,U56k40d15,U56,10.0,6W,3,0,False,2.943199297817232,0.11646785601740328,1.0402287115196434,-0.2165793878685054,1.0131403702912918,1.0732938485800412,0.9336002679367408,1.1205371148631809,0.13608989074852929,-0.21657938786850528,DD,DD
A,U56,U56k40d15,U56,10.0,6W,3,1,False,2.8833033693206307,0.12004711058814355,1.0634885930109255,-0.21562042694381944,1.0480615899128647,1.0886450283620215,0.9722095266518131,1.1334445969683988,0.13914640017767144,-0.21562042694381978,DD,DD
A,U56,U56k40d15,U56,10.0,6W,3,2,False,2.906844927184823,0.11637198051397513,1.0315232146266695,-0.215484261857527,1.0184607406784654,1.0531923808241954,0.9456754332325664,1.0973330208929342,0.1338361405885926,-0.2154842618575269,DD,DD
A,U56,U56k40d15,U56,10.0,6W,3,3,False,2.8626934857132325,0.11703499234949555,1.0345113876626013,-0.21601065507041828,1.0434451002771674,1.037921941257137,0.9615621318926435,1.0913095926280347,0.1331884314152061,-0.21601065507041795,DD,DD
A,U56,U56k40d15,U56,10.0,6W,3,4,False,2.879071887314048,0.10811392850423274,0.9764969317092775,-0.21908007967859777,1.0164168261567117,0.9545994644960418,0.9496323102752114,1.0010128202988027,0.1192544533562121,-0.21908007967859722,DD,DD
A,U56,U56k40d15,U56,10.0,6W,4,0,False,2.917038660129743,0.11041555159302896,0.98966335218849,-0.22123389050806597,1.0622175988585714,0.9468429769050587,0.9812542447142011,1.0032543014752966,0.12147694833744849,-0.22123389050806597,DD,DD
A,U56,U56k40d15,U56,10.0,6W,4,1,False,2.8949673009904755,0.11747188798109764,1.0469859165677142,-0.21148178160658648,1.1031572201952946,1.017721865206857,1.025173705700106,1.0703563551673758,0.13073303062631614,-0.21148178160658615,DD,DD
A,U56,U56k40d15,U56,10.0,6W,4,2,False,2.892169001692146,0.12325907794153279,1.0878849157172694,-0.2150678434266956,1.1204761630028257,1.0777173708078578,1.040703349977392,1.128652211803224,0.13949925636042648,-0.21506784342669516,DD,DD
A,U56,U56k40d15,U56,10.0,6W,4,3,False,2.9045850768977735,0.12732378501294428,1.1298366718190536,-0.21559773684993222,1.1821635964537076,1.1021883084876842,1.0978468085015785,1.1597004872871102,0.14159564968828398,-0.215597736849932,DD,DD
A,U56,U56k40d15,U56,10.0,6W,4,4,False,2.8826968956238934,0.12097107501290272,1.0889836267831223,-0.22268449789595157,1.1447919831178375,1.0561260880694057,1.0585668656923577,1.1169481842190911,0.13390924509817204,-0.22268449789595202,DD,DD
A,U56,U56k40d15,U56,10.0,6W,5,0,False,2.8995623772370682,0.12123995201016413,1.1204117759156966,-0.18699723121661627,1.104760864169422,1.1415171959506878,1.0204263584937834,1.196631150463158,0.1383600754068386,-0.1869972312166165,DD,-
A,U56,U56k40d15,U56,10.0,6W,5,1,False,2.8741344555023978,0.12809022873968923,1.1908166853647155,-0.18708878514092298,1.0843014178621688,1.2884767557345849,0.9921937985338776,1.3398331206283849,0.15382452645395883,-0.18708878514092298,DD,-
A,U56,U56k40d15,U56,10.0,6W,5,2,False,2.900924241471563,0.13396407251754994,1.2424104340287556,-0.14706870230449676,1.1362683093791244,1.340276078869552,1.0776952006360756,1.3685167218781413,0.15542087075747713,-0.14706870230449676,DD,-
A,U56,U56k40d15,U56,10.0,6W,5,3,False,2.955675956165202,0.13576652864501515,1.2440929594426406,-0.1595023199201534,1.1062153801778536,1.3691684780323188,1.0192979382504492,1.4139554703532686,0.16406053629874995,-0.1595023199201534,DD,-
A,U56,U56k40d15,U56,10.0,6W,5,4,False,2.905572688914444,0.13344242731197986,1.2379881967740407,-0.1617835398785047,1.03902787624173,1.4169686971819189,0.9515465176526899,1.4556771403536282,0.1666185874524213,-0.1617835398785047,DD,-
A,U56,U56k40d15,U56,10.0,Q,0,0,True,1.9224954079202667,0.11774756673256959,0.9893438814278402,-0.2797102275475756,1.064812721054186,0.942968784567882,0.967892734471653,1.0112475440498951,0.13038299714780077,-0.27971022754757513,DD,DD
A,U56,U56k40d15,U56,10.0,Q,0,1,False,1.9828416680938585,0.11810561612265524,0.983526410887364,-0.27995933215247115,1.0270464939886237,0.9601364465743345,0.9293886713143299,1.0271089938262155,0.13320745031418624,-0.2799593321524717,DD,DD
A,U56,U56k40d15,U56,10.0,Q,0,2,False,1.984376235675857,0.11944379535437011,0.9919429050036295,-0.2757508421667705,1.0302486826146537,0.9732018461921196,0.9367920917214287,1.0363352431426234,0.13488061144437946,-0.27575084216677015,DD,DD
A,U56,U56k40d15,U56,10.0,Q,0,3,False,1.9017429031137492,0.1299700297480504,1.083780670396812,-0.26079874181557705,1.1352511946627,1.0571135103407654,1.0331617695939965,1.1261868514422704,0.14668407680073425,-0.2607987418155767,DD,DD
A,U56,U56k40d15,U56,10.0,Q,0,4,False,1.9167656357657965,0.12740640757595667,1.0665293635768605,-0.26282382025023787,1.148738466608798,1.018739923228807,1.0554842638197697,1.0834688421178011,0.14123300954107298,-0.26282382025023776,DD,DD
A,ETF,ETFk12d00,U56,10.0,D,0,0,True,3.9644486801473517,0.02392910466737863,0.6904446103333071,-0.06138292255145805,0.5437652485653893,0.8179764199604643,0.48167187960970637,0.8459754837072643,0.031002203160835684,-0.06138292255145683,H1,"H1,H2,OOS,CAGR"
A,ETF,ETFk12d00,U56,10.0,2D,0,0,True,2.835059008015357,0.02579277976172234,0.7380158964595847,-0.07107435174866639,0.6147900956372091,0.8457882331525215,0.5496193089306876,0.8775005915947797,0.032538868183501046,-0.07107435174866694,H1,"H1,OOS,CAGR"
A,ETF,ETFk12d00,U56,10.0,2D,1,0,False,2.87078378713776,0.02394853179069334,0.6876071742722486,-0.06415657992816348,0.4915044460562573,0.855846200763166,0.4324500007632006,0.8764925226896995,0.032395071778997586,-0.0641565799281617,H1,"H1,OOS,CAGR"
A,ETF,ETFk12d00,U56,10.0,W,0,0,True,1.8600717136356948,0.02688377351103921,0.7640955201162206,-0.07232096000800825,0.6080602311154905,0.8980963913587102,0.5602108585010841,0.9130388432329424,0.03433142666642697,-0.07232096000800847,H1,"H1,CAGR"
A,ETF,ETFk12d00,U56,10.0,W,0,1,False,1.8154606469249148,0.028529321295401866,0.8062833918749788,-0.07266284554893843,0.6649790124941655,0.9293943526725966,0.6061239505813574,0.9542446122461613,0.03586625275689759,-0.07266284554893843,-,"H1,CAGR"
A,ETF,ETFk12d00,U56,10.0,W,0,2,False,1.8262892920184604,0.027067101820130057,0.7516860894971755,-0.060850277935477926,0.5930624427052674,0.8868917495803321,0.533165770086873,0.9097596482316012,0.0351867687231846,-0.06085027793547737,H1,"H1,CAGR"
A,ETF,ETFk12d00,U56,10.0,W,0,3,False,1.80872277911842,0.027349239288119387,0.769984887859942,-0.05841974265654759,0.6287174972632119,0.8925473614542121,0.5891206682233281,0.9034150950981603,0.03413205612191894,-0.05841974265654559,H1,"H1,CAGR"
A,ETF,ETFk12d00,U56,10.0,W,0,4,False,1.7714283171386997,0.02760741149863777,0.7777120316503461,-0.061905868768517225,0.5974240806795595,0.9319791757003796,0.5473239921392994,0.9463742468203477,0.03585047963261845,-0.05524757694674143,H1,"H1,CAGR"
A,ETF,ETFk12d00,U56,10.0,2W,0,0,True,1.2965748255293963,0.026760960134359024,0.7380456685365728,-0.09226575888640864,0.6399086359009974,0.8246199864303686,0.5907817159581269,0.8456520605169243,0.03287128565743225,-0.09226575888640864,H1,"H1,H2,OOS,CAGR"
A,ETF,ETFk12d00,U56,10.0,2W,0,1,False,1.2607009785240635,0.02837995984828723,0.7747543600218384,-0.0855682974927241,0.760601445719836,0.7950580005992245,0.7072953022605423,0.8261935693997136,0.032450276738910766,-0.08556829749272443,-,"H1,H2,OOS,CAGR"
A,ETF,ETFk12d00,U56,10.0,2W,0,2,False,1.2534279849719316,0.027468574234123633,0.7154547267744208,-0.10998807168715863,0.762940496387211,0.6953992034634225,0.7168061237197719,0.7228856562458345,0.03052512738432145,-0.10998807168715885,-,"H1,H2,OOS,CAGR"
A,ETF,ETFk12d00,U56,10.0,2W,0,3,False,1.2655611797455568,0.02765784593315046,0.7638631283058569,-0.07745037390336662,0.7095378491916841,0.8158201740681595,0.6861502216781322,0.8224252174902038,0.03194249143998906,-0.07745037390336629,-,"H1,H2,OOS,CAGR"
A,ETF,ETFk12d00,U56,10.0,2W,0,4,False,1.342679928443571,0.024472614928320757,0.663983553246358,-0.0869926077226828,0.597475962642997,0.7253062892967106,0.5620386896638797,0.7379561490181236,0.029702780994402156,-0.08699260772268291,H1,"H1,H2,OOS,CAGR"
A,ETF,ETFk12d00,U56,10.0,2W,1,0,False,1.3492400332912027,0.027720498303555274,0.7873619086246465,-0.06438197398684731,0.6532300899257034,0.9041514101023017,0.6145951670254032,0.9146697099094337,0.03429370545931443,-0.06438197398684586,-,"H1,CAGR"
A,ETF,ETFk12d00,U56,10.0,2W,1,1,False,1.2805490682651477,0.030612277395435372,0.862832615291795,-0.06148147133201243,0.6683832739628024,1.0301671951777314,0.6323372923865417,1.0327415339923118,0.03897633187529914,-0.06148147133201243,-,"H1,CAGR"
A,ETF,ETFk12d00,U56,10.0,2W,1,2,False,1.261675630076939,0.027320703235762744,0.759144006389796,-0.0555301547902195,0.6008853504426606,0.8947315426708872,0.5514389020251427,0.9104583371705797,0.03507132764242815,-0.05553015479021928,H1,"H1,CAGR"
A,ETF,ETFk12d00,U56,10.0,2W,1,3,False,1.273217253656017,0.028559606539565463,0.7841951658073496,-0.061713148550947006,0.5866836995301709,0.9526664383736975,0.5400361946164846,0.962997319921709,0.03742446840670954,-0.05771142102599869,H1,"H1,CAGR"
A,ETF,ETFk12d00,U56,10.0,2W,1,4,False,1.2283679397008982,0.029801155839203952,0.8212140071001129,-0.06700476355554963,0.6410189036601295,0.9757591229704944,0.5974329879492034,0.9853328544113417,0.038140879375990755,-0.06700476355554985,-,"H1,CAGR"
A,ETF,ETFk12d00,U56,10.0,M,0,0,True,0.8585556998743922,0.03261900191637612,0.8977112869980783,-0.07004735083204561,0.8510822827276487,0.944375815004068,0.7986858773694316,0.9721780224699339,0.03767741981656436,-0.07004735083204539,-,"H1,CAGR"
A,ETF,ETFk12d00,U56,10.0,M,0,1,False,0.8579489759690047,0.03419064504902147,0.933416463747405,-0.07566396670684616,0.7398886035316047,1.1012252212610096,0.6785768958119758,1.122329909963459,0.043616082673749945,-0.07566396670684605,-,"H1,CAGR"
A,ETF,ETFk12d00,U56,10.0,M,0,2,False,0.8752739228073039,0.03126406522076053,0.8097602391125399,-0.10099158381049655,0.6792817495770285,0.9220036831604266,0.6145601766103711,0.9473258567495405,0.04006731927046059,-0.10099158381049556,-,"H1,CAGR"
A,ETF,ETFk12d00,U56,10.0,M,0,3,False,0.8575675972860003,0.03145879070017199,0.7955417263110481,-0.11112643699572222,0.6557313470746906,0.9142462811900778,0.5786094937419789,0.9451732132795995,0.041412273719245274,-0.11112643699572178,-,"H1,CAGR"
A,ETF,ETFk12d00,U56,10.0,M,0,4,False,0.8274142861825587,0.03221578749246157,0.8080770310887329,-0.12552248807954403,0.7203719907935453,0.8904119590487445,0.6453669358353081,0.921680993628341,0.04117694316483367,-0.12552248807954447,-,"H1,CAGR"
A,ETF,ETFk12d00,U56,10.0,6W,0,0,True,0.7158787568575704,0.030720444625484733,0.8149991485599669,-0.09199506445552186,0.6113069559922638,0.9854746283483958,0.5447517607003974,1.008008268813559,0.04108293073450886,-0.09199506445552197,H1,"H1,CAGR"
A,ETF,ETFk12d00,U56,10.0,6W,0,1,False,0.6734901160935487,0.03338208860925196,0.8803026300999087,-0.08835696290069117,0.7526338351341536,0.9917503119142368,0.6895415850998178,1.017814446589079,0.04173051395316962,-0.08835696290069084,-,"H1,CAGR"
A,ETF,ETFk12d00,U56,10.0,6W,0,2,False,0.6841863796084456,0.032801385828657104,0.8167273580165206,-0.1130768892201297,0.7731623432544216,0.8684138730242323,0.7157457984340813,0.8920523692511411,0.04006630542462175,-0.11307688922012948,-,"H1,CAGR"
A,ETF,ETFk12d00,U56,10.0,6W,0,3,False,0.6793182647816379,0.03480652771079673,0.9274840201030006,-0.08718140778364669,0.9080779310561694,0.9563252978128972,0.8641670399679274,0.977645073202804,0.03984764081905379,-0.08718140778364736,-,"H1,CAGR"
A,ETF,ETFk12d00,U56,10.0,6W,0,4,False,0.6795608206196561,0.03419996970617745,0.8848226688263878,-0.09933428361297492,0.876080058682446,0.9106175299347522,0.8317269921012505,0.9301462868358441,0.03983941141162117,-0.09933428361297514,-,"H1,CAGR"
A,ETF,ETFk12d00,U56,10.0,6W,1,0,False,0.6993585349017108,0.03399705230293959,0.9383726679337989,-0.07486413678404658,0.8819677294316529,0.992420439870711,0.8345998545182027,1.016953511977012,0.03894073598971182,-0.07486413678404691,-,"H1,CAGR"
A,ETF,ETFk12d00,U56,10.0,6W,1,1,False,0.7115531251040877,0.0337333417761887,0.9265678998509951,-0.08000202199052253,0.8046944884688424,1.0348246143770052,0.7608282721284623,1.0500784657457685,0.040530497021711076,-0.08000202199052275,-,"H1,CAGR"
A,ETF,ETFk12d00,U56,10.0,6W,1,2,False,0.7368726853419609,0.030860130252460927,0.7982099400815083,-0.10412716556529289,0.7482409215993631,0.8497688067426401,0.6877329787662976,0.8789988754555184,0.037264304061890074,-0.104127165565293,-,"H1,OOS,CAGR"
A,ETF,ETFk12d00,U56,10.0,6W,1,3,False,0.6997690687019639,0.03383489950061902,0.8559654154071421,-0.1136882181798472,0.814149175732065,0.9036544017683257,0.7452668751401141,0.9374928351277902,0.04086286109602755,-0.11368821817984742,-,"H1,CAGR"
A,ETF,ETFk12d00,U56,10.0,6W,1,4,False,0.7229433744036268,0.03140991633381307,0.7860616931683295,-0.12692717354628813,0.8924801398796397,0.7296775915167703,0.8239315137461921,0.773850886367897,0.03433673867935094,-0.12692717354628869,-,"H1,H2,OOS,CAGR"
A,ETF,ETFk12d00,U56,10.0,6W,2,0,False,0.7185240145457948,0.02891526027429281,0.7249366043983431,-0.12388535187302141,0.796352650947847,0.6885496176299073,0.7345698724492054,0.7275637357902865,0.03197247174531226,-0.12388535187302085,-,"H1,H2,OOS,CAGR"
A,ETF,ETFk12d00,U56,10.0,6W,2,1,False,0.7370509514614257,0.028325739278709294,0.713871017586666,-0.12294367434902476,0.7841244375477647,0.6774100545398812,0.7199831188162831,0.7182172943266946,0.0313377742672718,-0.12294367434902487,H2,"H1,H2,OOS,CAGR"
A,ETF,ETFk12d00,U56,10.0,6W,2,2,False,0.6945571715567529,0.029387387578180935,0.7287058607356467,-0.12304601153019645,0.7918982761913376,0.7015418767687694,0.724686405139867,0.7416780810562399,0.03322234475334662,-0.12304601153019601,-,"H1,H2,OOS,CAGR"
A,ETF,ETFk12d00,U56,10.0,6W,2,3,False,0.7153026920903164,0.029633752006349656,0.737514905298392,-0.1233244139956452,0.8118188768440069,0.7023248557917176,0.7466330479149252,0.7422064586959365,0.03308685650039811,-0.12332441399564498,-,"H1,H2,OOS,CAGR"
A,ETF,ETFk12d00,U56,10.0,6W,2,4,False,0.7251692263168269,0.02822031619498322,0.7076897204630251,-0.1231022803781564,0.7432787249963084,0.6998607906167893,0.6760051158120567,0.7378840476780358,0.03274797890867864,-0.12310228037815574,-,"H1,H2,OOS,CAGR"
A,ETF,ETFk12d00,U56,10.0,6W,3,0,False,0.7399076181704605,0.027278514251000363,0.6807016921567137,-0.12310228037815618,0.7147339578560786,0.6753860619685327,0.6551030811910776,0.707675891070444,0.03173817892549424,-0.1231022803781564,H2,"H1,H2,OOS,CAGR"
A,ETF,ETFk12d00,U56,10.0,6W,3,1,False,0.731481088311108,0.029718619393583445,0.7384675287522955,-0.12323047018830613,0.7918667459202098,0.723970920499707,0.7376020632661217,0.7527102678034979,0.03408308918647429,-0.12323047018830602,-,"H1,H2,OOS,CAGR"
A,ETF,ETFk12d00,U56,10.0,6W,3,2,False,0.7401737696578017,0.027922146102493217,0.6991238970938219,-0.12338191970769774,0.6905435470474123,0.7229431426798424,0.6262906123293851,0.7551005748927769,0.033682822567038695,-0.1233819197076973,-,"H1,H2,OOS,CAGR"
A,ETF,ETFk12d00,U56,10.0,6W,3,3,False,0.7008849949281184,0.029988023751458925,0.7436984519469455,-0.12371136377651137,0.693224094394687,0.7975145739987952,0.6338167837763051,0.8233779835692828,0.037010287055628366,-0.12371136377651115,-,"H1,H2,OOS,CAGR"
A,ETF,ETFk12d00,U56,10.0,6W,3,4,False,0.7330704312215486,0.027429564067449785,0.6990383122517078,-0.12398936110786063,0.7384004155586866,0.6872030882269111,0.6909610689212303,0.7135728198529183,0.031009875682225907,-0.12398936110786096,H2,"H1,H2,OOS,CAGR"
A,ETF,ETFk12d00,U56,10.0,6W,4,0,False,0.7525924787898862,0.0268471784408586,0.6803684889911366,-0.12221213868765057,0.7531758248012508,0.6473599757759377,0.6987691349662954,0.6797242351800767,0.02989220913540902,-0.12221213868765035,H2,"H1,H2,OOS,CAGR"
A,ETF,ETFk12d00,U56,10.0,6W,4,1,False,0.7497166582698809,0.027612479162537396,0.7009765822013803,-0.1163162475709899,0.7204280082430047,0.7028656094690788,0.6504221840698806,0.7423011344912859,0.03239355060052329,-0.11631624757099002,-,"H1,H2,OOS,CAGR"
A,ETF,ETFk12d00,U56,10.0,6W,4,2,False,0.7248316713560559,0.02974246909662015,0.751138608042303,-0.1237128911003531,0.7537119596319638,0.7672510456437095,0.6843618608914159,0.8037329426034566,0.03539291450885873,-0.12371289110035344,-,"H1,H2,OOS,CAGR"
A,ETF,ETFk12d00,U56,10.0,6W,4,3,False,0.7251270254247316,0.02957099779167538,0.7538665271650563,-0.11247671184462049,0.8085445605977459,0.732894816649433,0.7452752651192185,0.7698164089420807,0.0335104706674032,-0.11247671184462027,-,"H1,H2,OOS,CAGR"
A,ETF,ETFk12d00,U56,10.0,6W,4,4,False,0.7378576971994113,0.02821529701906833,0.717886135299986,-0.12070288777883831,0.8008376872044165,0.675707659341622,0.7261556916870822,0.72250978515178,0.03145848232849424,-0.12070288777883864,H2,"H1,H2,OOS,CAGR"
A,ETF,ETFk12d00,U56,10.0,6W,5,0,False,0.7626204059616447,0.027924739165738677,0.7369167875270737,-0.09402506423560131,0.7148975822767495,0.7686094319485818,0.629702053191486,0.8147932823086078,0.03415727026042448,-0.09402506423560097,-,"H1,H2,OOS,CAGR"
A,ETF,ETFk12d00,U56,10.0,6W,5,1,False,0.7234772064181548,0.030221800579046443,0.7987600665483451,-0.09543288299829678,0.6349115719881893,0.9365025067708223,0.5551740685809265,0.9700309579847852,0.040055061621864896,-0.09543288299829644,H1,"H1,CAGR"
A,ETF,ETFk12d00,U56,10.0,6W,5,2,False,0.7102440686758662,0.0317327280928954,0.8513433281404953,-0.06917550963067987,0.6871066547153164,0.9912472216366257,0.6089094876138776,1.025005375523579,0.04128967505127701,-0.06917550963067987,-,"H1,CAGR"
A,ETF,ETFk12d00,U56,10.0,6W,5,3,False,0.6974378546980622,0.031948649830427334,0.851912096763696,-0.06550572512604302,0.6495301480613211,1.0228002387324233,0.5868366927048886,1.0430424847472592,0.042097697879724505,-0.06550572512604336,-,"H1,CAGR"
A,ETF,ETFk12d00,U56,10.0,6W,5,4,False,0.7095852153181732,0.03205084963273985,0.8598426290204078,-0.06708622140365139,0.6478605099652043,1.0384346990579776,0.5865022195082373,1.0567612874145231,0.04240773684717536,-0.06708622140365139,-,"H1,CAGR"
A,ETF,ETFk12d00,U56,10.0,Q,0,0,True,0.516933586217067,0.025857095847485967,0.6311006887876315,-0.1459141377994414,0.8123259508338484,0.5258291082951331,0.7575778582164662,0.5656159739337165,0.025812741854619015,-0.1459141377994413,"H2,DD","H1,H2,OOS,CAGR"
A,ETF,ETFk12d00,U56,10.0,Q,0,1,False,0.48883832578944586,0.02783163340393857,0.6666381975413406,-0.14601851676303357,0.829743709931685,0.5769435098073505,0.7553930978210535,0.6263069088711829,0.02932551876032341,-0.14601851676303312,"H2,DD","H1,H2,OOS,CAGR"
A,ETF,ETFk12d00,U56,10.0,Q,0,2,False,0.49771865923069136,0.027447113480130625,0.6464047819394374,-0.14576739856404086,0.7622507992645731,0.5877274599119682,0.6872402973081283,0.63404251219005,0.030224693727907592,-0.14576739856404086,"H2,DD","H1,H2,OOS,CAGR"
A,ETF,ETFk12d00,U56,10.0,Q,0,3,False,0.4920027117826182,0.030732417428156245,0.73563223561726,-0.1456774810777267,0.9081761893752406,0.6525066798075773,0.8395984425272941,0.6946780949848075,0.0330459795081719,-0.1456774810777266,"H2,DD","H1,H2,OOS,CAGR"
A,ETF,ETFk12d00,U56,10.0,Q,0,4,False,0.487235853813916,0.030073615616172944,0.7216105390799423,-0.1460048463778929,0.8899990575619251,0.6403498466813015,0.829421187402976,0.6778792155354327,0.032140821220510096,-0.14600484637789302,"H2,DD","H1,H2,OOS,CAGR"
A,ETF,ETFk12d01,U56,10.0,D,0,0,True,4.3735848723987525,0.013878557903737487,0.5200875143870614,-0.08975756987208694,0.41524884232081877,0.6216386563029201,0.3811821591215779,0.6380672896245716,0.016919342758355382,-0.08975756987208683,"H1,H2","H1,H2,OOS,CAGR"
A,ETF,ETFk12d01,U56,10.0,2D,0,0,True,3.1004594756180595,0.014653957816536556,0.5464441602013308,-0.0855177046850586,0.484161275147496,0.6068097947739514,0.44468652364526007,0.633012341385425,0.016824554938593916,-0.0855177046850577,"H1,H2","H1,H2,OOS,CAGR"
A,ETF,ETFk12d01,U56,10.0,2D,1,0,False,3.087462857375652,0.01455549358837982,0.5405661795847938,-0.08479151181370825,0.4223084727399027,0.6539643348810822,0.3875531625963244,0.6690989764178381,0.017993053868025743,-0.08479151181370903,"H1,H2","H1,H2,OOS,CAGR"
A,ETF,ETFk12d01,U56,10.0,W,0,0,True,1.991186770384931,0.01320051564351088,0.49081573113965576,-0.08679707651722113,0.3647561489060988,0.6103738767671331,0.33893097958248286,0.6169762312561669,0.016669352233119605,-0.08679707651722046,"H1,H2","H1,H2,OOS,CAGR"
A,ETF,ETFk12d01,U56,10.0,W,0,1,False,1.998326487764073,0.016929919207818056,0.6269140859707613,-0.07459942586757051,0.4562557644700669,0.7901601185269802,0.4195399138885379,0.8008184820629967,0.021625213430447765,-0.07459942586756896,H1,"H1,H2,OOS,CAGR"
A,ETF,ETFk12d01,U56,10.0,W,0,2,False,2.020789950966682,0.018268104474214786,0.6628634618416253,-0.06950013147742706,0.530930183135854,0.786579747598423,0.5080688335039332,0.7896099366253027,0.021947170534991844,-0.0695001314774254,H1,"H1,H2,OOS,CAGR"
A,ETF,ETFk12d01,U56,10.0,W,0,3,False,1.944943573525664,0.0181094556904553,0.6563831037948441,-0.06906816070163668,0.5336043366944309,0.7752201814058106,0.5346128747903498,0.7597054040895393,0.020790164242564524,-0.06906816070163635,H1,"H1,H2,OOS,CAGR"
A,ETF,ETFk12d01,U56,10.0,W,0,4,False,1.940560346141581,0.015630047039292716,0.5714392796164914,-0.05901715581140021,0.3569237164250234,0.7789477455527227,0.33228951029228293,0.7743068876310601,0.02111524552178201,-0.05901715581140088,H1,"H1,H2,OOS,CAGR"
A,ETF,ETFk12d01,U56,10.0,2W,0,0,True,1.4449876642743507,0.015482992483982772,0.5614701925186399,-0.0624306759059855,0.43880811086633387,0.6775099616836672,0.4087747325976578,0.6879322653093712,0.019059457083465015,-0.0624306759059885,"H1,H2","H1,H2,OOS,CAGR"
A,ETF,ETFk12d01,U56,10.0,2W,0,1,False,1.4543124844869055,0.017665775953884078,0.6324590227435514,-0.07106604805075123,0.5357054290517027,0.7231658532686089,0.5021337336033812,0.7390382808533799,0.020820509455339975,-0.07106604805075134,H1,"H1,H2,OOS,CAGR"
A,ETF,ETFk12d01,U56,10.0,2W,0,2,False,1.4003885906165154,0.02048412230808383,0.7220546505053893,-0.07057250853752961,0.672444625822647,0.7685366356296772,0.6618116326969449,0.7701902939744405,0.022216643459486818,-0.07057250853752761,-,"H1,H2,OOS,CAGR"
A,ETF,ETFk12d01,U56,10.0,2W,0,3,False,1.3904449292836238,0.01909091096580884,0.686666976104202,-0.06593993943566767,0.5967791771973222,0.7726985675224389,0.6044743269661617,0.7553532752065248,0.02093016316434193,-0.06593993943566578,H1,"H1,H2,OOS,CAGR"
A,ETF,ETFk12d01,U56,10.0,2W,0,4,False,1.40398268668488,0.015172545703540097,0.5507937244478005,-0.07767347818072867,0.3621120333266591,0.7293428880226357,0.35168031377924014,0.715671272911926,0.019847177951958894,-0.07767347818072812,H1,"H1,H2,OOS,CAGR"
A,ETF,ETFk12d01,U56,10.0,2W,1,0,False,1.3685505153180582,0.01781637785209189,0.6546136372014415,-0.0791865843902455,0.4436202845961865,0.8543794450647889,0.41480113102098637,0.8532050040716086,0.023364416502117846,-0.07918658439024462,H1,"H1,OOS,CAGR"
A,ETF,ETFk12d01,U56,10.0,2W,1,1,False,1.3782297758432576,0.020266219824176313,0.7423497901308035,-0.05296250286248505,0.44897180861518365,1.0214474165524212,0.4214795083309109,1.0095057454162841,0.027690418145973617,-0.052962502862484495,H1,"H1,CAGR"
A,ETF,ETFk12d01,U56,10.0,2W,1,2,False,1.4169124842915684,0.018710494430388414,0.6733538661973945,-0.05699397990149091,0.36681459923132614,0.9598729692851048,0.33383619592732494,0.9506954143780585,0.02681050930703499,-0.04953107281284985,H1,"H1,CAGR"
A,ETF,ETFk12d01,U56,10.0,2W,1,3,False,1.385999119960114,0.018348459579298426,0.6542747678865131,-0.06832077538793535,0.3552023421624789,0.9438114299534862,0.3259509361051398,0.933066731647555,0.026108255408246572,-0.06832077538793357,H1,"H1,CAGR"
A,ETF,ETFk12d01,U56,10.0,2W,1,4,False,1.3902527125213486,0.01708953213047093,0.6138044859779085,-0.05920169071828607,0.3723983488196222,0.8451367771239511,0.3460405864454992,0.8390902374155794,0.02338096960477065,-0.059201690718286404,H1,"H1,OOS,CAGR"
A,ETF,ETFk12d01,U56,10.0,M,0,0,True,0.9396419150844384,0.020961042379807004,0.7536961782465796,-0.08166568218758075,0.6756786854293374,0.8280883982726567,0.6235942421517061,0.8614885130327811,0.023999741881727488,-0.08166568218757997,-,"H1,H2,OOS,CAGR"
A,ETF,ETFk12d01,U56,10.0,M,0,1,False,0.9961981549458616,0.021704325611622943,0.7643928056014627,-0.06746122696172852,0.5474849469495315,0.9720812668467537,0.5230773185631707,0.9663115036143922,0.02745444878518044,-0.0674612269617284,H1,"H1,CAGR"
A,ETF,ETFk12d01,U56,10.0,M,0,2,False,1.0036646305445351,0.02318503877325151,0.8089570877043943,-0.055432532417274305,0.5880863985479916,1.0157283369725392,0.5774382520930899,0.9980189416631718,0.028916536532883175,-0.05543253241727375,H1,"H1,CAGR"
A,ETF,ETFk12d01,U56,10.0,M,0,3,False,0.9805535339118653,0.02181247606476422,0.7503590655894569,-0.05708460089726808,0.53556220100704,0.9507478992088556,0.5266362170618685,0.9326289618000164,0.027447022973773327,-0.057084600897267634,H1,"H1,CAGR"
A,ETF,ETFk12d01,U56,10.0,M,0,4,False,0.9138601124341336,0.02368958254185971,0.8075458236952542,-0.06343790350321954,0.5560396176209674,1.0357421051108457,0.5465197134303575,1.0138161756834627,0.030546886922576233,-0.06343790350321976,H1,"H1,CAGR"
A,ETF,ETFk12d01,U56,10.0,6W,0,0,True,0.8035554641184441,0.021185399349921585,0.7443891743472959,-0.05464685780455103,0.557468654897617,0.9171108885009128,0.5279255116335789,0.9195293774012508,0.026569700370259408,-0.05464685780454892,H1,"H1,CAGR"
A,ETF,ETFk12d01,U56,10.0,6W,0,1,False,0.7990144929558298,0.0231739625437839,0.8038418949161512,-0.060625448665912574,0.6098189518686329,0.9813512986496365,0.5778459931655552,0.9845784472091336,0.028967474116875058,-0.060625448665912796,H1,"H1,CAGR"
A,ETF,ETFk12d01,U56,10.0,6W,0,2,False,0.7850154855982747,0.023176240382675628,0.7947642184376182,-0.07145775110678443,0.6641227963818914,0.9127159978337112,0.6450627909087369,0.9115991702804908,0.027407905220507178,-0.07145775110678632,-,"H1,CAGR"
A,ETF,ETFk12d01,U56,10.0,6W,0,3,False,0.769826492159062,0.02427856920419713,0.836678837227409,-0.07951433515487205,0.7280303691496752,0.9378698709386003,0.7331762056049094,0.9200620719243696,0.02705975682205053,-0.07951433515487072,-,"H1,CAGR"
A,ETF,ETFk12d01,U56,10.0,6W,0,4,False,0.775632705620193,0.023988806351345593,0.8420169912241525,-0.07801635006254604,0.6737508537131962,0.9966086409662792,0.6707414098675111,0.9785667017442875,0.028447987429112365,-0.07801635006254504,-,"H1,CAGR"
A,ETF,ETFk12d01,U56,10.0,6W,1,0,False,0.781853601054368,0.024920577173678682,0.8886118943537596,-0.07475388238890635,0.6856337144534921,1.0857530291223538,0.6460238782103744,1.0951065049369322,0.03046758704702346,-0.0747538823889049,-,"H1,CAGR"
A,ETF,ETFk12d01,U56,10.0,6W,1,1,False,0.7838793750992905,0.02478800468828335,0.8684646741833886,-0.058809553708985995,0.6555234121231814,1.069748439272126,0.6104426126274087,1.0817046911583446,0.031050874580740517,-0.05880955370898666,-,"H1,CAGR"
A,ETF,ETFk12d01,U56,10.0,6W,1,2,False,0.7869905153905924,0.02468355582157944,0.8693323875045555,-0.04741792897856034,0.5411113078215364,1.1746511073721166,0.48037551256818567,1.184670695586962,0.034220154126315405,-0.047417928978560675,H1,"H1,CAGR"
A,ETF,ETFk12d01,U56,10.0,6W,1,3,False,0.7817310419796085,0.026162055617883206,0.9089849108994745,-0.06525273435523493,0.6685022474770742,1.1309202364261035,0.601995043242216,1.1557229355045016,0.03390807055309675,-0.06525273435523571,-,"H1,CAGR"
A,ETF,ETFk12d01,U56,10.0,6W,1,4,False,0.7728500885547652,0.024279636542189564,0.8310653513384589,-0.06451769907802729,0.6749182249712525,0.9738776037926933,0.6054351210966543,1.0097286712940106,0.03024119108024581,-0.06451769907802729,-,"H1,CAGR"
A,ETF,ETFk12d01,U56,10.0,6W,2,0,False,0.7847495321956353,0.022492519021734436,0.778032059965029,-0.06253128863262947,0.6673007826387435,0.8803773223772221,0.6051710264787568,0.9164156724736237,0.02699289309188657,-0.06253128863262924,-,"H1,CAGR"
A,ETF,ETFk12d01,U56,10.0,6W,2,1,False,0.7882594026438648,0.022623922554808606,0.7874994772736836,-0.062383078739624565,0.6581721582217491,0.907276709203678,0.5975383499465496,0.9405676847176241,0.02745789957517375,-0.062383078739624676,-,"H1,CAGR"
A,ETF,ETFk12d01,U56,10.0,6W,2,2,False,0.7667188192769584,0.02457812050689756,0.8343310302470539,-0.06213811207789832,0.7484680822688404,0.9128833062557477,0.6996060335833736,0.9391272552307366,0.028570244823576507,-0.0621381120778981,-,"H1,CAGR"
A,ETF,ETFk12d01,U56,10.0,6W,2,3,False,0.7715561641722194,0.02491012270353976,0.840459725159679,-0.06238385326796814,0.8112160566909442,0.869594172691685,0.77076775852269,0.8946850198214553,0.027452337744045874,-0.06238385326796858,-,"H1,CAGR"
A,ETF,ETFk12d01,U56,10.0,6W,2,4,False,0.7853529299157029,0.02333087461119976,0.7929043006452422,-0.06268527871722918,0.7180151148628747,0.8615269657359385,0.6820884677472167,0.878855723835459,0.02675003321615743,-0.06268527871722884,-,"H1,OOS,CAGR"
A,ETF,ETFk12d01,U56,10.0,6W,3,0,False,0.8044854642201645,0.021282087453528442,0.7241320922966754,-0.0657589613509475,0.6252603260482027,0.8119249837400178,0.5800078895846962,0.8320837494940265,0.025784258051343434,-0.06575896135094716,H1,"H1,H2,OOS,CAGR"
A,ETF,ETFk12d01,U56,10.0,6W,3,1,False,0.8245212670803006,0.021734660150362295,0.7417809258493484,-0.06280670608787398,0.5990560679140345,0.8657248767779494,0.5544798141507197,0.8803103835252231,0.02735711121179185,-0.06280670608787364,H1,"H1,OOS,CAGR"
A,ETF,ETFk12d01,U56,10.0,6W,3,2,False,0.8407748566774775,0.02167340446428656,0.7328284231571155,-0.06273345592875279,0.6118764293865433,0.8392532592193399,0.5719226461501377,0.8532601189306633,0.026605922867994902,-0.06273345592875268,H1,"H1,OOS,CAGR"
A,ETF,ETFk12d01,U56,10.0,6W,3,3,False,0.8134953710042429,0.022505164066824568,0.7572990261372649,-0.0629387220355555,0.5925631060331626,0.9027940339217722,0.5502210928095083,0.9150460401415235,0.028403520280326777,-0.0629387220355554,H1,"H1,CAGR"
A,ETF,ETFk12d01,U56,10.0,6W,3,4,False,0.8538662037544256,0.019833372229520307,0.6742331419710801,-0.06303788482778627,0.5342879377252556,0.7976234089535248,0.49330449766743023,0.8117282711138532,0.02496829144321744,-0.06303788482778638,H1,"H1,H2,OOS,CAGR"
A,ETF,ETFk12d01,U56,10.0,6W,4,0,False,0.8725813735790123,0.018407648545604838,0.6256509307067109,-0.06334212912022119,0.5574077281992257,0.6873348264983409,0.5029029038657358,0.7186283645912256,0.022149766751881073,-0.0633421291202213,"H1,H2","H1,H2,OOS,CAGR"
A,ETF,ETFk12d01,U56,10.0,6W,4,1,False,0.8571085798673931,0.019824759375576262,0.6795132846129724,-0.0629490922060616,0.565805714988116,0.782735124169807,0.5038186487987589,0.8176115470458415,0.024534281128293367,-0.06294909220606171,H1,"H1,H2,OOS,CAGR"
A,ETF,ETFk12d01,U56,10.0,6W,4,2,False,0.8365206598609041,0.02101079178777332,0.7240715887695566,-0.06307336860999257,0.6427033146446156,0.7983776596197643,0.6048075061464869,0.8172304931792206,0.0244325986574101,-0.06307336860999291,-,"H1,H2,OOS,CAGR"
A,ETF,ETFk12d01,U56,10.0,6W,4,3,False,0.840589408972498,0.020466411885298408,0.7133045734986958,-0.07006828632689166,0.6267793482916765,0.793181169900124,0.5821124316594704,0.8179340345170838,0.023935070615901388,-0.07006828632689188,H1,"H1,H2,OOS,CAGR"
A,ETF,ETFk12d01,U56,10.0,6W,4,4,False,0.8343991719153774,0.0181048283158598,0.6234048497657394,-0.07323678842067283,0.5697615586522898,0.6730097468538954,0.5204744533732135,0.7043685501171486,0.02100127475541136,-0.07323678842067227,"H1,H2","H1,H2,OOS,CAGR"
A,ETF,ETFk12d01,U56,10.0,6W,5,0,False,0.8438243570833036,0.01841780268620119,0.6478344796434519,-0.0746604410370767,0.5318796031688682,0.7534775824095644,0.4752324466184491,0.7841279685161902,0.0228800059445029,-0.07466044103707759,H1,"H1,H2,OOS,CAGR"
A,ETF,ETFk12d01,U56,10.0,6W,5,1,False,0.8358282484788729,0.019003339745711667,0.6682166731085815,-0.06562053515707,0.5616700503341397,0.7659509137063812,0.5127662473374424,0.7918331803942724,0.02302084003829341,-0.06562053515706912,H1,"H1,H2,OOS,CAGR"
A,ETF,ETFk12d01,U56,10.0,6W,5,2,False,0.853316704821319,0.019668846437155274,0.6810077056560304,-0.06306576590333268,0.5452805956785816,0.8044344251514381,0.4939584788942366,0.8287183286381797,0.02456962414049113,-0.06306576590333302,H1,"H1,H2,OOS,CAGR"
A,ETF,ETFk12d01,U56,10.0,6W,5,3,False,0.8051458697941162,0.0224137891589411,0.7711496793973754,-0.054317695894085416,0.57232952191385,0.9558662646703431,0.5421899265973383,0.957188965619453,0.028198578042353928,-0.05431769589408719,H1,"H1,CAGR"
A,ETF,ETFk12d01,U56,10.0,6W,5,4,False,0.8085708690905331,0.021613802755100275,0.7576257194439211,-0.051824382322057216,0.5429947381887155,0.9581114908500832,0.5260888881626237,0.947246506474916,0.027295049028812635,-0.05182438232205966,H1,"H1,CAGR"
A,ETF,ETFk12d01,U56,10.0,Q,0,0,True,0.5680663428447936,0.015945932215684522,0.5180035623382871,-0.08220553596534574,0.5991002172882867,0.45350747791130286,0.5458220577199704,0.498591836967156,0.016029503838190795,-0.08220553596534586,"H1,H2","H1,H2,OOS,CAGR"
A,ETF,ETFk12d01,U56,10.0,Q,0,1,False,0.5577865845448647,0.018487603330360036,0.587759014627367,-0.08222247906229796,0.6213075191385987,0.5655021720225429,0.5691146415018312,0.6032818686843889,0.02005526578942285,-0.08222247906229851,"H1,H2","H1,H2,OOS,CAGR"
A,ETF,ETFk12d01,U56,10.0,Q,0,2,False,0.5670299625207169,0.019263093406227894,0.6013272346128382,-0.08209612418350654,0.6077183306673433,0.6034988445438049,0.5899136035419107,0.6125637700805033,0.020988584543799593,-0.08209612418350576,"H1,H2","H1,H2,OOS,CAGR"
A,ETF,ETFk12d01,U56,10.0,Q,0,3,False,0.5428644467243909,0.02144598627324079,0.6825918546969574,-0.08194701179977193,0.6845381776212569,0.6896868160737812,0.666785963437676,0.6975881892368657,0.023513510056468956,-0.08194701179977182,-,"H1,H2,OOS,CAGR"
A,ETF,ETFk12d01,U56,10.0,Q,0,4,False,0.557375554706024,0.019222180583749138,0.6082387079063915,-0.08219509109763357,0.6531238744461739,0.5827218636777521,0.6386618661533067,0.5920768550690004,0.02018979561059764,-0.08219509109763345,H2,"H1,H2,OOS,CAGR"
A,ETF,ETFk12d02,U56,10.0,D,0,0,True,4.092816217838927,0.01680590039011909,0.5256053388457048,-0.06350181899858487,0.4770225619046015,0.5705961946815407,0.40407208058845645,0.6207601958773518,0.0204626353439763,-0.06350181899858698,"H1,H2","H1,H2,OOS,CAGR"
A,ETF,ETFk12d02,U56,10.0,2D,0,0,True,2.8331974653763163,0.018119356062823,0.56181012442783,-0.06678523843441064,0.5155077511366503,0.6047959375042717,0.4391413418128237,0.657646316694873,0.021881871763938854,-0.06678523843441075,"H1,H2","H1,H2,OOS,CAGR"
A,ETF,ETFk12d02,U56,10.0,2D,1,0,False,2.945749303392456,0.017946120998653337,0.5567448148093096,-0.06398882898680636,0.4927195400504986,0.6154028942898517,0.4296614886231887,0.6554116154166789,0.02186597268341517,-0.06398882898680758,"H1,H2","H1,H2,OOS,CAGR"
A,ETF,ETFk12d02,U56,10.0,W,0,0,True,1.8224525777699172,0.019632057684208615,0.6045964138961916,-0.06585940600237394,0.5980630197365501,0.6127002012335575,0.5427249024677689,0.6523783060917066,0.02201009558475775,-0.06585940600237417,"H1,H2","H1,H2,OOS,CAGR"
A,ETF,ETFk12d02,U56,10.0,W,0,1,False,1.8810931885616053,0.0203895220214787,0.6245553218105663,-0.07481521620237097,0.5792357882693331,0.6667772402810461,0.5146127809649209,0.7102592891186913,0.0239305955658613,-0.07481521620237308,"H1,H2","H1,H2,OOS,CAGR"
A,ETF,ETFk12d02,U56,10.0,W,0,2,False,1.8495822954466417,0.021841163316616008,0.6621779214294445,-0.06674428615143357,0.5791760046204159,0.7375693608445227,0.5228998537022009,0.769297239164071,0.026379186956791534,-0.0667442861514298,H1,"H1,H2,OOS,CAGR"
A,ETF,ETFk12d02,U56,10.0,W,0,3,False,1.8295526487780975,0.021820042167476128,0.6623292233037376,-0.06786398326267196,0.637665016950553,0.686131191921836,0.5756273061326035,0.7303288763653157,0.024740576519076907,-0.06786398326267062,"H1,H2","H1,H2,OOS,CAGR"
A,ETF,ETFk12d02,U56,10.0,W,0,4,False,1.7514924945604438,0.019974990998011144,0.6088122788778007,-0.05846848402227123,0.5267314123898741,0.6833222711795209,0.4541705046435066,0.7277758233927286,0.024833609600562356,-0.057626441169652765,"H1,H2","H1,H2,OOS,CAGR"
A,ETF,ETFk12d02,U56,10.0,2W,0,0,True,1.2466247215882706,0.02190070040379588,0.6606818623112343,-0.07268723522088505,0.6451062985647321,0.6768017218395218,0.5870160159737248,0.7176976176095448,0.024666803258998282,-0.07268723522088494,H2,"H1,H2,OOS,CAGR"
A,ETF,ETFk12d02,U56,10.0,2W,0,1,False,1.2930854469427613,0.022507849327595197,0.6681004610524831,-0.07975257791180046,0.6630082566997287,0.6756472285541533,0.5949448167352481,0.724223180959379,0.02546458398356921,-0.07975257791179935,H2,"H1,H2,OOS,CAGR"
A,ETF,ETFk12d02,U56,10.0,2W,0,2,False,1.3220886830208305,0.022950508173832596,0.6731211591584966,-0.07492908543728627,0.7137902582124166,0.6429000113061004,0.6742947903318178,0.6740113025791883,0.02411193004809742,-0.07492908543728605,H2,"H1,H2,OOS,CAGR"
A,ETF,ETFk12d02,U56,10.0,2W,0,3,False,1.339214596423834,0.02085262828439749,0.625670023674068,-0.08459685598805344,0.642505541615845,0.613165895096106,0.5894694668534636,0.6540052322493959,0.022581529809389433,-0.08459685598805422,H2,"H1,H2,OOS,CAGR"
A,ETF,ETFk12d02,U56,10.0,2W,0,4,False,1.2919342318046756,0.01904404886165212,0.568720539320117,-0.06581885876397331,0.4612466569756264,0.6640957842767342,0.40767808181992365,0.6902636945753272,0.02427918342781865,-0.06581885876397342,"H1,H2","H1,H2,OOS,CAGR"
A,ETF,ETFk12d02,U56,10.0,2W,1,0,False,1.308087496803133,0.02307958674220556,0.7018237080332524,-0.06419703453662795,0.5742508234363267,0.8166762730112619,0.5073595128089873,0.8512353602948989,0.029136487484400675,-0.06419703453662795,H1,"H1,H2,OOS,CAGR"
A,ETF,ETFk12d02,U56,10.0,2W,1,1,False,1.3377527922371222,0.023236755512155982,0.7029209519461438,-0.050929754365079294,0.5516263844923307,0.8410463053889378,0.5077086731025017,0.8561051331099802,0.029163501034084494,-0.05092975436508096,H1,"H1,OOS,CAGR"
A,ETF,ETFk12d02,U56,10.0,2W,1,2,False,1.2914959319387225,0.021247053177943398,0.6353133261314926,-0.05451368853398797,0.5097651715534081,0.7479651879510502,0.4389854322527849,0.7861785014390537,0.027383588903616918,-0.054513688533986415,H1,"H1,H2,OOS,CAGR"
A,ETF,ETFk12d02,U56,10.0,2W,1,3,False,1.262348702940081,0.023361183359476678,0.6876653904600464,-0.06301724850451862,0.5840008803908081,0.781697123024814,0.5192099983255015,0.8181848198829341,0.028805525951236977,-0.06301724850451873,H1,"H1,H2,OOS,CAGR"
A,ETF,ETFk12d02,U56,10.0,2W,1,4,False,1.2428558969651073,0.020501635044010813,0.6071189712528882,-0.0782213113562864,0.5300144534579059,0.6767666879837949,0.4507380269154958,0.7263737137718616,0.025626126949783945,-0.0782213113562864,"H1,H2","H1,H2,OOS,CAGR"
A,ETF,ETFk12d02,U56,10.0,M,0,0,True,0.8602110013606112,0.025318282406216808,0.754001540511311,-0.07033610097153986,0.7935353166875908,0.7205977525568484,0.7393049992975295,0.7658728503771802,0.026413387944303812,-0.07033610097153731,-,"H1,H2,OOS,CAGR"
A,ETF,ETFk12d02,U56,10.0,M,0,1,False,0.8808699046286775,0.02361299596377875,0.6954157304449997,-0.06159229215707995,0.6340853625749489,0.7524311754799787,0.591993581859603,0.7770682644861295,0.02704515891332826,-0.06159229215707951,H1,"H1,H2,OOS,CAGR"
A,ETF,ETFk12d02,U56,10.0,M,0,2,False,0.903683558782458,0.023613201431958997,0.6829293787755325,-0.06832504924785177,0.6487697675141199,0.7155015417384226,0.6233384228786243,0.7291684352469812,0.026147544429712122,-0.06832504924785443,-,"H1,H2,OOS,CAGR"
A,ETF,ETFk12d02,U56,10.0,M,0,3,False,0.8974451821657595,0.02081446762535366,0.5836476827521657,-0.08954040095865101,0.5427932060894408,0.6222316158226865,0.49817366028295973,0.6471679165183474,0.024587101747070683,-0.08954040095865134,"H1,H2","H1,H2,OOS,CAGR"
A,ETF,ETFk12d02,U56,10.0,M,0,4,False,0.8960670050295587,0.02022896961554599,0.5478228196927887,-0.11238886253102154,0.48012882143287333,0.608088571632475,0.43663527750485953,0.6267704871447739,0.02534866498077326,-0.11238886253102143,"H1,H2","H1,H2,OOS,CAGR"
A,ETF,ETFk12d02,U56,10.0,6W,0,0,True,0.707029574336743,0.02432995772762525,0.7075842427668435,-0.0699972023029749,0.5774072167330517,0.8263779508529965,0.5267053873625238,0.8494091888298253,0.03010279351983125,-0.06999720230297513,H1,"H1,H2,OOS,CAGR"
A,ETF,ETFk12d02,U56,10.0,6W,0,1,False,0.6971128733789059,0.026633871378891172,0.7681684720011813,-0.06350453634559994,0.6007767190087191,0.9180891751775937,0.5524387872151283,0.933948585861301,0.03371524782109758,-0.06350453634560027,H1,"H1,CAGR"
A,ETF,ETFk12d02,U56,10.0,6W,0,2,False,0.7034397445860376,0.025964656047529067,0.7380143381430802,-0.06712673089913868,0.661566979242722,0.8073844140483217,0.6328326987522687,0.8177968786999068,0.030195393633753342,-0.06712673089913912,-,"H1,H2,OOS,CAGR"
A,ETF,ETFk12d02,U56,10.0,6W,0,3,False,0.6836935277849799,0.025570517252549108,0.7382652562164943,-0.07237564984056288,0.7231470366152744,0.7547624143962397,0.6846669570551291,0.7798134175710913,0.028157506744661553,-0.072375649840564,-,"H1,H2,OOS,CAGR"
A,ETF,ETFk12d02,U56,10.0,6W,0,4,False,0.725439059849703,0.025010541298312594,0.7207028458640312,-0.07670675144613037,0.668350977988122,0.7696053632454389,0.6410502681524971,0.7809224839967424,0.028669456481329014,-0.07670675144612837,-,"H1,H2,OOS,CAGR"
A,ETF,ETFk12d02,U56,10.0,6W,1,0,False,0.7395234173427742,0.025253910999274654,0.7439245768467494,-0.07390157873106618,0.71479461317844,0.7720037288229689,0.6653619594424992,0.8054457797881504,0.028145142253602762,-0.07390157873106229,-,"H1,H2,OOS,CAGR"
A,ETF,ETFk12d02,U56,10.0,6W,1,1,False,0.7160129185787063,0.02572739195941587,0.7567835231589655,-0.06902210959603983,0.7584794163556489,0.7584607050745054,0.7099464384970171,0.7933223171355299,0.028030125082858737,-0.06902210959604282,-,"H1,H2,OOS,CAGR"
A,ETF,ETFk12d02,U56,10.0,6W,1,2,False,0.715145468220948,0.025293225597961655,0.7174758084428673,-0.0667879764429149,0.6467699821231249,0.7817184665499408,0.5738698791809437,0.8247044900004511,0.030734456436504853,-0.06678797644291501,-,"H1,H2,OOS,CAGR"
A,ETF,ETFk12d02,U56,10.0,6W,1,3,False,0.721688571290269,0.02498649545126952,0.7010336974340919,-0.08933020133488878,0.6888367253165177,0.7177512397043667,0.611404273563707,0.7677375680322118,0.029283809933983385,-0.089330201334889,-,"H1,H2,OOS,CAGR"
A,ETF,ETFk12d02,U56,10.0,6W,1,4,False,0.7280195611536499,0.022433722521020272,0.6027964330392361,-0.11205243482303862,0.725950713118796,0.5188807727096282,0.6538732216512706,0.5744600348421739,0.02321903721644314,-0.11205243482303906,H2,"H1,H2,OOS,CAGR"
A,ETF,ETFk12d02,U56,10.0,6W,2,0,False,0.7367123290930283,0.02152839025571751,0.5811450234463611,-0.1102212332939777,0.7439222285862153,0.46288212327283007,0.6785800623621712,0.5194349524971659,0.020672880946359662,-0.11022123329397737,H2,"H1,H2,OOS,CAGR"
A,ETF,ETFk12d02,U56,10.0,6W,2,1,False,0.7559273085541242,0.020198666809428945,0.5452069654668497,-0.10974840062778224,0.6314313607880854,0.48348840366262374,0.5569865235400023,0.5404057802141666,0.021464239855568668,-0.1097484006277828,"H1,H2","H1,H2,OOS,CAGR"
A,ETF,ETFk12d02,U56,10.0,6W,2,2,False,0.7482974078826286,0.023062307629494905,0.6221097339242114,-0.1097108819127941,0.6576711078599029,0.602882427683419,0.5891633068284049,0.6491451232445249,0.026040002551208863,-0.10971088191279454,H2,"H1,H2,OOS,CAGR"
A,ETF,ETFk12d02,U56,10.0,6W,2,3,False,0.7763049026809012,0.022259494428235493,0.599611827168645,-0.11009549072115998,0.694025830759892,0.5339720643076826,0.6390001648933549,0.5771232438869185,0.023072917635352352,-0.1100954907211602,H2,"H1,H2,OOS,CAGR"
A,ETF,ETFk12d02,U56,10.0,6W,2,4,False,0.7490874282561277,0.021456367527378895,0.575307508398786,-0.1098397591108291,0.6354650051263391,0.5353242490261675,0.5792922628861328,0.5764250468916908,0.02312922786127558,-0.10983975911082855,"H1,H2","H1,H2,OOS,CAGR"
A,ETF,ETFk12d02,U56,10.0,6W,3,0,False,0.7538953296944827,0.02020263105557052,0.5454891322439138,-0.10983975911082844,0.6228822372767541,0.49495742306251084,0.5643936497511397,0.5377504850071272,0.02162521723393329,-0.109839759110829,"H1,H2","H1,H2,OOS,CAGR"
A,ETF,ETFk12d02,U56,10.0,6W,3,1,False,0.736856316157309,0.02273079032503178,0.6081526725519835,-0.10982594283753733,0.6396074250241424,0.5946949737886151,0.5914951662017097,0.6251503504485018,0.02553572893305045,-0.10982594283753733,"H1,H2","H1,H2,OOS,CAGR"
A,ETF,ETFk12d02,U56,10.0,6W,3,2,False,0.737303554920506,0.022437486747112656,0.6020904852203636,-0.10988708407627845,0.6469976514045047,0.5781554015685116,0.5795727502293665,0.6227418738636672,0.02533193316296445,-0.10988708407627867,H2,"H1,H2,OOS,CAGR"
A,ETF,ETFk12d02,U56,10.0,6W,3,3,False,0.7219901097581399,0.02378512987379655,0.6389136778493177,-0.11019218508226847,0.6783598182208991,0.6178581750857066,0.6097339116527011,0.6637471647621701,0.026811394969979307,-0.11019218508226825,H2,"H1,H2,OOS,CAGR"
A,ETF,ETFk12d02,U56,10.0,6W,3,4,False,0.7579808722402672,0.019983623036637033,0.555144039869872,-0.11287827340995737,0.6424855259409625,0.4958586398173452,0.5850258545453629,0.5396183907390169,0.02101825033206084,-0.11287827340995749,H2,"H1,H2,OOS,CAGR"
A,ETF,ETFk12d02,U56,10.0,6W,4,0,False,0.7896529773919332,0.01876613293683249,0.5246855753451507,-0.11232708896388399,0.691049246969835,0.4086783877676895,0.651186555381785,0.4475610460623144,0.017362027780785994,-0.11232708896388366,H2,"H1,H2,OOS,CAGR"
A,ETF,ETFk12d02,U56,10.0,6W,4,1,False,0.7869430774291106,0.01795738823460402,0.4970176701431989,-0.11035713910289147,0.6435072269140343,0.3963154792858,0.5974903398876634,0.4368764145922155,0.01715128842798297,-0.11035713910289191,H2,"H1,H2,OOS,CAGR"
A,ETF,ETFk12d02,U56,10.0,6W,4,2,False,0.7570058826778909,0.019220068627410214,0.528631890499453,-0.11204364598354377,0.6845381325955288,0.42320480508398045,0.6489517014946804,0.4572989209465838,0.01812631061671577,-0.11204364598354322,H2,"H1,H2,OOS,CAGR"
A,ETF,ETFk12d02,U56,10.0,6W,4,3,False,0.7936599273020988,0.018250104717421722,0.5084504870705188,-0.09757038404864715,0.6714185193932004,0.39310248197324243,0.644862197082639,0.42343808620105816,0.01640476288746129,-0.09757038404864671,H2,"H1,H2,OOS,CAGR"
A,ETF,ETFk12d02,U56,10.0,6W,4,4,False,0.7692300853901012,0.018922070530097646,0.5278007311305507,-0.11324496658730177,0.6731897469068244,0.42600138736556675,0.651253356927506,0.45149331431752776,0.017503797992888703,-0.1132449665873021,H2,"H1,H2,OOS,CAGR"
A,ETF,ETFk12d02,U56,10.0,6W,5,0,False,0.7943750214993953,0.01856358144469339,0.5289799418912536,-0.0917598146348747,0.6251471460526058,0.4625364811821366,0.5780490389834642,0.5004569586575937,0.018986221305571593,-0.09175981463487437,"H1,H2","H1,H2,OOS,CAGR"
A,ETF,ETFk12d02,U56,10.0,6W,5,1,False,0.7866387558530784,0.01927638187616587,0.5513629807145422,-0.09242866596773136,0.558431114881152,0.5496464751794161,0.5094109271814645,0.5836256438160646,0.02158464643175484,-0.09242866596773114,"H1,H2","H1,H2,OOS,CAGR"
A,ETF,ETFk12d02,U56,10.0,6W,5,2,False,0.7871725649898459,0.020942500137945963,0.5990710308889574,-0.06871122770884741,0.5011386196040474,0.685974668343318,0.4522225711383159,0.7094532971056527,0.026105397039291045,-0.06871122770884763,"H1,H2","H1,H2,OOS,CAGR"
A,ETF,ETFk12d02,U56,10.0,6W,5,3,False,0.7580277706503509,0.022404767075919096,0.6345722825375073,-0.07223912133006105,0.48890202544041755,0.7638656103741254,0.4480939657257838,0.7765526677676848,0.028686733965047617,-0.07223912133006061,H1,"H1,H2,OOS,CAGR"
A,ETF,ETFk12d02,U56,10.0,6W,5,4,False,0.7236014171950047,0.02366267671350397,0.6778609652260223,-0.07809540963088046,0.5759699003427816,0.7696037216762803,0.536004001648153,0.7866694430324589,0.028596306987733966,-0.07809540963088091,H1,"H1,H2,OOS,CAGR"
A,ETF,ETFk12d02,U56,10.0,Q,0,0,True,0.5175272481403973,0.01827495231038556,0.48699675427560535,-0.11039157468058003,0.678697949798335,0.348876329982791,0.6180457445603039,0.40442191421973966,0.016320105077585856,-0.11039157468057947,H2,"H1,H2,OOS,CAGR"
A,ETF,ETFk12d02,U56,10.0,Q,0,1,False,0.5584169597335283,0.017462345152214453,0.46757906719276005,-0.11071081807171368,0.6509171961370278,0.33764554628696597,0.5875287219050009,0.3935457468378908,0.015870801874041884,-0.11071081807171357,H2,"H1,H2,OOS,CAGR"
A,ETF,ETFk12d02,U56,10.0,Q,0,2,False,0.5430764152768333,0.019558067160576398,0.5145992973581526,-0.11067373179502138,0.6464484045956762,0.4241622897071807,0.6003762449790656,0.46315676923051574,0.019083142395873054,-0.11067373179502127,H2,"H1,H2,OOS,CAGR"
A,ETF,ETFk12d02,U56,10.0,Q,0,3,False,0.527177729795561,0.020772329318330618,0.5584336046115943,-0.11052327481923374,0.7254413059003332,0.45248152457016333,0.6862704868717898,0.48732066352693226,0.019999218717148493,-0.11052327481923363,H2,"H1,H2,OOS,CAGR"
A,ETF,ETFk12d02,U56,10.0,Q,0,4,False,0.5258675866478172,0.019447147216471228,0.523678628067265,-0.11088429790189669,0.6968450886262739,0.41756668482325804,0.666379282037015,0.4466284595703526,0.01841102483907253,-0.11088429790189658,H2,"H1,H2,OOS,CAGR"
A,ETF,ETFk12d03,U56,10.0,D,0,0,True,3.7692924413020097,0.01994767449689605,0.6133021255252111,-0.054102844120798355,0.6223995225651896,0.6080429626436789,0.5196395231707744,0.6851054705997423,0.023209941038974113,-0.05410284412079813,"H1,H2","H1,H2,OOS,CAGR"
A,ETF,ETFk12d03,U56,10.0,2D,0,0,True,2.6494153261008195,0.02068424733497287,0.6329771604077933,-0.05799885041444541,0.6552754468952156,0.6163900204751888,0.5484657012190235,0.697860702909647,0.023745291941758895,-0.057998850414446634,H2,"H1,H2,OOS,CAGR"
A,ETF,ETFk12d03,U56,10.0,2D,1,0,False,2.6930533997699526,0.01965212577762343,0.6013166628944735,-0.05435111000712711,0.577830904382984,0.6245068151745057,0.4818429441036285,0.6921001676662557,0.02366568383075429,-0.05435111000712767,"H1,H2","H1,H2,OOS,CAGR"
A,ETF,ETFk12d03,U56,10.0,W,0,0,True,1.6988382682953505,0.020787192494536644,0.6265644934832955,-0.06767462126319523,0.6945737451668594,0.5727398160721857,0.6116883777989077,0.6390487396668607,0.02221252711938626,-0.0676746212631949,H2,"H1,H2,OOS,CAGR"
A,ETF,ETFk12d03,U56,10.0,W,0,1,False,1.6801089598985384,0.022060135091957145,0.6684047073944843,-0.06209841687605255,0.6394888984982267,0.6964309047084202,0.5408400406790496,0.766170680628444,0.026334981313571593,-0.06209841687605244,H1,"H1,H2,OOS,CAGR"
A,ETF,ETFk12d03,U56,10.0,W,0,2,False,1.695048728639898,0.02284757948051208,0.6792619140737104,-0.05599690323587636,0.6574765559178423,0.7017030945098632,0.5626399087235745,0.7674678944665334,0.027097276371005785,-0.05599690323587658,-,"H1,H2,OOS,CAGR"
A,ETF,ETFk12d03,U56,10.0,W,0,3,False,1.7076477867208686,0.02322923845011915,0.6970381655807352,-0.052215511366853096,0.680816556450963,0.7143680109785787,0.5934798964507618,0.7761854748046627,0.026998769979493575,-0.05221551136685276,-,"H1,H2,OOS,CAGR"
A,ETF,ETFk12d03,U56,10.0,W,0,4,False,1.6691554605166923,0.02221335521761758,0.6666787642074787,-0.06013170380689392,0.6354574640534284,0.6970566459566774,0.5408369411102285,0.761699782756365,0.026653465251689656,-0.06013170380689237,H1,"H1,H2,OOS,CAGR"
A,ETF,ETFk12d03,U56,10.0,2W,0,0,True,1.202291623672119,0.020761558199039687,0.6122363936087051,-0.08775540636831902,0.7467890693687794,0.5054803357771034,0.6642826587394373,0.5766731225099947,0.020591709012085957,-0.08775540636831958,H2,"H1,H2,OOS,CAGR"
A,ETF,ETFk12d03,U56,10.0,2W,0,1,False,1.2410006430951908,0.020440970582528584,0.5994175046430399,-0.08023355175978097,0.6618856920752842,0.5514122367499867,0.5747293556074486,0.6192316270402115,0.022244871480333384,-0.08023355175978086,H2,"H1,H2,OOS,CAGR"
A,ETF,ETFk12d03,U56,10.0,2W,0,2,False,1.2063105643207395,0.022483817415245078,0.6403464712199511,-0.09875582529206539,0.773771191333817,0.5405311521110499,0.7083527167587514,0.5961700260937566,0.022302766392733098,-0.09875582529206539,H2,"H1,H2,OOS,CAGR"
A,ETF,ETFk12d03,U56,10.0,2W,0,3,False,1.243931669758473,0.02180534465204742,0.6423028614251044,-0.079613537642379,0.6756755803659089,0.6183924390150867,0.5988122414436892,0.6759829791783163,0.02413458406834268,-0.07961353764237866,H2,"H1,H2,OOS,CAGR"
A,ETF,ETFk12d03,U56,10.0,2W,0,4,False,1.2338890886847291,0.019980046986795674,0.5824467128088725,-0.08608007184747812,0.5711783098931432,0.596848221905086,0.4946493637695849,0.6476102958180073,0.023669901169026897,-0.08608007184747846,"H1,H2","H1,H2,OOS,CAGR"
A,ETF,ETFk12d03,U56,10.0,2W,1,0,False,1.242341130260089,0.023431351658916855,0.6984906425162136,-0.059384864774824964,0.6464239790385109,0.7467962188875611,0.5571184308521352,0.8062382374414421,0.028253171184112524,-0.05938486477482474,-,"H1,H2,OOS,CAGR"
A,ETF,ETFk12d03,U56,10.0,2W,1,1,False,1.1950331595357813,0.026150956381284507,0.7819536045230442,-0.051472821606117325,0.6723671672669369,0.8808634814440118,0.5828715129195003,0.9348164483643658,0.03254466749423157,-0.05090079651443968,-,"H1,CAGR"
A,ETF,ETFk12d03,U56,10.0,2W,1,2,False,1.1734081396406348,0.023439997847302108,0.6887410174892687,-0.056975149572323525,0.6134720734130513,0.7567647599134473,0.5094254182211992,0.8234019566134655,0.029504245853167355,-0.05655864112860942,H1,"H1,H2,OOS,CAGR"
A,ETF,ETFk12d03,U56,10.0,2W,1,3,False,1.1585929102120989,0.02511702263920923,0.7359205986257294,-0.05599025398218027,0.6832978941264582,0.7849445638031768,0.5936543512385374,0.8435527348012462,0.030204450127932825,-0.05599025398217994,-,"H1,H2,OOS,CAGR"
A,ETF,ETFk12d03,U56,10.0,2W,1,4,False,1.1908823290488746,0.022590618783862704,0.6640544414222479,-0.0671399292788748,0.6358165878534727,0.6920788961272492,0.5448607631782438,0.7537579653621252,0.026991863428805996,-0.06713992927887513,H1,"H1,H2,OOS,CAGR"
A,ETF,ETFk12d03,U56,10.0,M,0,0,True,0.8308696605138927,0.024896511016084144,0.7293431736063182,-0.06415552905914157,0.8101579000340822,0.6600791626721574,0.7368359809709216,0.7240388624333018,0.025397174812553214,-0.0641555290591439,H2,"H1,H2,OOS,CAGR"
A,ETF,ETFk12d03,U56,10.0,M,0,1,False,0.8102736931935467,0.025309994384126844,0.7374319603125328,-0.06734681496625916,0.7135838314699029,0.760984324701655,0.6456464373218757,0.8088516549377232,0.028680426483137955,-0.06734681496625938,-,"H1,H2,OOS,CAGR"
A,ETF,ETFk12d03,U56,10.0,M,0,2,False,0.8352874884765669,0.025152383117787114,0.7011516302815275,-0.09727580739706199,0.7050414270521843,0.7042050451328967,0.6401614284931201,0.7476634221160662,0.02851296453808394,-0.09727580739706221,-,"H1,H2,OOS,CAGR"
A,ETF,ETFk12d03,U56,10.0,M,0,3,False,0.8411060736737273,0.02424887795691877,0.6685811132335672,-0.10967127282694378,0.6670681854917329,0.6785804634301896,0.5959574884251122,0.722955292181754,0.028362107272518422,-0.10967127282694411,H2,"H1,H2,OOS,CAGR"
A,ETF,ETFk12d03,U56,10.0,M,0,4,False,0.8309455594229299,0.023166260980862274,0.6155522520697412,-0.12837541581668077,0.6312640002321617,0.6164874057254491,0.5560006391634628,0.661283012627211,0.027482346046724615,-0.12837541581668055,"H1,H2","H1,H2,OOS,CAGR"
A,ETF,ETFk12d03,U56,10.0,6W,0,0,True,0.6592810914435763,0.02563282547972623,0.7245770575754821,-0.08593953389085884,0.6849792787162218,0.7633265173551008,0.5896206192993693,0.8243876970895194,0.031038680737776936,-0.08593953389085851,-,"H1,H2,OOS,CAGR"
A,ETF,ETFk12d03,U56,10.0,6W,0,1,False,0.657579458531867,0.027031815519653613,0.7612941028320734,-0.08135546093303803,0.6534973443245472,0.8559923808052191,0.5570833765542843,0.9093292025535723,0.0346566193584017,-0.08135546093303836,-,"H1,CAGR"
A,ETF,ETFk12d03,U56,10.0,6W,0,2,False,0.6787472187919966,0.026213873665812626,0.7242794294170122,-0.09331398277570324,0.6945490481612803,0.7573232444320875,0.6242273769156288,0.7977701059824784,0.031297401578734396,-0.09331398277570291,-,"H1,H2,OOS,CAGR"
A,ETF,ETFk12d03,U56,10.0,6W,0,3,False,0.6386163676807788,0.026980957229930436,0.7659129876461157,-0.08141158127140058,0.7388518364345135,0.7942351516950522,0.6595312588478361,0.8456964428037544,0.031547110688493474,-0.08141158127140058,-,"H1,H2,OOS,CAGR"
A,ETF,ETFk12d03,U56,10.0,6W,0,4,False,0.6922879518327474,0.026155428709777384,0.7357811428126181,-0.07884202793436534,0.671993634841616,0.794717918112827,0.6025030172065493,0.8334589471529947,0.031753918013280646,-0.07884202793436501,-,"H1,H2,OOS,CAGR"
A,ETF,ETFk12d03,U56,10.0,6W,1,0,False,0.6651901470691066,0.028576905498789884,0.8296819943730948,-0.06080090994632126,0.7221295730883642,0.927717767260169,0.6371918692913852,0.9796504963201307,0.03486988361989063,-0.060800909946320925,-,"H1,CAGR"
A,ETF,ETFk12d03,U56,10.0,6W,1,1,False,0.6431194103516266,0.028496026447111245,0.8232373082546056,-0.06690903945668958,0.7225925321416938,0.9135228811950875,0.63267085949262,0.9662594257376914,0.03523778240909525,-0.06690903945668969,-,"H1,CAGR"
A,ETF,ETFk12d03,U56,10.0,6W,1,2,False,0.6635537738841207,0.02699542830507129,0.7425330194030799,-0.0971190434265905,0.7136054565901816,0.7745184210169702,0.6116854402191418,0.8375675578452657,0.03290988112796023,-0.09711904342659006,-,"H1,H2,OOS,CAGR"
A,ETF,ETFk12d03,U56,10.0,6W,1,3,False,0.6829933836583695,0.028050610681506383,0.7653657133900605,-0.10954717644333001,0.815542272688849,0.7377131421402378,0.7127444998895407,0.8070106505609052,0.03211361467955265,-0.10954717644333012,-,"H1,H2,OOS,CAGR"
A,ETF,ETFk12d03,U56,10.0,6W,1,4,False,0.6710563915211819,0.025428131966782397,0.6676609158820944,-0.1281553928067949,0.8347552890293952,0.5598103670752737,0.7263195373867741,0.6386114840051372,0.02677216175632191,-0.1281553928067949,H2,"H1,H2,OOS,CAGR"
A,ETF,ETFk12d03,U56,10.0,6W,2,0,False,0.6818760008186137,0.022985869180544682,0.6070799381868899,-0.1263895648366411,0.8017201465185351,0.47613296859578785,0.6949317432740661,0.5576639838808272,0.0231180104153208,-0.12638956483664054,H2,"H1,H2,OOS,CAGR"
A,ETF,ETFk12d03,U56,10.0,6W,2,1,False,0.7044925159127366,0.021165123497630667,0.554601615575356,-0.1260236476944666,0.6978879755503631,0.45383551644864206,0.5966186321521911,0.5311270502927938,0.021932516468683882,-0.12602364769446683,H2,"H1,H2,OOS,CAGR"
A,ETF,ETFk12d03,U56,10.0,6W,2,2,False,0.6875298179152519,0.023597354946883753,0.6125595365654004,-0.1261394233094293,0.7522992736532852,0.5220627339441429,0.6492789560474387,0.5960762843894037,0.025205575177323247,-0.12613942330942984,H2,"H1,H2,OOS,CAGR"
A,ETF,ETFk12d03,U56,10.0,6W,2,3,False,0.7084709134976533,0.02372061052530583,0.6156681288302431,-0.1264001052136131,0.7909410012593794,0.4997958794006615,0.6980090186188467,0.5701317772412394,0.02407610210262967,-0.12640010521361367,H2,"H1,H2,OOS,CAGR"
A,ETF,ETFk12d03,U56,10.0,6W,2,4,False,0.7066036367773942,0.022704171192541533,0.5870703198527708,-0.12632301164559667,0.7095871057151427,0.507962671032135,0.6149932780895709,0.57555143535003,0.024389795535652903,-0.12632301164559678,H2,"H1,H2,OOS,CAGR"
A,ETF,ETFk12d03,U56,10.0,6W,3,0,False,0.7013670744347885,0.02198545424388132,0.5772560017281854,-0.12632301164559634,0.6922020018029439,0.5077565658440885,0.5900154222318554,0.5772272929468643,0.02433665709746924,-0.1263230116455969,H2,"H1,H2,OOS,CAGR"
A,ETF,ETFk12d03,U56,10.0,6W,3,1,False,0.6767028844579458,0.025132783854509233,0.657214775743976,-0.12648839193078432,0.7487984066199296,0.6095596650424575,0.6515889069055879,0.6711997361229477,0.02865149088759389,-0.12648839193078476,H2,"H1,H2,OOS,CAGR"
A,ETF,ETFk12d03,U56,10.0,6W,3,2,False,0.6860325659289893,0.022707852648904847,0.5959068469703267,-0.12649378058840643,0.6729728931784323,0.5539254806881754,0.5779522023333841,0.615394251515607,0.025985127265063745,-0.12649378058840588,H2,"H1,H2,OOS,CAGR"
A,ETF,ETFk12d03,U56,10.0,6W,3,3,False,0.6825159921526547,0.024066254031878342,0.630275890769598,-0.1268003442530583,0.6929414133021541,0.5976484062108601,0.5956269156320777,0.6602644083120426,0.027833999986659475,-0.1268003442530573,H2,"H1,H2,OOS,CAGR"
A,ETF,ETFk12d03,U56,10.0,6W,3,4,False,0.7105043520481855,0.021556597932297583,0.5786431080275,-0.12760988831547082,0.702017574813117,0.4992560230596021,0.6252401664368841,0.5550988269600039,0.022652433981640074,-0.12760988831547082,H2,"H1,H2,OOS,CAGR"
A,ETF,ETFk12d03,U56,10.0,6W,4,0,False,0.7210903606293368,0.020536375317706357,0.552370754749463,-0.12455133996457846,0.7424618322876906,0.4267216704748462,0.6517369902349628,0.4964160704379968,0.020257100743296563,-0.12455133996457812,H2,"H1,H2,OOS,CAGR"
A,ETF,ETFk12d03,U56,10.0,6W,4,1,False,0.7250093608218425,0.02101226002325518,0.5708171270962914,-0.12029550147704182,0.7118298670757345,0.47721214297605985,0.6017868691359372,0.5570538574457298,0.022455222896853977,-0.12029550147704138,H2,"H1,H2,OOS,CAGR"
A,ETF,ETFk12d03,U56,10.0,6W,4,2,False,0.704523083208115,0.02278894457297609,0.6103282143275831,-0.12922479189668423,0.7430358791049908,0.5259393028118913,0.645709337499523,0.5950725299023966,0.024434171875842514,-0.12922479189668346,H2,"H1,H2,OOS,CAGR"
A,ETF,ETFk12d03,U56,10.0,6W,4,3,False,0.7310872134774088,0.02294502915181562,0.6192586058200189,-0.11940656758241419,0.7818967009881527,0.5115206426499829,0.6888384913294784,0.5813524639341412,0.023584638456336737,-0.11940656758241386,H2,"H1,H2,OOS,CAGR"
A,ETF,ETFk12d03,U56,10.0,6W,4,4,False,0.7303594802137666,0.021419476603715237,0.576573518994527,-0.1357298146026732,0.7768446576979546,0.44259065862246755,0.6852831675317677,0.5141397684287716,0.020916700067791894,-0.13572981460267242,H2,"H1,H2,OOS,CAGR"
A,ETF,ETFk12d03,U56,10.0,6W,5,0,False,0.7152439856708285,0.022400854229893685,0.6189780897211157,-0.09367964425616704,0.7004996783773202,0.5649932897544885,0.6031094710301547,0.634523946516496,0.024864581274465225,-0.09367964425616704,H2,"H1,H2,OOS,CAGR"
A,ETF,ETFk12d03,U56,10.0,6W,5,1,False,0.7353342420474102,0.02199187228135946,0.6174202355665811,-0.09858140196093401,0.7055636804802164,0.5517788859128088,0.6047555778268142,0.6291517121733804,0.023828802472733335,-0.09858140196093435,H2,"H1,H2,OOS,CAGR"
A,ETF,ETFk12d03,U56,10.0,6W,5,2,False,0.729580126527011,0.0235783791655213,0.6645557811054265,-0.07217892694571593,0.644612017470854,0.6866067893426804,0.537041246820523,0.7588486712709718,0.028643789203445458,-0.07217892694571582,H2,"H1,H2,OOS,CAGR"
A,ETF,ETFk12d03,U56,10.0,6W,5,3,False,0.696074297176566,0.024674761591493066,0.6977441432044321,-0.06085512438153984,0.5700324707308626,0.8090309879912996,0.48047956086051347,0.8578270645680449,0.03226018580728862,-0.06085512438154017,H1,"H1,H2,OOS,CAGR"
A,ETF,ETFk12d03,U56,10.0,6W,5,4,False,0.6985142722063478,0.02494802068900781,0.7139504056937053,-0.06618018332819631,0.6289018545397285,0.7901029077039371,0.5429199220232607,0.8410300245443871,0.03112665017079097,-0.06618018332819597,H1,"H1,H2,OOS,CAGR"
A,ETF,ETFk12d03,U56,10.0,Q,0,0,True,0.49480369293585835,0.020689337995679402,0.538986519016325,-0.12935003186267824,0.6906848832089296,0.43771064535758086,0.6243934115403302,0.4893752319057162,0.020469701807605434,-0.12935003186267835,H2,"H1,H2,OOS,CAGR"
A,ETF,ETFk12d03,U56,10.0,Q,0,1,False,0.5135665266739146,0.02178346659613184,0.5580584455475491,-0.129587166209155,0.7158270172342036,0.45763378237545366,0.6278549963173039,0.5217065871775826,0.022447366741373376,-0.12958716620915522,H2,"H1,H2,OOS,CAGR"
A,ETF,ETFk12d03,U56,10.0,Q,0,2,False,0.5061899040635971,0.022289327810396165,0.5623834923023121,-0.12935475650768757,0.6346415190860346,0.5213449235385417,0.5594815218036799,0.5709342356000658,0.02489070276384009,-0.12935475650768746,"H1,H2","H1,H2,OOS,CAGR"
A,ETF,ETFk12d03,U56,10.0,Q,0,3,False,0.4898296301041271,0.0247040372190368,0.6378845528523707,-0.1292141739459054,0.7578184546902171,0.5708788494551528,0.6888428916587366,0.616948237723608,0.02662160728644203,-0.1292141739459055,H2,"H1,H2,OOS,CAGR"
A,ETF,ETFk12d03,U56,10.0,Q,0,4,False,0.49991174145196066,0.021549741700519043,0.5575536238485463,-0.12946089420738194,0.7006485648499738,0.4742601402021223,0.63685032369513,0.5190695154865769,0.022361380587302193,-0.12946089420738183,H2,"H1,H2,OOS,CAGR"
A,ETF,ETFk12d04,U56,10.0,D,0,0,True,4.307030560447057,0.023657537149114338,0.5832790237840707,-0.09193390074576235,0.6920095888253481,0.4729618161913402,0.6189215690841988,0.5522029329624283,0.021560738139149382,-0.09193390074576135,H2,"H1,H2,OOS,CAGR"
A,ETF,ETFk12d04,U56,10.0,2D,0,0,True,3.043398613350552,0.0254228863468553,0.6240112440854897,-0.09167715845600788,0.7181726591133337,0.5280855997862405,0.637314851368141,0.6129432997349744,0.024035663654159656,-0.09167715845601032,H2,"H1,H2,OOS,CAGR"
A,ETF,ETFk12d04,U56,10.0,2D,1,0,False,3.0066691397425176,0.024917415568253443,0.6097023939709411,-0.08754292445699485,0.6919734742021608,0.5268046136246037,0.6159520867906423,0.6047416170985231,0.023928083204709738,-0.08754292445699396,H2,"H1,H2,OOS,CAGR"
A,ETF,ETFk12d04,U56,10.0,W,0,0,True,1.9009155795545187,0.026398748704919317,0.6408716174957675,-0.08450968586438257,0.7324645430326419,0.5482634237577988,0.6547766558847599,0.6292016200406196,0.025035745514560226,-0.08450968586438445,H2,"H1,H2,OOS,CAGR"
A,ETF,ETFk12d04,U56,10.0,W,0,1,False,1.9102970208157064,0.028706477382021367,0.6909840698189812,-0.07982417825369736,0.778618320276362,0.6017493419604233,0.7036271219587515,0.6806037649982,0.027209657174118496,-0.07982417825370003,H2,"H1,H2,OOS,CAGR"
A,ETF,ETFk12d04,U56,10.0,W,0,2,False,1.9944404994185496,0.026664340553900434,0.6442923107926611,-0.0866230816903748,0.681822798633748,0.6066686774524114,0.6047511594638472,0.6795033904397438,0.02739181944798319,-0.08662308169037469,H2,"H1,H2,OOS,CAGR"
A,ETF,ETFk12d04,U56,10.0,W,0,3,False,1.9665392156108397,0.027922574290041746,0.674487270477212,-0.08046793654395312,0.7362803556635439,0.6117380365422725,0.6665313569899753,0.6823775678250301,0.027277254517191096,-0.08046793654395301,H2,"H1,H2,OOS,CAGR"
A,ETF,ETFk12d04,U56,10.0,W,0,4,False,1.9130035308199524,0.026477155364782456,0.6403231625684551,-0.07531190165782853,0.6786176867553874,0.6012694282753214,0.5979492902151632,0.6791007840716068,0.027122504080714815,-0.0681208410530263,H2,"H1,H2,OOS,CAGR"
A,ETF,ETFk12d04,U56,10.0,2W,0,0,True,1.3779425315106464,0.028572225092720727,0.6815301326485256,-0.08667483487315286,0.7537458532071528,0.6076864316403262,0.6783273142076022,0.6854669426953965,0.027617470920321185,-0.07833719827447116,H2,"H1,H2,OOS,CAGR"
A,ETF,ETFk12d04,U56,10.0,2W,0,1,False,1.3867908705011849,0.02924923922112921,0.6914657302561663,-0.08147293401716449,0.7643012375924251,0.6188449835176416,0.6901020578982855,0.6930945177987026,0.028529171345784476,-0.07241203941960317,H2,"H1,H2,OOS,CAGR"
A,ETF,ETFk12d04,U56,10.0,2W,0,2,False,1.364853205200402,0.03046307301067719,0.7137431224291116,-0.0856953418488976,0.8262369173366252,0.6050033006503274,0.7655953091673665,0.6695637997479013,0.028076286936212558,-0.08569534184889716,H2,"H1,H2,OOS,CAGR"
A,ETF,ETFk12d04,U56,10.0,2W,0,3,False,1.3825367858267834,0.029236038315135326,0.6918930969114235,-0.07755023486508661,0.7830244817760182,0.6017741748423439,0.7161030583712673,0.6711376588984681,0.027651562167628985,-0.07755023486508683,H2,"H1,H2,OOS,CAGR"
A,ETF,ETFk12d04,U56,10.0,2W,0,4,False,1.409330240129256,0.027249423740695278,0.6488037046538104,-0.07477162104190327,0.6866625193675916,0.6110109226679877,0.6147695003713401,0.6790441276840516,0.027806584342949137,-0.07477162104190294,H2,"H1,H2,OOS,CAGR"
A,ETF,ETFk12d04,U56,10.0,2W,1,0,False,1.337494448887422,0.029763066239695712,0.7096843973071252,-0.07736986783855027,0.7596123468954303,0.6588745951000443,0.6856534060800779,0.7320945826979522,0.02962499193569368,-0.07736986783855115,H2,"H1,H2,OOS,CAGR"
A,ETF,ETFk12d04,U56,10.0,2W,1,1,False,1.3194220033919393,0.029155439438487418,0.6913115312482194,-0.08955904996847597,0.7012311648776094,0.6811091501067005,0.6382087210163772,0.7414274990296708,0.029900017452942684,-0.08955904996847519,H2,"H1,H2,OOS,CAGR"
A,ETF,ETFk12d04,U56,10.0,2W,1,2,False,1.3645280944418572,0.026515920770947332,0.6296637463017107,-0.10150206654621496,0.6548877211844999,0.603745834369782,0.5765000698228314,0.6787696770926903,0.027508406694223053,-0.10150206654621086,H2,"H1,H2,OOS,CAGR"
A,ETF,ETFk12d04,U56,10.0,2W,1,3,False,1.3561714587112503,0.02818336545873934,0.6660824713125445,-0.08439354498251528,0.6731136240781369,0.6588347133940509,0.6063107920425737,0.721350480299607,0.029351646144307963,-0.08439354498251628,H2,"H1,H2,OOS,CAGR"
A,ETF,ETFk12d04,U56,10.0,2W,1,4,False,1.3538575401584616,0.027788197580852714,0.6574979360317988,-0.0953318317679247,0.7101490861834985,0.6034950668616003,0.629447286583166,0.6839202848445055,0.027780255257401132,-0.07284373888163553,H2,"H1,H2,OOS,CAGR"
A,ETF,ETFk12d04,U56,10.0,M,0,0,True,0.9108389556634623,0.03250066875921598,0.7610278017544765,-0.06536896629987476,0.8063483330111455,0.7132278119527643,0.7342102446341298,0.7896040883046167,0.03165173529769216,-0.06464937926605063,-,"H1,H2,OOS,CAGR"
A,ETF,ETFk12d04,U56,10.0,M,0,1,False,0.9639783999439997,0.030936694016155064,0.7177014259753312,-0.08224320456660039,0.7296519996551332,0.7055439924385162,0.6515545784894637,0.7823706169055393,0.031862760113086086,-0.0716034493147143,-,"H1,H2,OOS,CAGR"
A,ETF,ETFk12d04,U56,10.0,M,0,2,False,0.9820916268018806,0.029550218215455892,0.6833241916093272,-0.08969812868021487,0.7267535148535609,0.6379850258471931,0.6529051899232249,0.713530656063038,0.02928301537028366,-0.08969812868021443,H2,"H1,H2,OOS,CAGR"
A,ETF,ETFk12d04,U56,10.0,M,0,3,False,0.9528431634046034,0.02885859155689774,0.6473926950872678,-0.10991554614805887,0.6977127475232469,0.5988867601054835,0.614861426989464,0.6751426291736369,0.02972636122045258,-0.10991554614805865,H2,"H1,H2,OOS,CAGR"
A,ETF,ETFk12d04,U56,10.0,M,0,4,False,0.9310312032566195,0.029831807143965383,0.6625585459853252,-0.1157204871906028,0.7113949350310301,0.6182719995916177,0.6226900735323146,0.6949917978014197,0.031521062154626245,-0.11572048719060235,H2,"H1,H2,OOS,CAGR"
A,ETF,ETFk12d04,U56,10.0,6W,0,0,True,0.7513807558904988,0.034112821292810125,0.7863018556980003,-0.07867667117057031,0.769581006782117,0.8035944878981764,0.6879253129476,0.8775860564484058,0.036519341209902745,-0.07867667117057076,-,"H1,H2,OOS,CAGR"
A,ETF,ETFk12d04,U56,10.0,6W,0,1,False,0.7379748639790493,0.035800292460225425,0.8233473661235684,-0.07254950618677636,0.7896852042510205,0.8575817436741643,0.7075704440576182,0.9288254632715791,0.038987609773154075,-0.07254950618677714,-,"H1,CAGR"
A,ETF,ETFk12d04,U56,10.0,6W,0,2,False,0.7173343813244168,0.03602342815837001,0.8218919688831421,-0.07580482023168955,0.8319805511384971,0.8116057276561873,0.7669392714773743,0.8712221872512038,0.03708146065551565,-0.07580482023168966,-,"H1,H2,OOS,CAGR"
A,ETF,ETFk12d04,U56,10.0,6W,0,3,False,0.6900620226622082,0.036241523212131144,0.8302548177424195,-0.073847898844836,0.8432744988562348,0.8168518070250479,0.7694291302075936,0.8868410127908921,0.037169839688715456,-0.07384789884483578,-,"H1,H2,CAGR"
A,ETF,ETFk12d04,U56,10.0,6W,0,4,False,0.7582108016641839,0.034292101895591065,0.7985399459895027,-0.07762319606518042,0.8369393531047777,0.7597706046069351,0.7739321453073801,0.8211589845624033,0.03415062049496265,-0.07762319606518109,-,"H1,H2,OOS,CAGR"
A,ETF,ETFk12d04,U56,10.0,6W,1,0,False,0.7125121710238688,0.03412744537152168,0.8000508889023871,-0.0694827048399308,0.8380323477023,0.7601929041982847,0.7753177351194492,0.8267139225695228,0.03311349596484536,-0.0668335373767267,-,"H1,H2,OOS,CAGR"
A,ETF,ETFk12d04,U56,10.0,6W,1,1,False,0.6995583355420995,0.03406867812236247,0.7870829597402064,-0.07611481640990814,0.8196045770356684,0.7533813316555064,0.7567837995825194,0.8169311437498881,0.033665121866741865,-0.07091767703790508,-,"H1,H2,OOS,CAGR"
A,ETF,ETFk12d04,U56,10.0,6W,1,2,False,0.7462482817884223,0.03209120802637333,0.7388962093689878,-0.0788877498859396,0.7782479801333578,0.6987395428422561,0.7023760038578332,0.7727360845416236,0.03234476011831022,-0.07601225095254205,-,"H1,H2,OOS,CAGR"
A,ETF,ETFk12d04,U56,10.0,6W,1,3,False,0.7447024735691057,0.033035402865402075,0.7388691728526755,-0.10833599584596709,0.8359789202974195,0.6470392435318881,0.7555529723580043,0.7247782633517432,0.0321610703463866,-0.1083359958459672,H2,"H1,H2,OOS,CAGR"
A,ETF,ETFk12d04,U56,10.0,6W,1,4,False,0.7216777422099662,0.031867180086861735,0.6975827011065716,-0.11545332538037201,0.8362867621654921,0.5681752681998015,0.7540338330809806,0.6507319361241368,0.029587062744889314,-0.11545332538037167,H2,"H1,H2,OOS,CAGR"
A,ETF,ETFk12d04,U56,10.0,6W,2,0,False,0.7170725163740703,0.03084114920536174,0.6700537518844807,-0.12450177840252574,0.8442236869710046,0.5106264087126527,0.7680520051441467,0.5901893135906133,0.027143972884640544,-0.12450177840252596,H2,"H1,H2,OOS,CAGR"
A,ETF,ETFk12d04,U56,10.0,6W,2,1,False,0.753305769137047,0.029423362842349032,0.6411191292329319,-0.12441442924093504,0.8084062444909191,0.48876919116691225,0.7335572865907308,0.5661179695089452,0.026007675190580892,-0.12441442924093538,H2,"H1,H2,OOS,CAGR"
A,ETF,ETFk12d04,U56,10.0,6W,2,2,False,0.7345257574385241,0.030840289039449242,0.6623316680924152,-0.12425898229813825,0.8193135949835566,0.5250600263943629,0.7393384026896858,0.6020799585472442,0.02848817113606139,-0.12425898229813848,H2,"H1,H2,OOS,CAGR"
A,ETF,ETFk12d04,U56,10.0,6W,2,3,False,0.76382553274135,0.032280039745178346,0.6918982906518876,-0.12475505573766288,0.8521426454006218,0.5515813626043723,0.7857893364362776,0.6182668265184903,0.029269485291383512,-0.12475505573766277,H2,"H1,H2,OOS,CAGR"
A,ETF,ETFk12d04,U56,10.0,6W,2,4,False,0.7863494623900981,0.030822456059760528,0.6644931682188742,-0.12510604881555354,0.8230574018857858,0.5260488519494035,0.7516367296675698,0.5963821490714104,0.02810517724136785,-0.12510604881555354,H2,"H1,H2,OOS,CAGR"
A,ETF,ETFk12d04,U56,10.0,6W,3,0,False,0.7882472978195411,0.029574702788089713,0.6434321533779482,-0.1251060488155532,0.8442028269137084,0.4747320086219809,0.7756987439096463,0.544069257108295,0.02567058782546283,-0.12510604881555332,H2,"H1,H2,OOS,CAGR"
A,ETF,ETFk12d04,U56,10.0,6W,3,1,False,0.7982228562366531,0.028953607905624734,0.629277089375681,-0.12510242279967065,0.811984048819277,0.4720674149189906,0.7530429199647576,0.5343427482827381,0.025064725706781754,-0.12510242279967043,H2,"H1,H2,OOS,CAGR"
A,ETF,ETFk12d04,U56,10.0,6W,3,2,False,0.8014960480633723,0.026498160894071088,0.581358897621465,-0.12503277369271748,0.7345771270992789,0.45093120239953405,0.6567510638219154,0.5240233705052093,0.024473050908528915,-0.1250327736927178,H2,"H1,H2,OOS,CAGR"
A,ETF,ETFk12d04,U56,10.0,6W,3,3,False,0.7885985091668137,0.028385908307701158,0.6179375776457845,-0.1252897297550285,0.7556924568677257,0.49863757801381314,0.6782494981191673,0.5712127274955202,0.026761952661791488,-0.1252897297550285,H2,"H1,H2,OOS,CAGR"
A,ETF,ETFk12d04,U56,10.0,6W,3,4,False,0.8111115569379246,0.0252161674992899,0.5607087391888418,-0.1257489614505577,0.7267251057473897,0.4106201254386583,0.646124965385086,0.49186039213964516,0.022179115044387743,-0.1257489614505577,H2,"H1,H2,OOS,CAGR"
A,ETF,ETFk12d04,U56,10.0,6W,4,0,False,0.8265285173883877,0.026543592425477103,0.5875510453917331,-0.1263858601547384,0.8071224512814674,0.390982346762179,0.7341073088486677,0.47113050765134945,0.021345963134515644,-0.12638586015473763,H2,"H1,H2,OOS,CAGR"
A,ETF,ETFk12d04,U56,10.0,6W,4,1,False,0.8158568558566495,0.025892708315921498,0.5774091366965327,-0.1253039036172755,0.7369601291044462,0.4354285853261239,0.6563486872986551,0.5147289158779531,0.023302170606816386,-0.12530390361727528,H2,"H1,H2,OOS,CAGR"
A,ETF,ETFk12d04,U56,10.0,6W,4,2,False,0.7995367740035156,0.028430703592960738,0.6369842120019388,-0.14035747346276772,0.8667993254661484,0.43591833018852016,0.7931877079996498,0.515530278166112,0.023295962133701442,-0.1403574734627674,"H2,DD","H1,H2,OOS,CAGR"
A,ETF,ETFk12d04,U56,10.0,6W,4,3,False,0.8117780689441343,0.02600449607063271,0.5837779838532005,-0.12568034905254122,0.8396453202166334,0.355517801584459,0.7757336228510493,0.4318498334293894,0.01922135686806814,-0.1256803490525379,H2,"H1,H2,OOS,CAGR"
A,ETF,ETFk12d04,U56,10.0,6W,4,4,False,0.8086938492363934,0.025704836647514995,0.5726422914615247,-0.14183572206931527,0.8174235774429511,0.35066896140247183,0.7511946751329568,0.4289926048050375,0.019126476391603253,-0.14183572206931527,"H2,DD","H1,H2,OOS,CAGR"
A,ETF,ETFk12d04,U56,10.0,6W,5,0,False,0.8122723459251687,0.025903680358480008,0.5841765343801677,-0.10927980632684353,0.7321443257244659,0.4451306542016584,0.6481022680425433,0.530814241648986,0.023316259455298027,-0.10927980632684331,H2,"H1,H2,OOS,CAGR"
A,ETF,ETFk12d04,U56,10.0,6W,5,1,False,0.7974237335894978,0.02643023668557065,0.596055770406248,-0.1088624631825682,0.7155845266514945,0.47923792401395443,0.6325740580663828,0.564679279285106,0.024461228441172933,-0.10886246318256854,H2,"H1,H2,OOS,CAGR"
A,ETF,ETFk12d04,U56,10.0,6W,5,2,False,0.8165186472524759,0.02719624174575519,0.6134210365931041,-0.0948122093584306,0.6861225343383721,0.5399827242644671,0.6039509434578354,0.6225423442581245,0.026682170139201267,-0.0948122093584316,H2,"H1,H2,OOS,CAGR"
A,ETF,ETFk12d04,U56,10.0,6W,5,3,False,0.7672690136515083,0.030700046542588844,0.699912413393995,-0.07497874858868914,0.6995946633385589,0.700131158280732,0.6336277694064286,0.7603791665104053,0.03221039429406214,-0.07497874858869047,-,"H1,H2,OOS,CAGR"
A,ETF,ETFk12d04,U56,10.0,6W,5,4,False,0.7755774147666534,0.030682283310978997,0.7021079255646886,-0.07658666249025758,0.756033156969152,0.6473653442477116,0.6774176562443964,0.7251135437363428,0.030575384874107714,-0.0765866624902577,H2,"H1,H2,OOS,CAGR"
A,ETF,ETFk12d04,U56,10.0,Q,0,0,True,0.5449126150128377,0.027311198835852313,0.588517929889758,-0.12563167323982216,0.7644068330211958,0.4260579222733152,0.6919230107309391,0.5034266735327928,0.023190148229862872,-0.12563167323982183,H2,"H1,H2,OOS,CAGR"
A,ETF,ETFk12d04,U56,10.0,Q,0,1,False,0.5625547489556753,0.025336440598979326,0.5402101003672645,-0.12575113775904634,0.7354752357350731,0.3697997652009895,0.6598347568930029,0.44687332574594224,0.02117407068232069,-0.12575113775904656,H2,"H1,H2,OOS,CAGR"
A,ETF,ETFk12d04,U56,10.0,Q,0,2,False,0.5381158489408399,0.026922049864018804,0.5720031605575226,-0.12564962332941065,0.7442864410695064,0.41895889251605717,0.6678232175682418,0.49581695236276896,0.023496138865098493,-0.12564962332941065,H2,"H1,H2,OOS,CAGR"
A,ETF,ETFk12d04,U56,10.0,Q,0,3,False,0.5288680855615052,0.030145980242918258,0.6428133514218022,-0.1253628251765906,0.8085068424008852,0.4996796945392241,0.7361329662445455,0.5704856649521018,0.027237942253915293,-0.12536282517659048,H2,"H1,H2,OOS,CAGR"
A,ETF,ETFk12d04,U56,10.0,Q,0,4,False,0.5529793156967385,0.02827726426370325,0.6035364956738506,-0.12966329545076205,0.7837955471276272,0.45406642734947433,0.7094264319745517,0.5248165071994573,0.025336040222334155,-0.12966329545076394,H2,"H1,H2,OOS,CAGR"
A,ETF,ETFk12d05,U56,10.0,D,0,0,True,4.140016135741289,0.023832366503760083,0.5865549813327889,-0.07937567955435532,0.6731920580690135,0.5012056681041368,0.5465962644254466,0.6204798655043302,0.024958945941564004,-0.07937567955435598,H2,"H1,H2,OOS,CAGR"
A,ETF,ETFk12d05,U56,10.0,2D,0,0,True,2.9108522262798897,0.0254037876599571,0.6198613267300566,-0.08550315088207283,0.7326212919593647,0.5095858674251508,0.6103230052128371,0.6278564714215624,0.025490571627622582,-0.08550315088207183,H2,"H1,H2,OOS,CAGR"
A,ETF,ETFk12d05,U56,10.0,2D,1,0,False,2.8635650292901675,0.025667331868726162,0.6249036708670481,-0.07278851798529085,0.6603029507796377,0.5904365342401744,0.5378917250126944,0.6979567935671868,0.028585318517649227,-0.07016088904295259,H2,"H1,H2,OOS,CAGR"
A,ETF,ETFk12d05,U56,10.0,W,0,0,True,1.8061880180864456,0.028133596453304488,0.6750114063760829,-0.07863157605032922,0.7722359732545637,0.5829704950113739,0.6585281375022135,0.688410432558232,0.02878736857889308,-0.07863157605032989,H2,"H1,H2,OOS,CAGR"
A,ETF,ETFk12d05,U56,10.0,W,0,1,False,1.8188594459963263,0.027077880727581327,0.6502826821971412,-0.07645379592761437,0.7005948164407139,0.6006327262832734,0.5791966921834929,0.7108322536578151,0.029307460757901138,-0.07645379592761337,H2,"H1,H2,OOS,CAGR"
A,ETF,ETFk12d05,U56,10.0,W,0,2,False,1.825573485517721,0.028584129511940004,0.6819711392445932,-0.08290613986456663,0.7256815263508284,0.639822711762622,0.609845473045492,0.7420903878843405,0.03106372222578524,-0.07714641497388963,H2,"H1,H2,OOS,CAGR"
A,ETF,ETFk12d05,U56,10.0,W,0,3,False,1.8366987892027786,0.02732514602875047,0.6531355977919293,-0.08482270766666433,0.7365454763287631,0.5727467512305332,0.618240524004072,0.6821285708537307,0.02846274995062914,-0.08482270766666411,H2,"H1,H2,OOS,CAGR"
A,ETF,ETFk12d05,U56,10.0,W,0,4,False,1.7750455357720865,0.026857507680088766,0.6431458007637589,-0.07578530327724875,0.7139834540932704,0.574388003433935,0.5951644388706075,0.6833333281281083,0.028403782176710912,-0.07578530327724853,H2,"H1,H2,OOS,CAGR"
A,ETF,ETFk12d05,U56,10.0,2W,0,0,True,1.2428780077963335,0.029041781438508663,0.6805708491009105,-0.09464157444977517,0.822521024897883,0.5467583868921531,0.7134928541559648,0.653473283497738,0.027924936805598932,-0.09464157444977417,H2,"H1,H2,OOS,CAGR"
A,ETF,ETFk12d05,U56,10.0,2W,0,1,False,1.241587165032594,0.028835574323647473,0.6687816940320368,-0.07892779253594251,0.8071660094546803,0.5383178786770494,0.6949291795663762,0.6472139702855825,0.027943932190019893,-0.07892779253594107,H2,"H1,H2,OOS,CAGR"
A,ETF,ETFk12d05,U56,10.0,2W,0,2,False,1.2841116856477037,0.029077143740089184,0.6682936197455128,-0.08930109132026842,0.8338924944937081,0.5175784839011083,0.7347815377272102,0.6155151222212679,0.02710736767784505,-0.0893010913202682,H2,"H1,H2,OOS,CAGR"
A,ETF,ETFk12d05,U56,10.0,2W,0,3,False,1.3562081811611417,0.025729630893476685,0.6102473145188856,-0.0997182535375738,0.7468281430459293,0.4818814182345813,0.6403051552738743,0.5856378493049431,0.024774415560786744,-0.09971825353757402,H2,"H1,H2,OOS,CAGR"
A,ETF,ETFk12d05,U56,10.0,2W,0,4,False,1.3228887053944043,0.024040462397318496,0.5630474033226974,-0.10022720372364657,0.6724726404277555,0.4612106004670386,0.5655492064793427,0.5609490336283706,0.024141366389615504,-0.10022720372364624,H2,"H1,H2,OOS,CAGR"
A,ETF,ETFk12d05,U56,10.0,2W,1,0,False,1.288402780875677,0.02831520254010389,0.6722884090755005,-0.08842231294696279,0.738225075134324,0.6077870877726755,0.6337486332646285,0.7048040963417719,0.029438252319276215,-0.08842231294696346,H2,"H1,H2,OOS,CAGR"
A,ETF,ETFk12d05,U56,10.0,2W,1,1,False,1.2967811430160265,0.028743685489071025,0.682705179923414,-0.08592435296609702,0.7099802668449812,0.6551205412234341,0.6048489886445876,0.7507424537854118,0.030991659788545123,-0.08592435296609802,H2,"H1,H2,OOS,CAGR"
A,ETF,ETFk12d05,U56,10.0,2W,1,2,False,1.253412280020941,0.028257953491841903,0.66636679250012,-0.0829079980294779,0.7407021494656953,0.5932248257079581,0.6277216597853085,0.699260671677525,0.02931442067639689,-0.08290799802947757,H2,"H1,H2,OOS,CAGR"
A,ETF,ETFk12d05,U56,10.0,2W,1,3,False,1.2530490666785865,0.029173561563153205,0.676057506905909,-0.07859902540709451,0.7437148493806697,0.6088740186397811,0.6315789159615983,0.7144141605614381,0.030345462260944478,-0.07859902540709451,H2,"H1,H2,OOS,CAGR"
A,ETF,ETFk12d05,U56,10.0,2W,1,4,False,1.26059769368228,0.02663279392690643,0.6209129127377773,-0.08408304547329204,0.7040450520633879,0.5396486651117827,0.5886403926634551,0.6482173625070243,0.027542556725808964,-0.08408304547329204,H2,"H1,H2,OOS,CAGR"
A,ETF,ETFk12d05,U56,10.0,M,0,0,True,0.8862419612084653,0.03188724294111278,0.7344727242180563,-0.08961982607134422,0.8579882780932877,0.6085043921219452,0.7637112321511172,0.7092916319846501,0.02979555975701964,-0.089619826071343,H2,"H1,H2,OOS,CAGR"
A,ETF,ETFk12d05,U56,10.0,M,0,1,False,0.8295062986732915,0.03206012784538825,0.735889412861056,-0.07468992737536517,0.8008283252118377,0.6688576970556263,0.7082440981553461,0.7616540296590066,0.031996423554146114,-0.07468992737536473,H2,"H1,H2,OOS,CAGR"
A,ETF,ETFk12d05,U56,10.0,M,0,2,False,0.8535878414158397,0.02911786355172241,0.6590386824774223,-0.09412683065858785,0.7481382967497435,0.5715216535612376,0.6561903567729386,0.6614920390453437,0.02880681676501684,-0.09412683065858773,H2,"H1,H2,OOS,CAGR"
A,ETF,ETFk12d05,U56,10.0,M,0,3,False,0.8743029236744172,0.027063482713048037,0.6005444402110119,-0.10265338236161548,0.6624340489052045,0.5417527176629904,0.5554136042424536,0.6378765692348788,0.02877170383565275,-0.10265338236161758,H2,"H1,H2,OOS,CAGR"
A,ETF,ETFk12d05,U56,10.0,M,0,4,False,0.8958737863282826,0.02306589651752211,0.4900211110803914,-0.14986758378118348,0.6160405553007077,0.38643431580164517,0.5055888609088139,0.47968785766568184,0.023582598081392625,-0.14986758378118314,"H1,H2,DD","H1,H2,OOS,CAGR"
A,ETF,ETFk12d05,U56,10.0,6W,0,0,True,0.7127949455810965,0.03125270944098957,0.7026008621985094,-0.08935505811064814,0.7436612160398303,0.6616563102512617,0.6457122607676175,0.7519941613525727,0.032857874837791456,-0.08935505811064803,H2,"H1,H2,OOS,CAGR"
A,ETF,ETFk12d05,U56,10.0,6W,0,1,False,0.6730902432647052,0.03360804495638381,0.7514199869303407,-0.08352480027149578,0.8094204565331395,0.695276409726554,0.7123408127212854,0.7842576887221105,0.03482832451221851,-0.08352480027149589,-,"H1,H2,OOS,CAGR"
A,ETF,ETFk12d05,U56,10.0,6W,0,2,False,0.6890728813575796,0.032717587071075194,0.7237369845002881,-0.08411889937670558,0.7928505224909522,0.6585009361243033,0.7041192084971085,0.7397970376999867,0.033466812479343355,-0.08411889937670636,H2,"H1,H2,OOS,CAGR"
A,ETF,ETFk12d05,U56,10.0,6W,0,3,False,0.6654507870204184,0.03274262894097624,0.7464073695417394,-0.07703731218884946,0.851107416073538,0.6451576491195424,0.7506245599822896,0.742761396893799,0.03233366068358756,-0.07703731218884757,H2,"H1,H2,OOS,CAGR"
A,ETF,ETFk12d05,U56,10.0,6W,0,4,False,0.7100196377104261,0.03057325377291842,0.6963059204736851,-0.0887651141950424,0.8210646954282937,0.5802560152066354,0.7294865739303302,0.6692687743606534,0.029543343189462057,-0.08876511419504418,H2,"H1,H2,OOS,CAGR"
A,ETF,ETFk12d05,U56,10.0,6W,1,0,False,0.6921141233360103,0.03222497688255088,0.7396575970232133,-0.07888050274287228,0.8282423818769792,0.650127003913779,0.740453267773419,0.7394026610857856,0.031357078926183224,-0.07888050274287395,H2,"H1,H2,OOS,CAGR"
A,ETF,ETFk12d05,U56,10.0,6W,1,1,False,0.6730893893461086,0.03221080351561567,0.739310505616539,-0.08150858929369897,0.8423879866831405,0.6389028046093616,0.7586035343362358,0.7229517625221223,0.031137711942316626,-0.08150858929369909,H2,"H1,H2,OOS,CAGR"
A,ETF,ETFk12d05,U56,10.0,6W,1,2,False,0.6754302868324573,0.03107221853524056,0.6865569477087021,-0.08600705443946344,0.7860056102573966,0.5945006687455872,0.6866178720482158,0.6864088598475837,0.03129256981128514,-0.08600705443946322,H2,"H1,H2,OOS,CAGR"
A,ETF,ETFk12d05,U56,10.0,6W,1,3,False,0.683005970317212,0.03244494083172533,0.7172918616484142,-0.09793067975980707,0.8365541388092438,0.609045290961958,0.7378942678584623,0.700898119859621,0.03214274795920913,-0.09793067975980774,H2,"H1,H2,OOS,CAGR"
A,ETF,ETFk12d05,U56,10.0,6W,1,4,False,0.7008487360697074,0.028421374783027087,0.588720341634265,-0.14579971831921745,0.8322361561612512,0.39321520653225983,0.7293256313636057,0.4898241510931974,0.024702196909620167,-0.14579971831921745,"H2,DD","H1,H2,OOS,CAGR"
A,ETF,ETFk12d05,U56,10.0,6W,2,0,False,0.6908571182039408,0.027642769847225912,0.5658770455214198,-0.1542048798077219,0.8264984616686721,0.3617677844828729,0.7286405234256956,0.45401512486696316,0.02326085315530091,-0.1542048798077218,"H2,DD","H1,H2,OOS,CAGR"
A,ETF,ETFk12d05,U56,10.0,6W,2,1,False,0.7369165300981287,0.025606183905771074,0.5222968855183227,-0.1536040909453864,0.7350849460843897,0.34770862286392046,0.6320390055861246,0.4432146917074446,0.022525367732562307,-0.1536040909453863,"H2,DD","H1,H2,OOS,CAGR"
A,ETF,ETFk12d05,U56,10.0,6W,2,2,False,0.7077765397514755,0.027586896229349067,0.5633056574860492,-0.15361691574358727,0.8006569737308579,0.3745585451094183,0.7008015327631733,0.4675104843017273,0.023958183815997014,-0.15361691574358716,"H2,DD","H1,H2,OOS,CAGR"
A,ETF,ETFk12d05,U56,10.0,6W,2,3,False,0.7308715420329263,0.027711852776946655,0.571946727831485,-0.15387813078480972,0.7870425648566071,0.399155243401428,0.6877134429315244,0.4905582924034153,0.024849201996331338,-0.15387813078480983,"H2,DD","H1,H2,OOS,CAGR"
A,ETF,ETFk12d05,U56,10.0,6W,2,4,False,0.7333302917116583,0.025850593301072866,0.5294495393378117,-0.15338983326374722,0.7289764509917954,0.36684289367780026,0.6263923184437002,0.4602898890643224,0.0233914268609543,-0.15338983326374644,"H2,DD","H1,H2,OOS,CAGR"
A,ETF,ETFk12d05,U56,10.0,6W,3,0,False,0.752315312512814,0.02498086259118537,0.5190014425372637,-0.1533896607051235,0.7285923179719552,0.3540369353004416,0.6235087054008999,0.4474006365170443,0.022645019399303523,-0.1533896607051235,"H2,DD","H1,H2,OOS,CAGR"
A,ETF,ETFk12d05,U56,10.0,6W,3,1,False,0.7399606556108866,0.02670321460347691,0.5511940085811693,-0.15342968853734584,0.7398082167225857,0.40324263949603806,0.6354407535096075,0.49387052088250805,0.025223972764403024,-0.1534296885373454,"H2,DD","H1,H2,OOS,CAGR"
A,ETF,ETFk12d05,U56,10.0,6W,3,2,False,0.7363654723239103,0.025205998339495883,0.5258896862340148,-0.15335536018480345,0.7242671431724247,0.3645066305526476,0.6175953798016645,0.46073325871064463,0.023018842697488662,-0.1533553601848039,"H2,DD","H1,H2,OOS,CAGR"
A,ETF,ETFk12d05,U56,10.0,6W,3,3,False,0.7095587463786505,0.02730443763597834,0.5648008598698522,-0.1538144762839473,0.8012178629335023,0.3705577342193258,0.7003039861996864,0.4670622738353426,0.023398432161397364,-0.15381447628394684,"H2,DD","H1,H2,OOS,CAGR"
A,ETF,ETFk12d05,U56,10.0,6W,3,4,False,0.7632510874514795,0.023039292688982194,0.4932792801883149,-0.15462231250273162,0.7798768072932069,0.25423411532301066,0.6760205114370954,0.35984630584581107,0.017181103023943267,-0.15462231250273195,"H2,DD","H1,H2,OOS,CAGR"
A,ETF,ETFk12d05,U56,10.0,6W,4,0,False,0.7839496589449514,0.023131546958002902,0.4964400134857693,-0.15511871082563156,0.8655293085817002,0.1989409507706192,0.7668365895005408,0.3056768015303571,0.014505474614871172,-0.15511871082563078,"H2,DD","H1,H2,OOS,CAGR"
A,ETF,ETFk12d05,U56,10.0,6W,4,1,False,0.7682936809791883,0.02328714273263155,0.4981836027318756,-0.13730635732317098,0.814909157705053,0.24406470549662768,0.7118306520455893,0.3482141172285011,0.01678811591360807,-0.13730635732317076,H2,"H1,H2,OOS,CAGR"
A,ETF,ETFk12d05,U56,10.0,6W,4,2,False,0.7549703555688748,0.025115176754845425,0.5322855421905881,-0.14313661402724454,0.8208307977419421,0.30287965174385617,0.7246690853613518,0.3982886180168243,0.019549896597636618,-0.1431366140272452,"H2,DD","H1,H2,OOS,CAGR"
A,ETF,ETFk12d05,U56,10.0,6W,4,3,False,0.7764947050465151,0.023690261900256582,0.5078404192895658,-0.13194690492888805,0.8566169979754786,0.22952539960171756,0.7618650077820958,0.3303270516663679,0.015829495752942346,-0.13194690492888805,H2,"H1,H2,OOS,CAGR"
A,ETF,ETFk12d05,U56,10.0,6W,4,4,False,0.7734841747230476,0.023352556466653684,0.500048032978713,-0.15480416307561784,0.8567619915311078,0.21294570098061005,0.7603438277991826,0.3164033480986942,0.015088970313818173,-0.15480416307561784,"H2,DD","H1,H2,OOS,CAGR"
A,ETF,ETFk12d05,U56,10.0,6W,5,0,False,0.7865263797244172,0.024817940320664533,0.5384223445857246,-0.12123687742728173,0.7675940670425417,0.34179228584353,0.6660040127097494,0.4424945652361826,0.02086320087285909,-0.12123687742728151,H2,"H1,H2,OOS,CAGR"
A,ETF,ETFk12d05,U56,10.0,6W,5,1,False,0.8034603889045507,0.025142366061790877,0.5592765643243791,-0.12147027518823728,0.7500763578494957,0.38063654036963085,0.6488528573504934,0.48594733571392423,0.0217542573032794,-0.12147027518823694,H2,"H1,H2,OOS,CAGR"
A,ETF,ETFk12d05,U56,10.0,6W,5,2,False,0.7843909023246015,0.028950448574967202,0.649954675879554,-0.08913386018101044,0.7663348296045442,0.5383044904075892,0.6702363572898103,0.6328924764050814,0.027994944430924207,-0.08913386018100966,H2,"H1,H2,OOS,CAGR"
A,ETF,ETFk12d05,U56,10.0,6W,5,3,False,0.7533598512751496,0.027719125361586716,0.615287051896117,-0.09114890058587066,0.659025250091087,0.5721346654280116,0.5607800587304547,0.662136911459593,0.029427053709077722,-0.09114890058587088,H2,"H1,H2,OOS,CAGR"
A,ETF,ETFk12d05,U56,10.0,6W,5,4,False,0.7428776609273099,0.02837771408130818,0.6430586305365048,-0.08876824567647701,0.7158740876916512,0.5702135339330138,0.6223086195532012,0.6613493595126344,0.028551324734530814,-0.08876824567647768,H2,"H1,H2,OOS,CAGR"
A,ETF,ETFk12d05,U56,10.0,Q,0,0,True,0.5135259989746659,0.025439487621341073,0.5197181566874998,-0.1548809403842285,0.7579172094185884,0.32128300683498,0.6565476550220167,0.41949344278598516,0.021121772218679613,-0.15488094038422917,"H2,DD","H1,H2,OOS,CAGR"
A,ETF,ETFk12d05,U56,10.0,Q,0,1,False,0.5520673029986439,0.024071720936083008,0.49216925969756276,-0.16204634667953377,0.7346558392549111,0.2900608742678834,0.6319215646476343,0.38975121315761785,0.019562316831077675,-0.16204634667953421,"H2,DD","H1,H2,OOS,CAGR"
A,ETF,ETFk12d05,U56,10.0,Q,0,2,False,0.539244854988614,0.023362595805389574,0.4776235756184709,-0.15596580782343072,0.6854898462606533,0.3043867364745212,0.592337112554911,0.39333733356676087,0.01977236811092986,-0.15596580782343117,"H2,DD","H1,H2,OOS,CAGR"
A,ETF,ETFk12d05,U56,10.0,Q,0,3,False,0.5283794566856193,0.02647480930953905,0.5524813971377127,-0.16253677497536,0.8268956419343567,0.3447374318557104,0.7342183247416622,0.43185263030994786,0.02187776866244251,-0.16253677497536012,"H2,DD","H1,H2,OOS,CAGR"
A,ETF,ETFk12d05,U56,10.0,Q,0,4,False,0.5360992933212684,0.02463016252430572,0.5181672317089527,-0.17203719256708894,0.770772756585165,0.3247882077136351,0.6789602138211133,0.4103088055959686,0.02055478312416459,-0.17203719256708705,"H2,DD","H1,H2,OOS,CAGR"
A,ETF,ETFk12d06,U56,10.0,D,0,0,True,4.1719033349550445,0.027599475772219995,0.6639193796447768,-0.07500019694666027,0.49958991287354265,0.8150171745476665,0.3999839244660779,0.875182499352399,0.03734739456355851,-0.0645663625204499,H1,"H1,H2,OOS,CAGR"
A,ETF,ETFk12d06,U56,10.0,2D,0,0,True,2.9453585960356627,0.029927118752438364,0.715010992267718,-0.07432089294612876,0.5515161122738496,0.8653920366969408,0.44584985266780514,0.9303224718702388,0.03995637483545078,-0.06184175260261893,H1,"H1,CAGR"
A,ETF,ETFk12d06,U56,10.0,2D,1,0,False,3.090271422405288,0.028062362419592812,0.6715002796120335,-0.07874299393635542,0.4861522752934174,0.8409048380539426,0.3890329703205752,0.8962557232334615,0.03857537413093359,-0.05769877033466975,H1,"H1,CAGR"
A,ETF,ETFk12d06,U56,10.0,W,0,0,True,1.9265876876018775,0.03128090801375483,0.7399702211809674,-0.07999592132956035,0.6170111429904396,0.8516810774651293,0.521002527304191,0.9114424094474234,0.03983634269658687,-0.07999592132956057,H1,"H1,CAGR"
A,ETF,ETFk12d06,U56,10.0,W,0,1,False,1.9137408106154932,0.03188670320392162,0.7497738246965258,-0.07519389588785641,0.6131830250462498,0.8747272749801492,0.5123540030759061,0.9379734172038086,0.041037721146023554,-0.07519389588785674,H1,"H1,CAGR"
A,ETF,ETFk12d06,U56,10.0,W,0,2,False,1.8614388746878023,0.03099801425037696,0.7246207819852754,-0.07405969019470438,0.5485803118991434,0.8838577393290232,0.4568519596917116,0.9348536611498738,0.04138381973066907,-0.05742260096994556,H1,"H1,CAGR"
A,ETF,ETFk12d06,U56,10.0,W,0,3,False,1.928996040476868,0.03147241958714497,0.7402963359531353,-0.07501619109926905,0.5925155418054091,0.8756107623631717,0.49984371392084964,0.9312187355140255,0.04070639797958897,-0.06219876349804132,H1,"H1,CAGR"
A,ETF,ETFk12d06,U56,10.0,W,0,4,False,1.9132106781416112,0.030903728359595872,0.7322795233642195,-0.08541045832277483,0.5457892354485561,0.9017912773171325,0.43903883629037155,0.9636377261050616,0.04201717375358083,-0.06036111714054393,H1,"H1,CAGR"
A,ETF,ETFk12d06,U56,10.0,2W,0,0,True,1.2936353296556562,0.03235903761607695,0.744674879128032,-0.10130212567912666,0.6130024108935829,0.863184998629771,0.5200414836569811,0.9188520393912304,0.04148964868038285,-0.10130212567912622,H1,"H1,CAGR"
A,ETF,ETFk12d06,U56,10.0,2W,0,1,False,1.314547116134707,0.03325642132454121,0.756534344489502,-0.10202119718456415,0.7021980717769145,0.8070713803881244,0.6121482421583289,0.8675942820118794,0.03970387517994123,-0.10202119718456404,-,"H1,H2,OOS,CAGR"
A,ETF,ETFk12d06,U56,10.0,2W,0,2,False,1.3024596614631847,0.03206676602466629,0.7203979547671827,-0.11197383732687405,0.7046309822335358,0.7382449446752996,0.6281489235452437,0.7905591953720937,0.03693393430218728,-0.11197383732687372,-,"H1,H2,OOS,CAGR"
A,ETF,ETFk12d06,U56,10.0,2W,0,3,False,1.3743704251026416,0.03211964767386677,0.735984746356231,-0.09252133919129035,0.6855171805741642,0.7830649315781029,0.6081661553173209,0.8343963559560235,0.03788201950756087,-0.09252133919129069,-,"H1,H2,OOS,CAGR"
A,ETF,ETFk12d06,U56,10.0,2W,0,4,False,1.3807075095509247,0.02985080079744762,0.6910831669969549,-0.08698054348002027,0.558567836020886,0.8089723154780523,0.46645380676470055,0.8625978012703807,0.0390185997537158,-0.08698054348002038,H1,"H1,H2,OOS,CAGR"
A,ETF,ETFk12d06,U56,10.0,2W,1,0,False,1.3878316120241667,0.033633438888565736,0.7917747972535027,-0.06867257036937591,0.6712514761028057,0.9014516664884076,0.5805181389330831,0.9570296948508704,0.042022946832712904,-0.06559571770794803,-,"H1,CAGR"
A,ETF,ETFk12d06,U56,10.0,2W,1,1,False,1.3689331841546826,0.03288828418980261,0.7692877528064387,-0.06995136867753138,0.601115643586614,0.9222405979196986,0.5258490695759624,0.9610148284895456,0.04239264425933231,-0.06995136867753116,H1,"H1,CAGR"
A,ETF,ETFk12d06,U56,10.0,2W,1,2,False,1.2886507767882156,0.03076655200815437,0.7151950238661132,-0.06875803492730348,0.5572245784865888,0.857341230543456,0.4601558989183838,0.9135521951351762,0.04083240085617601,-0.057265795860967694,H1,"H1,CAGR"
A,ETF,ETFk12d06,U56,10.0,2W,1,3,False,1.3302241521969762,0.033924531806653,0.7842092575249503,-0.08072125348047543,0.5755256008658367,0.9731516808905258,0.487621877760578,1.0175721581414032,0.04552050681791542,-0.0663509159512502,H1,"H1,CAGR"
A,ETF,ETFk12d06,U56,10.0,2W,1,4,False,1.2743653732080753,0.0330445873109948,0.7669884254464819,-0.09192171755723522,0.5755747054197019,0.9398534431843841,0.47078202910151873,0.9991318211232741,0.04460098221584419,-0.07612845067860474,H1,"H1,CAGR"
A,ETF,ETFk12d06,U56,10.0,M,0,0,True,0.8935133759050329,0.03684460472837259,0.8405910209658167,-0.08092873215375729,0.8051379025026342,0.8747066458069099,0.723468607127781,0.9323547205827201,0.04209924496874051,-0.08092873215375729,-,"H1,CAGR"
A,ETF,ETFk12d06,U56,10.0,M,0,1,False,0.8745889685940955,0.03646788480099672,0.8163687819683617,-0.09306670711713005,0.6620137008410609,0.9547217345768709,0.5653895006808367,1.0100458564598869,0.04700923514532329,-0.09306670711713028,-,"H1,CAGR"
A,ETF,ETFk12d06,U56,10.0,M,0,2,False,0.9174327483484646,0.03477828485820966,0.7632039720050657,-0.11022851765984898,0.644880204249443,0.8679675962078508,0.560955906158543,0.9149477640465103,0.04401478958129568,-0.11022851765984898,-,"H1,CAGR"
A,ETF,ETFk12d06,U56,10.0,M,0,3,False,0.9115181811871201,0.03368999328469169,0.7410448686622394,-0.10934350971220741,0.5889650100022876,0.8736825761295257,0.4861621208863063,0.9309515960795718,0.04487853041519352,-0.10934350971220719,H1,"H1,CAGR"
A,ETF,ETFk12d06,U56,10.0,M,0,4,False,0.908641391673883,0.03283991235799677,0.7041665670032408,-0.13319185119669696,0.5532681882711324,0.8321795681188826,0.44644021057810274,0.8882455504189954,0.04485969237024623,-0.13319185119669663,H1,"H1,H2,CAGR"
A,ETF,ETFk12d06,U56,10.0,6W,0,0,True,0.7047275844398909,0.03677771755566672,0.8116003124196149,-0.10135374990832413,0.6016218224622659,0.9969473484981369,0.49095261787961986,1.0567764015868673,0.050219163247591014,-0.10135374990832435,H1,"H1,CAGR"
A,ETF,ETFk12d06,U56,10.0,6W,0,1,False,0.6859085883730083,0.03943879667258332,0.8660578708513172,-0.10377948984837237,0.6995520117425464,1.0121809443259755,0.5957791277010468,1.0689393846581805,0.05141437790898262,-0.10377948984837237,-,"H1,CAGR"
A,ETF,ETFk12d06,U56,10.0,6W,0,2,False,0.7063481690395341,0.0386308604048764,0.8346951669479862,-0.10857166421062814,0.7169218598778492,0.9383807874075252,0.6175784852680909,0.9937234108759018,0.049192056468686074,-0.10857166421062792,-,"H1,CAGR"
A,ETF,ETFk12d06,U56,10.0,6W,0,3,False,0.693810009565702,0.039044939884924856,0.8618791396593755,-0.10316075836033134,0.8019611664818942,0.9186073854808424,0.7055849293774873,0.9775033369597582,0.04721604799714596,-0.10316075836033178,-,"H1,CAGR"
A,ETF,ETFk12d06,U56,10.0,6W,0,4,False,0.7267128982422488,0.037798117231004236,0.8414922597536759,-0.09654717992865025,0.7627105232049619,0.9135188844800366,0.6644902428706828,0.9713931259294771,0.04667687348892491,-0.09654717992865058,-,"H1,CAGR"
A,ETF,ETFk12d06,U56,10.0,6W,1,0,False,0.7404510322333375,0.037679527445684036,0.8527325582939966,-0.08615772445021697,0.7840956826037341,0.9162087969327258,0.6889134421883825,0.979718611878056,0.04489075078786553,-0.08615772445021708,-,"H1,CAGR"
A,ETF,ETFk12d06,U56,10.0,6W,1,1,False,0.756446221897447,0.03590894118868948,0.8043014776878481,-0.09863219650346078,0.7243749329770331,0.8768920814113815,0.6298072144408625,0.9350231295321112,0.044098899941378056,-0.09863219650346067,-,"H1,CAGR"
A,ETF,ETFk12d06,U56,10.0,6W,1,2,False,0.746701762388961,0.03421361921534549,0.7448642357315018,-0.11425691521204207,0.6950939089676581,0.7924147814157991,0.5945153694085579,0.8552326144681224,0.0420306987414274,-0.11425691521204207,-,"H1,H2,OOS,CAGR"
A,ETF,ETFk12d06,U56,10.0,6W,1,3,False,0.7462598023012604,0.038326687589870456,0.8452278662811137,-0.11248051281767435,0.774088979758698,0.9109207691954813,0.6672414123592966,0.976567889525621,0.04721210383092034,-0.11248051281767502,-,"H1,CAGR"
A,ETF,ETFk12d06,U56,10.0,6W,1,4,False,0.770140838167938,0.03458859737605113,0.742320101852144,-0.1346642087925809,0.7673476026368637,0.7304457258060015,0.6630569024916444,0.8018716471815952,0.0400649825028776,-0.134664208792581,-,"H1,H2,OOS,CAGR"
A,ETF,ETFk12d06,U56,10.0,6W,2,0,False,0.7816914533644156,0.03220810870232538,0.6873091519655522,-0.1317244984058893,0.7105379052610066,0.673864784387698,0.6121458093649367,0.7441246524481634,0.03694026760903224,-0.1317244984058893,H2,"H1,H2,OOS,CAGR"
A,ETF,ETFk12d06,U56,10.0,6W,2,1,False,0.8082674773923841,0.029393586631121016,0.6287654818630616,-0.1309015451970672,0.6410420746133488,0.6227086747501012,0.544828015500798,0.692352164150635,0.03405526156374172,-0.13090154519706731,H2,"H1,H2,OOS,CAGR"
A,ETF,ETFk12d06,U56,10.0,6W,2,2,False,0.7846601949071184,0.03172496392161639,0.6693272874310204,-0.1309521918793557,0.6474973152627692,0.6936047588021897,0.5409748842398826,0.7637284929161413,0.0387089872124895,-0.13095219187935592,-,"H1,H2,OOS,CAGR"
A,ETF,ETFk12d06,U56,10.0,6W,2,3,False,0.7647929866960603,0.03318755454592748,0.6977555237358762,-0.131496927421218,0.6817088086701221,0.7173447156600911,0.5928273687678,0.7757118610993543,0.0393406925049109,-0.13149692742121766,-,"H1,H2,OOS,CAGR"
A,ETF,ETFk12d06,U56,10.0,6W,2,4,False,0.7768958246673934,0.03214705884097735,0.6790737040225961,-0.1312842514952457,0.6357583157546371,0.7206158694001158,0.5377168102492687,0.7832293900987574,0.03956644282793276,-0.13128425149524592,H1,"H1,H2,OOS,CAGR"
A,ETF,ETFk12d06,U56,10.0,6W,3,0,False,0.766192546815815,0.031229852745501052,0.665334945014634,-0.13128425149524559,0.633810549609432,0.6978024508119594,0.5408372045198557,0.7563433961396989,0.03813917288687141,-0.1312842514952457,H1,"H1,H2,OOS,CAGR"
A,ETF,ETFk12d06,U56,10.0,6W,3,1,False,0.7592268060472606,0.032758123303126,0.6976076646252823,-0.13138277937128373,0.6889428486181934,0.7121672020369123,0.6125258697481788,0.7610108056047639,0.03833333611936873,-0.13138277937128384,-,"H1,H2,OOS,CAGR"
A,ETF,ETFk12d06,U56,10.0,6W,3,2,False,0.7550723956433063,0.031051445717278803,0.6656378745698561,-0.1315173231977288,0.5744199683172486,0.7459011201896351,0.4707428418187111,0.8065427569727198,0.040503012414417894,-0.13151732319772846,H1,"H1,H2,OOS,CAGR"
A,ETF,ETFk12d06,U56,10.0,6W,3,3,False,0.752736030191676,0.03226524257271768,0.6900243683485159,-0.13176672517406818,0.5701202746337554,0.7935173613700538,0.46582140485414875,0.851650946089502,0.04292671145772764,-0.13176672517406784,H1,"H1,H2,OOS,CAGR"
A,ETF,ETFk12d06,U56,10.0,6W,3,4,False,0.764517370524332,0.029418281999923357,0.6465846675821172,-0.1325835558288322,0.6182795264256579,0.6765492761469775,0.5272315071962247,0.733675943640412,0.035911103706937064,-0.13258355582883252,"H1,H2","H1,H2,OOS,CAGR"
A,ETF,ETFk12d06,U56,10.0,6W,4,0,False,0.7920285344657173,0.029198536764071248,0.6366338948073416,-0.1309281283595457,0.6442199012863307,0.639191288788077,0.5612631969064588,0.6926736714590905,0.03436149921406617,-0.13092812835954493,H2,"H1,H2,OOS,CAGR"
A,ETF,ETFk12d06,U56,10.0,6W,4,1,False,0.7729048708535722,0.02965099630701018,0.6466066285225983,-0.12830224202794727,0.601651749114454,0.6896645465563056,0.5069445541679114,0.7480966454529671,0.03690462892310786,-0.1283022420279476,H1,"H1,H2,OOS,CAGR"
A,ETF,ETFk12d06,U56,10.0,6W,4,2,False,0.7518279822784004,0.031958821371785184,0.6988286711857078,-0.13452947444378516,0.6737848863923697,0.726390383443439,0.5870323851563585,0.7811200416192768,0.03831788442199158,-0.13452947444378538,-,"H1,H2,OOS,CAGR"
A,ETF,ETFk12d06,U56,10.0,6W,4,3,False,0.7915370695214146,0.030219941672706696,0.6641897600884132,-0.11827185981356025,0.6549795434316494,0.67820954031438,0.5783779103932565,0.7281488810946847,0.0353918859071245,-0.11827185981355992,H2,"H1,H2,OOS,CAGR"
A,ETF,ETFk12d06,U56,10.0,6W,4,4,False,0.7747935760184311,0.030287002933299112,0.66857613285568,-0.12817673762746284,0.6802434534464793,0.6666594310337708,0.6001593377464887,0.7201106811373338,0.034980804523824016,-0.1281767376274624,H2,"H1,H2,OOS,CAGR"
A,ETF,ETFk12d06,U56,10.0,6W,5,0,False,0.789443495657014,0.030006378352083862,0.6756751097054493,-0.09965357634929517,0.6464724726207437,0.7056352373813809,0.5492807944532684,0.7690931988106585,0.036401791921906845,-0.09965357634929506,-,"H1,H2,OOS,CAGR"
A,ETF,ETFk12d06,U56,10.0,6W,5,1,False,0.7937626029981627,0.03101895262340193,0.6970274461019761,-0.0991580833123078,0.5408737052001089,0.8340649387128853,0.4393941995240059,0.8915260425880009,0.041819818936918995,-0.09915808331230636,H1,"H1,CAGR"
A,ETF,ETFk12d06,U56,10.0,6W,5,2,False,0.7735994840724825,0.03326685579349342,0.7461855646849422,-0.07456071150640853,0.5282287624316382,0.9395671448438135,0.43348848683194025,0.9868214223555264,0.046019813842799406,-0.0723873253080527,H1,"H1,CAGR"
A,ETF,ETFk12d06,U56,10.0,6W,5,3,False,0.752751302435677,0.03359479521237829,0.7447647859567663,-0.07602668746900343,0.48511427279407393,0.9761954941050996,0.40100460616608946,1.0118568036501174,0.04759746045532065,-0.07602668746900298,H1,"H1,CAGR"
A,ETF,ETFk12d06,U56,10.0,6W,5,4,False,0.7313135173150752,0.0355696182643912,0.7968011914337049,-0.07961793338790601,0.5728445588003193,0.996967169185563,0.4736301567903197,1.0480168669812417,0.048698035179583155,-0.07651799708558527,H1,"H1,CAGR"
A,ETF,ETFk12d06,U56,10.0,Q,0,0,True,0.5412127948957443,0.028874873014371083,0.5998791878336711,-0.15375562187276015,0.7132623790997064,0.521935199914906,0.624944826768706,0.5874835551541572,0.03050704684569805,-0.15375562187276048,"H2,DD","H1,H2,OOS,CAGR"
A,ETF,ETFk12d06,U56,10.0,Q,0,1,False,0.5475482255747935,0.028646779391565458,0.5851156543263701,-0.15399596277248506,0.6691133681562043,0.5353573724493794,0.567550321443724,0.6033219216529868,0.03249807476765887,-0.15399596277248484,"H2,DD","H1,H2,OOS,CAGR"
A,ETF,ETFk12d06,U56,10.0,Q,0,2,False,0.5441929339653259,0.02921822211219971,0.590819509467499,-0.15387579930621398,0.6382630368354056,0.5649865502585716,0.5502196490833673,0.6231987354913098,0.03359985305077284,-0.15387579930621387,"H1,H2,DD","H1,H2,OOS,CAGR"
A,ETF,ETFk12d06,U56,10.0,Q,0,3,False,0.5385560290231511,0.032279715966003764,0.6665521277252935,-0.15364231819242358,0.7566505893668312,0.6194787036079799,0.662434361564718,0.6791644670719357,0.036593526691937495,-0.15364231819242358,"H2,DD","H1,H2,OOS,CAGR"
A,ETF,ETFk12d06,U56,10.0,Q,0,4,False,0.5452538561273294,0.030219175687572042,0.6235448255524741,-0.15393247377216512,0.7236027921535408,0.5697343088542334,0.6366025988102049,0.6254347259122633,0.033768334655651655,-0.1539324737721648,"H2,DD","H1,H2,OOS,CAGR"
A,ETF,ETFk12d07,U56,10.0,D,0,0,True,4.039378904986239,0.0288337103545393,0.8108615018796784,-0.05724273855444817,0.7464836263002544,0.8720445485242629,0.6331998943505432,0.9576703028445911,0.034234522759480246,-0.05724273855444639,-,"H1,CAGR"
A,ETF,ETFk12d07,U56,10.0,2D,0,0,True,2.960967407505266,0.0292728993255571,0.8193076818295587,-0.06460175092722986,0.7903057235540677,0.8471381586733008,0.6773226605993568,0.9358034397642716,0.03367475411219245,-0.06460175092722942,-,"H1,CAGR"
A,ETF,ETFk12d07,U56,10.0,2D,1,0,False,2.8196244224239844,0.02994692175870095,0.8367278915888651,-0.05576328693244881,0.7414444111562744,0.9266015907296719,0.6266041515401604,1.0091931630260724,0.036453789670416015,-0.0557632869324487,-,"H1,CAGR"
A,ETF,ETFk12d07,U56,10.0,W,0,0,True,1.8211003952320652,0.03193889525787852,0.8869666852981694,-0.059869878877332416,0.812797828570015,0.9566136057183351,0.7025484439595908,1.0364058923900616,0.03784143582381061,-0.05986987887733175,-,"H1,CAGR"
A,ETF,ETFk12d07,U56,10.0,W,0,1,False,1.8658001445062438,0.03131461045154027,0.8680419815441275,-0.05584125631556991,0.8041612273844146,0.9284745154787273,0.6875317197528626,1.0158906095180222,0.03697916683684088,-0.05550666187372011,-,"H1,CAGR"
A,ETF,ETFk12d07,U56,10.0,W,0,2,False,1.9066597672246146,0.03052310260071489,0.8371359229042573,-0.060285216098466265,0.7416415646377635,0.9266217261367268,0.6373278333620427,0.9997684530548041,0.03692150651068826,-0.05330618365134887,-,"H1,CAGR"
A,ETF,ETFk12d07,U56,10.0,W,0,3,False,1.791592630339757,0.031105144680702024,0.849587002491355,-0.05934107552096568,0.7860150491009849,0.9096971851295721,0.6879832290364607,0.9819818447744525,0.036257168588724964,-0.05934107552096479,-,"H1,CAGR"
A,ETF,ETFk12d07,U56,10.0,W,0,4,False,1.768868502148844,0.03198326732114909,0.884616427043046,-0.0639740694002876,0.7384173667875679,1.0233160632291183,0.6288853454724291,1.0969033346126165,0.039866749746598984,-0.04808795467101201,-,"H1,CAGR"
A,ETF,ETFk12d07,U56,10.0,2W,0,0,True,1.2422127202517286,0.03395893977004971,0.923049432406095,-0.07401945769523544,0.8718357208379984,0.9716231340700866,0.7682541883409444,1.0492321406185976,0.03899168832969013,-0.0740194576952361,-,"H1,CAGR"
A,ETF,ETFk12d07,U56,10.0,2W,0,1,False,1.2653280139036711,0.03431164238826012,0.919198992557258,-0.06635909084102243,0.9318567038064305,0.9093250558886304,0.8349380413400103,0.9867765978565411,0.03741103321323824,-0.0663590908410231,-,"H1,CAGR"
A,ETF,ETFk12d07,U56,10.0,2W,0,2,False,1.309577691450565,0.03293840565542183,0.8691771007021909,-0.07101556303959278,0.9057573117890023,0.8395792935636821,0.827582491415302,0.9020621293091003,0.03509396864325964,-0.07101556303959233,-,"H1,CAGR"
A,ETF,ETFk12d07,U56,10.0,2W,0,3,False,1.2991011123103169,0.033062659019564844,0.8932055441105279,-0.06356258380224566,0.8933756041772498,0.8943703853644778,0.8105604657527286,0.9599517799998578,0.03596003999741937,-0.063562583802247,-,"H1,CAGR"
A,ETF,ETFk12d07,U56,10.0,2W,0,4,False,1.3544327252240107,0.029918533868058983,0.8119547384739425,-0.06265773084803161,0.7404633316996927,0.8785982079258929,0.6393306108037664,0.9503654629846786,0.03569217584245821,-0.060426790652484796,-,"H1,CAGR"
A,ETF,ETFk12d07,U56,10.0,2W,1,0,False,1.3087630567117843,0.030949457311620243,0.8519911365966127,-0.06485207586565878,0.7909312589144981,0.9095055222864283,0.6890016285960019,0.9842499845656618,0.03621463461911434,-0.06303610107394719,-,"H1,CAGR"
A,ETF,ETFk12d07,U56,10.0,2W,1,1,False,1.313600551109511,0.031473893124464025,0.867536152710226,-0.06612974663829196,0.7824526285119517,0.9478233349539195,0.6784872629810247,1.022643619753574,0.03741928153214169,-0.06612974663829219,-,"H1,CAGR"
A,ETF,ETFk12d07,U56,10.0,2W,1,2,False,1.3203160747238118,0.03184188897228157,0.8678681879154952,-0.06086526662656688,0.7417296811964693,0.9868566200393216,0.6432819897719985,1.0528501764348552,0.038939901493737494,-0.053739185705849124,-,"H1,CAGR"
A,ETF,ETFk12d07,U56,10.0,2W,1,3,False,1.299935819010663,0.03191466868481996,0.8570449771098242,-0.06428838075471077,0.7302987198943984,0.97794889123497,0.6322390712698858,1.0450138187598317,0.03897503131925739,-0.05877612957850109,-,"H1,CAGR"
A,ETF,ETFk12d07,U56,10.0,2W,1,4,False,1.2431345851818167,0.03250513516825504,0.8848904509507719,-0.07263295998669839,0.7425979155730269,1.0198558791318866,0.6390348603292741,1.0890207617335579,0.040203082424751235,-0.059944941763201864,-,"H1,CAGR"
A,ETF,ETFk12d07,U56,10.0,M,0,0,True,0.917316404178335,0.03436126900683578,0.9256212498482199,-0.055595614292523576,0.9061468363119827,0.944490601200329,0.8055768513322416,1.0262853057537775,0.03795541573059813,-0.055595614292523354,-,"H1,CAGR"
A,ETF,ETFk12d07,U56,10.0,M,0,1,False,0.8867194124285184,0.0364599933511085,0.9715278650111241,-0.06214200858282459,0.8639985765867605,1.0740394734704957,0.768737614001454,1.1406728847832845,0.04285615289921196,-0.06214200858282437,-,"H1,CAGR"
A,ETF,ETFk12d07,U56,10.0,M,0,2,False,0.9256342741519051,0.0350421245774053,0.9281596635803334,-0.06499178997755617,0.8555936437067365,0.9966340065740309,0.7624854205247229,1.0636454342590655,0.04052294286576674,-0.06499178997755639,-,"H1,CAGR"
A,ETF,ETFk12d07,U56,10.0,M,0,3,False,0.9363897936249432,0.03336148122026339,0.8711493081921238,-0.07251739125532286,0.7573073839243114,0.9771567673803707,0.6523150703968308,1.0484231985972372,0.04078293315651749,-0.07251739125532308,-,"H1,CAGR"
A,ETF,ETFk12d07,U56,10.0,M,0,4,False,0.9377407239307207,0.031061779328556582,0.7804846503846488,-0.10229941381037866,0.7264230647443214,0.8312149962874943,0.6152975730267859,0.9044886668837574,0.03795472935102917,-0.10229941381037855,-,"H1,H2,CAGR"
A,ETF,ETFk12d07,U56,10.0,6W,0,0,True,0.7645042495487501,0.03513165910047822,0.9243196365035572,-0.07089437251536523,0.8075734237953726,1.0326515456318333,0.6907783093226807,1.1125969793344397,0.043049583569906735,-0.07089437251536579,-,"H1,CAGR"
A,ETF,ETFk12d07,U56,10.0,6W,0,1,False,0.7419608085173147,0.037181975177889015,0.971260338730721,-0.06792952382167106,0.9481435010349232,0.9947115395097514,0.8359519051390917,1.0778890546213054,0.04235692642675071,-0.06792952382167072,-,"H1,CAGR"
A,ETF,ETFk12d07,U56,10.0,6W,0,2,False,0.7382953925401314,0.037086732416897306,0.9513011014846587,-0.07188729429047891,0.9376455752457739,0.9672764072479119,0.8353822819572363,1.0411270722977686,0.042071953702284226,-0.07188729429047946,-,"H1,CAGR"
A,ETF,ETFk12d07,U56,10.0,6W,0,3,False,0.7400994812754292,0.03719860283433185,0.9753681691532812,-0.06253344664815152,0.9581465922129364,0.9927475641525721,0.8556316333869642,1.0717823553037336,0.041477603635143634,-0.06253344664815152,-,CAGR
A,ETF,ETFk12d07,U56,10.0,6W,0,4,False,0.734876938119184,0.03632338839115001,0.960626608809174,-0.05648861444147302,0.9250067852633258,0.9949573827139213,0.8159672710673633,1.0757084514581872,0.041555302789915594,-0.05648861444147246,-,"H1,CAGR"
A,ETF,ETFk12d07,U56,10.0,6W,1,0,False,0.7247772610201213,0.036214819874950566,0.9639128203599774,-0.061889283577683196,0.8755783807822675,1.0486755199460764,0.7724763417803063,1.1247519838443154,0.04215814293734521,-0.05761867248413832,-,"H1,CAGR"
A,ETF,ETFk12d07,U56,10.0,6W,1,1,False,0.7171622873905303,0.0355455645726408,0.9420225240200605,-0.06425167471388837,0.8534374058467107,1.0245262125988392,0.7522655357336149,1.0941901749875966,0.04207420319852262,-0.06425167471388793,-,"H1,CAGR"
A,ETF,ETFk12d07,U56,10.0,6W,1,2,False,0.722556460850246,0.035183394934996226,0.9200743444892643,-0.06989129353795664,0.80741506001729,1.0250923584801699,0.7031735323936348,1.0954744413474968,0.042566535119282545,-0.06308071252964775,-,"H1,CAGR"
A,ETF,ETFk12d07,U56,10.0,6W,1,3,False,0.7432307177285592,0.03682476270970225,0.9616149907568867,-0.07394719385064863,0.8865057252437433,1.0319477568537576,0.7817619557812664,1.106179530613931,0.0431067265908478,-0.07394719385064841,-,"H1,CAGR"
A,ETF,ETFk12d07,U56,10.0,6W,1,4,False,0.7427252472573563,0.033863012527478586,0.8375163136830804,-0.10295588409806011,0.843226937923234,0.8368719733848377,0.7462412687718327,0.9078649683449158,0.038208635362473764,-0.10295588409806067,-,"H1,CAGR"
A,ETF,ETFk12d07,U56,10.0,6W,2,0,False,0.7364382047213825,0.03399181802347173,0.8468447703710398,-0.10077100222701363,0.8652824780525664,0.8346962380262446,0.7636242585623116,0.9113844218260261,0.0379357844934638,-0.10077100222701385,-,"H1,CAGR"
A,ETF,ETFk12d07,U56,10.0,6W,2,1,False,0.7457375599978882,0.03338298057021771,0.8310555338004701,-0.10004324072268667,0.8813766918701647,0.7909527026186965,0.7899290661338072,0.8634100053345354,0.035869874475740415,-0.10004324072268689,-,"H1,H2,OOS,CAGR"
A,ETF,ETFk12d07,U56,10.0,6W,2,2,False,0.712294025579467,0.034688734558197876,0.8434845422545003,-0.09950097992068196,0.881191280389598,0.8161565069340245,0.7888697904930771,0.885979758694267,0.03798722676510513,-0.09950097992068219,-,"H1,H2,CAGR"
A,ETF,ETFk12d07,U56,10.0,6W,2,3,False,0.7321721386481703,0.03510179982904682,0.8599773936739415,-0.09997817040148937,0.8921477324017131,0.8375473503666345,0.8023662568123482,0.9047440182433089,0.03852358271455092,-0.09997817040148937,-,"H1,CAGR"
A,ETF,ETFk12d07,U56,10.0,6W,2,4,False,0.7444251801388986,0.03286297399047977,0.8123454483089672,-0.09984685539688098,0.8544995681453176,0.7823530778595551,0.7606375183659817,0.8525328463918167,0.03616132567045116,-0.09984685539688076,-,"H1,H2,OOS,CAGR"
A,ETF,ETFk12d07,U56,10.0,6W,3,0,False,0.7579795656608942,0.03166911888834467,0.7893962542186475,-0.0998468553968811,0.8373194669277301,0.7579028490679984,0.7417329069915419,0.8267150152260038,0.03523451548797407,-0.09984685539688143,-,"H1,H2,OOS,CAGR"
A,ETF,ETFk12d07,U56,10.0,6W,3,1,False,0.7734881107749684,0.031703492281154766,0.7944017414418929,-0.09989363522260519,0.8077965558202843,0.7913117915811861,0.7124271708056581,0.8562888848662774,0.03640608960651859,-0.09989363522260497,-,"H1,H2,OOS,CAGR"
A,ETF,ETFk12d07,U56,10.0,6W,3,2,False,0.7781607564738922,0.032063426509011395,0.8031505518499562,-0.09978267128453844,0.7899447264043613,0.8209788521561544,0.687944643339014,0.8892873474229057,0.03768299718833035,-0.09978267128453855,-,"H1,H2,CAGR"
A,ETF,ETFk12d07,U56,10.0,6W,3,3,False,0.7483333164236907,0.033651607747707146,0.8319489605429027,-0.10021892236346475,0.8307223705920219,0.8385182860435104,0.733560095464597,0.9068508565072788,0.03851019906890363,-0.1002189223634643,-,"H1,CAGR"
A,ETF,ETFk12d07,U56,10.0,6W,3,4,False,0.7938209220563788,0.030215636885139174,0.7654479519864834,-0.10188615700998405,0.8386575515175236,0.7115591644802617,0.7332956866254188,0.7912897592590936,0.032982944668054515,-0.10188615700998371,-,"H1,H2,OOS,CAGR"
A,ETF,ETFk12d07,U56,10.0,6W,4,0,False,0.8261114246136405,0.030731742509705784,0.7797259517178613,-0.10225381825056945,0.9334549960462382,0.6613463986736986,0.8258676061739773,0.7494997538676725,0.031219555729689263,-0.10225381825057,H2,"H1,H2,OOS,CAGR"
A,ETF,ETFk12d07,U56,10.0,6W,4,1,False,0.7814374581694854,0.03183527108819528,0.8072156023917754,-0.09823474359791706,0.8767207374428994,0.7556360470907331,0.7656206128994913,0.8399721369842204,0.034879915306679,-0.09823474359791673,-,"H1,H2,OOS,CAGR"
A,ETF,ETFk12d07,U56,10.0,6W,4,2,False,0.7885956793972623,0.033545640354226025,0.8504900230767761,-0.10084604131010899,0.9466847369956771,0.7807586716388135,0.8509337229713441,0.8536673710143512,0.03573655480051041,-0.10084604131010955,-,"H1,H2,OOS,CAGR"
A,ETF,ETFk12d07,U56,10.0,6W,4,3,False,0.7849774342449672,0.03258235096588136,0.8310466829345838,-0.09165358715749927,0.926768641624549,0.7593284303896709,0.8246525243956032,0.838440892335385,0.03470236199122856,-0.09165358715749905,-,"H1,H2,OOS,CAGR"
A,ETF,ETFk12d07,U56,10.0,6W,4,4,False,0.8003091928129084,0.03090919401993819,0.788447975165674,-0.10123780806994376,0.8877320318684198,0.7143863769433287,0.7810908743902303,0.7966209394642013,0.033042569677530054,-0.10123780806994365,-,"H1,H2,OOS,CAGR"
A,ETF,ETFk12d07,U56,10.0,6W,5,0,False,0.8078789873347714,0.030938091205798823,0.8033864533395219,-0.08117658624245161,0.8521523758031005,0.7678652880896181,0.7417512998764418,0.8509042491176909,0.03438622360689125,-0.08117658624245172,-,"H1,H2,OOS,CAGR"
A,ETF,ETFk12d07,U56,10.0,6W,5,1,False,0.8196346163750937,0.030380623795626116,0.7936419762077747,-0.08059613280437006,0.7954957285151545,0.7944615685551001,0.6847484624625458,0.8792727971451137,0.034581743574352286,-0.08059613280436895,-,"H1,H2,OOS,CAGR"
A,ETF,ETFk12d07,U56,10.0,6W,5,2,False,0.8185576756407498,0.0335866254050472,0.8767263176317154,-0.05690001673707157,0.8101089591520149,0.9389847092731584,0.7058835946084537,1.0137222928303202,0.039569838582860006,-0.05690001673707035,-,"H1,CAGR"
A,ETF,ETFk12d07,U56,10.0,6W,5,3,False,0.8095124488440654,0.032762473964649264,0.8456170568391889,-0.06777778640851295,0.7446556625738107,0.9393542298193225,0.6434456747331174,1.008642508365281,0.03976767690843319,-0.0677777864085134,-,"H1,CAGR"
A,ETF,ETFk12d07,U56,10.0,6W,5,4,False,0.7908136948651465,0.03313717963840457,0.8794366968787867,-0.06244426501181821,0.749767856146526,1.0011004791519458,0.6393376243903705,1.0765585212575233,0.0409750566162701,-0.0599972862713517,-,"H1,CAGR"
A,ETF,ETFk12d07,U56,10.0,Q,0,0,True,0.5662337396493577,0.027234242335414605,0.6619920031111234,-0.11098834029972682,0.7524332066571415,0.5871140177985941,0.6602804345843305,0.6640691092189052,0.028260200295858517,-0.11098834029972704,H2,"H1,H2,OOS,CAGR"
A,ETF,ETFk12d07,U56,10.0,Q,0,1,False,0.565826465298624,0.028142249091013705,0.6709998890521451,-0.11109619167874296,0.7530447368510513,0.608153919467395,0.6632023535484007,0.6785845182113395,0.02991208119926525,-0.11109619167874285,H2,"H1,H2,OOS,CAGR"
A,ETF,ETFk12d07,U56,10.0,Q,0,2,False,0.5687363215649004,0.027129971744588977,0.6447179244179279,-0.11090010300700559,0.7275756563853992,0.5813292621641875,0.6440000162771565,0.6470237131879861,0.028596805350630916,-0.11090010300700603,H2,"H1,H2,OOS,CAGR"
A,ETF,ETFk12d07,U56,10.0,Q,0,3,False,0.55857923489787,0.030278146261903505,0.7324217992793649,-0.11081988216409044,0.8278858928421334,0.6680621965026365,0.7454980530607525,0.7281552659700591,0.03235907716142039,-0.11081988216409033,H2,"H1,H2,OOS,CAGR"
A,ETF,ETFk12d07,U56,10.0,Q,0,4,False,0.5521177301619711,0.028323333787436455,0.686199057076064,-0.11412991292925112,0.8068830993309839,0.601944913369785,0.7251294628676567,0.6639906294033303,0.029439382764152366,-0.11412991292925057,H2,"H1,H2,OOS,CAGR"
A,ETF,ETFk12d08,U56,10.0,D,0,0,True,4.034335314653439,0.025876322904569538,0.7158407457363987,-0.06487711366693694,0.6374987098824165,0.7934193902693938,0.5736469042645378,0.8397821068940472,0.029821820320516057,-0.05788099987295636,H1,"H1,H2,OOS,CAGR"
A,ETF,ETFk12d08,U56,10.0,2D,0,0,True,2.9022611363097823,0.026220336272538836,0.7226422901269043,-0.06185544589578473,0.6949698297455005,0.749794701438479,0.6312380880221548,0.8018748527026105,0.028599902169942126,-0.054840256147893784,-,"H1,H2,OOS,CAGR"
A,ETF,ETFk12d08,U56,10.0,2D,1,0,False,2.8746749704554886,0.02641664278895206,0.725167792745013,-0.0660108057056471,0.6361719054316355,0.8125324586473075,0.5745660381767357,0.8551231606242063,0.030737245553637882,-0.06601080570564699,H1,"H1,H2,OOS,CAGR"
A,ETF,ETFk12d08,U56,10.0,W,0,0,True,1.8342593608893207,0.026296859628667013,0.7226574533765532,-0.06973254524056771,0.6240491006237425,0.8193495333979596,0.5718917148775237,0.8526095560330802,0.030628986072577025,-0.054391182701477137,H1,"H1,H2,OOS,CAGR"
A,ETF,ETFk12d08,U56,10.0,W,0,1,False,1.7935718183009524,0.02904388323835838,0.795618741075087,-0.05986022150160775,0.680180661102382,0.9112608575878498,0.6196556051135942,0.9510090902694739,0.03393148165763993,-0.052072133297448864,-,"H1,CAGR"
A,ETF,ETFk12d08,U56,10.0,W,0,2,False,1.8534906418322938,0.030697894775171042,0.8244591821001411,-0.06179289113952546,0.7222367947007824,0.9236865968038838,0.6794085898438278,0.9480358367113926,0.03498468480893702,-0.057062678366682995,-,"H1,CAGR"
A,ETF,ETFk12d08,U56,10.0,W,0,3,False,1.8088926926730338,0.028893346235103312,0.7720422868960016,-0.06220619830621288,0.6774202641898824,0.8642843166432165,0.629562533904088,0.8941896973459077,0.03309185647806001,-0.06220619830621321,-,"H1,CAGR"
A,ETF,ETFk12d08,U56,10.0,W,0,4,False,1.8424629411982159,0.02633758855551771,0.7134935364602645,-0.08362109600593348,0.5782990631138649,0.8470351715144693,0.522630897942808,0.8794318666771244,0.0319826193018653,-0.06290096817820134,H1,"H1,OOS,CAGR"
A,ETF,ETFk12d08,U56,10.0,2W,0,0,True,1.2943500752540185,0.029172637816560876,0.7737590382542674,-0.08011775412567668,0.650844036787623,0.8949702901940804,0.5968818498909468,0.9275011207280264,0.03442102944600989,-0.05816147896226598,-,"H1,CAGR"
A,ETF,ETFk12d08,U56,10.0,2W,0,1,False,1.2366931139465571,0.03158463263572364,0.8264604159173042,-0.06360819952300545,0.7511965917407833,0.8986920428777586,0.6902929447880147,0.9409233160957553,0.035835331586228536,-0.0636081995230049,-,"H1,CAGR"
A,ETF,ETFk12d08,U56,10.0,2W,0,2,False,1.2300017684763787,0.03359919939006728,0.8654555801273531,-0.06714183941418161,0.8251051510178017,0.903834236010773,0.773413708429358,0.93986509545425,0.0369320809873912,-0.06714183941418195,-,"H1,CAGR"
A,ETF,ETFk12d08,U56,10.0,2W,0,3,False,1.309275510223972,0.029064116360606684,0.77365817467305,-0.06966890210254195,0.6723556585886525,0.8723616971859043,0.6327750583474095,0.8941383402084635,0.03324883149235158,-0.06966890210254195,-,"H1,CAGR"
A,ETF,ETFk12d08,U56,10.0,2W,0,4,False,1.3201928404312149,0.02369057729976798,0.6284472186852647,-0.07211196520985375,0.5188502749022689,0.7327484807128614,0.4659634060451168,0.7637395028733501,0.028906273987149955,-0.07210198391400024,H1,"H1,H2,OOS,CAGR"
A,ETF,ETFk12d08,U56,10.0,2W,1,0,False,1.2731256485957732,0.028726367731824354,0.7791781735937031,-0.06641300092483138,0.628437836037017,0.9278502654234699,0.5625714986644897,0.9670453169097452,0.03516156924710212,-0.05387509464069429,H1,"H1,CAGR"
A,ETF,ETFk12d08,U56,10.0,2W,1,1,False,1.2693599203888877,0.03163671979404592,0.8565667429897044,-0.06346230559186838,0.6402169803882015,1.076318603396694,0.5838058090370966,1.1005467811432508,0.03959030281159359,-0.043029625474387045,H1,"H1,CAGR"
A,ETF,ETFk12d08,U56,10.0,2W,1,2,False,1.2460378687938631,0.03060945397198478,0.8097480414653394,-0.07208865499088157,0.65076184192051,0.9647928092291342,0.5943499674951839,0.9942446323277327,0.03725959424986813,-0.05750160214366329,-,"H1,CAGR"
A,ETF,ETFk12d08,U56,10.0,2W,1,3,False,1.3162545277257534,0.02959541938229915,0.7646826362153251,-0.07700964252073828,0.6052394385677528,0.9212216924877428,0.5503757638911262,0.9502173601974667,0.036317324856734556,-0.05592023915962219,H1,"H1,CAGR"
A,ETF,ETFk12d08,U56,10.0,2W,1,4,False,1.2566561912221506,0.028987737256917834,0.7649775759048915,-0.08137938326625627,0.5978148244558924,0.9297186848477964,0.5472827441209389,0.9540835949531734,0.035647824660155036,-0.05531253015320037,H1,"H1,CAGR"
A,ETF,ETFk12d08,U56,10.0,M,0,0,True,0.8934864297666504,0.03275168428145947,0.8510910991757475,-0.05881707476558118,0.7640525615000445,0.9401471832618411,0.7043182023855106,0.9842588339522873,0.03659858106389935,-0.05428959253238941,-,"H1,CAGR"
A,ETF,ETFk12d08,U56,10.0,M,0,1,False,0.8608393501243131,0.032945588139339455,0.8492694909969031,-0.061604668811764296,0.6744228109396646,1.028852864599076,0.6409671591067118,1.038595066908891,0.03894249516711912,-0.04690308983269997,-,"H1,CAGR"
A,ETF,ETFk12d08,U56,10.0,M,0,2,False,0.8830346829574937,0.03288755374714469,0.8217583890869455,-0.07501392934947326,0.6948682510557658,0.9408233148343941,0.6650250877106565,0.9501612870711003,0.0383701806326715,-0.07501392934947282,-,"H1,CAGR"
A,ETF,ETFk12d08,U56,10.0,M,0,3,False,0.8594310622255955,0.03123112239209802,0.7739574861542061,-0.07544920397385946,0.6271700148123821,0.9148860248526584,0.5891249340607642,0.9301137951799417,0.037424465181120414,-0.07431577336034567,H1,"H1,CAGR"
A,ETF,ETFk12d08,U56,10.0,M,0,4,False,0.8285750872201872,0.030699240623858204,0.7508304233749287,-0.09661292010403577,0.6188229796740622,0.8709258187582275,0.583711142976045,0.8828016375122645,0.03709132006354454,-0.096612920104036,H1,"H1,CAGR"
A,ETF,ETFk12d08,U56,10.0,6W,0,0,True,0.7528619197913314,0.03253800432132281,0.8297113126817831,-0.07285783263690593,0.6057724935575997,1.05137754014334,0.5593525577951461,1.0665234154856627,0.04114045182716408,-0.054127465804728714,H1,"H1,CAGR"
A,ETF,ETFk12d08,U56,10.0,6W,0,1,False,0.7135917486374319,0.03715337960140985,0.9402296069707431,-0.060624362275336185,0.7433201949054856,1.1256779545985955,0.7003616844704629,1.138492638000841,0.045299988757535825,-0.055895396618637405,-,"H1,CAGR"
A,ETF,ETFk12d08,U56,10.0,6W,0,2,False,0.7229879242299861,0.03655562413756086,0.8994652453766894,-0.07135647297713854,0.7916559519902474,0.9978736921866317,0.7524195887000926,1.0148460268921882,0.04245964475119379,-0.07135647297713865,-,"H1,CAGR"
A,ETF,ETFk12d08,U56,10.0,6W,0,3,False,0.7087727005852855,0.037140853321214085,0.930672652641833,-0.06588963297697525,0.811653188811581,1.0429054147505885,0.782851565919877,1.0521735216317964,0.04225899531139321,-0.05351168483787749,-,"H1,CAGR"
A,ETF,ETFk12d08,U56,10.0,6W,0,4,False,0.7181865208108316,0.034775054920307635,0.8648001612207967,-0.07467182146632256,0.7672329702152001,0.9537962436561472,0.7308861389994639,0.9690260345062255,0.040279568940289945,-0.0746718214663229,-,"H1,CAGR"
A,ETF,ETFk12d08,U56,10.0,6W,1,0,False,0.6894302472312585,0.036030223739437206,0.9216475841792844,-0.06629180709870763,0.7336490799799075,1.1082062896995668,0.6761442578367289,1.1360909575194182,0.04366728410153864,-0.06000672514573635,-,"H1,CAGR"
A,ETF,ETFk12d08,U56,10.0,6W,1,1,False,0.6871032062253368,0.03649254995289386,0.94586812027129,-0.06549864370781633,0.7451498953447265,1.1436282449457096,0.6983161418217493,1.159772727687305,0.04418749673143885,-0.05682831500529262,-,"H1,CAGR"
A,ETF,ETFk12d08,U56,10.0,6W,1,2,False,0.6867751274447869,0.03638286620868336,0.9002082318300563,-0.08201041968030054,0.7410966368647517,1.0475605530721448,0.6890271895928143,1.0702173015100382,0.04405838619736402,-0.08201041968030032,-,"H1,CAGR"
A,ETF,ETFk12d08,U56,10.0,6W,1,3,False,0.7237680325803177,0.037266211627667856,0.9302021428625749,-0.08031230184007665,0.7889197377078089,1.0633227491227424,0.7338981726193733,1.0913753658599565,0.04410301845308173,-0.08031230184007665,-,"H1,CAGR"
A,ETF,ETFk12d08,U56,10.0,6W,1,4,False,0.7055089151425114,0.03525089195400888,0.8501898419288221,-0.09954269920504866,0.7573087210380959,0.9367966570147745,0.6978098716492805,0.9731888826839519,0.04098618656357855,-0.0995426992050481,-,"H1,CAGR"
A,ETF,ETFk12d08,U56,10.0,6W,2,0,False,0.7050599152142865,0.03410827122874083,0.8272462360280695,-0.09503092597690399,0.7362057013157696,0.9134947891725076,0.6816905314372599,0.9476790052756491,0.039240082086683614,-0.09503092597690443,-,"H1,CAGR"
A,ETF,ETFk12d08,U56,10.0,6W,2,1,False,0.7119611607998677,0.033293984063117454,0.808274480535362,-0.09373775482515079,0.7507459977125147,0.8636108307980517,0.6948532583816663,0.9041275387852888,0.037015499801268614,-0.09373775482515057,-,"H1,CAGR"
A,ETF,ETFk12d08,U56,10.0,6W,2,2,False,0.6732869107326852,0.035958084510083754,0.8747395075591666,-0.0935824666467786,0.7844855367502795,0.9606106049630225,0.7300895693159974,0.9953792296651751,0.040930372848914764,-0.0935824666467796,-,"H1,CAGR"
A,ETF,ETFk12d08,U56,10.0,6W,2,3,False,0.6737526521389388,0.03483005141777196,0.8443033649368188,-0.09485119408885534,0.756930116380372,0.9272925930735124,0.6977583135447716,0.9663458614308957,0.039916018660675734,-0.094851194088855,-,"H1,CAGR"
A,ETF,ETFk12d08,U56,10.0,6W,2,4,False,0.7034977625709712,0.032446691059762944,0.7964482123749936,-0.09420053219726554,0.7352856165568623,0.8541214695045154,0.6762816734506143,0.8948730061947523,0.03674359149052275,-0.09420053219726554,-,"H1,CAGR"
A,ETF,ETFk12d08,U56,10.0,6W,3,0,False,0.723699423741893,0.030984714629586296,0.7684910085456096,-0.09421931543676465,0.7313368715995509,0.8038330828214922,0.6641900817565705,0.8509080125525396,0.03516495424917676,-0.0942193154367641,-,"H1,H2,OOS,CAGR"
A,ETF,ETFk12d08,U56,10.0,6W,3,1,False,0.7301508521912172,0.032221361556472594,0.7893760715433145,-0.0944207628327568,0.7079240665062015,0.8646772741230129,0.6412804250044047,0.9072973481616746,0.037868879740730055,-0.09442076283275691,-,"H1,CAGR"
A,ETF,ETFk12d08,U56,10.0,6W,3,2,False,0.7421987548635557,0.03232894937948161,0.7917187135234732,-0.09421307406888046,0.720225133089343,0.8582740273048169,0.6624140110579039,0.8954570473450157,0.03722650444957054,-0.09421307406888058,-,"H1,CAGR"
A,ETF,ETFk12d08,U56,10.0,6W,3,3,False,0.6994690149586784,0.034552430989595706,0.8393833514612504,-0.09599009117135815,0.7722881681859531,0.9020574422874558,0.7140274820567187,0.9401270630114211,0.0393505863644692,-0.0959900911713577,-,"H1,CAGR"
A,ETF,ETFk12d08,U56,10.0,6W,3,4,False,0.7396824399717746,0.030319843655377543,0.748593146782986,-0.11235238334911701,0.6936155270947465,0.7998298978975253,0.6364110817366186,0.8373994992948033,0.034743549177674415,-0.11235238334911579,-,"H1,H2,OOS,CAGR"
A,ETF,ETFk12d08,U56,10.0,6W,4,0,False,0.7693338721581109,0.029732379985921042,0.7288274580449315,-0.10298216612980493,0.7980087068699971,0.6715864691834069,0.7439865039960684,0.7178397849012972,0.030172951832068362,-0.10298216612980515,H2,"H1,H2,OOS,CAGR"
A,ETF,ETFk12d08,U56,10.0,6W,4,1,False,0.7361471018532126,0.03229261870903022,0.7924641900821615,-0.08837748837287884,0.7756313768615694,0.8100971358172464,0.7160743599969602,0.8523001987378301,0.035769645117669,-0.08837748837287907,-,"H1,H2,OOS,CAGR"
A,ETF,ETFk12d08,U56,10.0,6W,4,2,False,0.7458363980658814,0.03270127017655944,0.8129317617782994,-0.09425805830126088,0.8040154777482402,0.823723620350243,0.7567806157690034,0.8570023182124199,0.03550838580544213,-0.094258058301261,-,"H1,H2,OOS,CAGR"
A,ETF,ETFk12d08,U56,10.0,6W,4,3,False,0.7654714991240296,0.029906147523022453,0.7502189383661849,-0.08713664797019072,0.7512763746702501,0.7519891320594737,0.6982716524980367,0.7909847753238981,0.0324765541892682,-0.0871366479701906,-,"H1,H2,OOS,CAGR"
A,ETF,ETFk12d08,U56,10.0,6W,4,4,False,0.7599565048554132,0.028204458540349364,0.6996991430051882,-0.10135901294304583,0.7040422118168337,0.6980350911034735,0.6509031677390172,0.7381825322339693,0.030525428404158728,-0.10135901294304694,-,"H1,H2,OOS,CAGR"
A,ETF,ETFk12d08,U56,10.0,6W,5,0,False,0.7578106878833407,0.02949826105278941,0.7438059537108292,-0.07794030973352073,0.7255413874387685,0.7617977901452413,0.6694626174435107,0.8035314675766839,0.032350697551700947,-0.07794030973352084,-,"H1,H2,OOS,CAGR"
A,ETF,ETFk12d08,U56,10.0,6W,5,1,False,0.7801558774283782,0.030914764548488405,0.7885991468847668,-0.08521491683187721,0.7204168246995689,0.8540114094671193,0.6682359616512282,0.8898634883342191,0.03474440154801273,-0.08521491683187576,-,"H1,CAGR"
A,ETF,ETFk12d08,U56,10.0,6W,5,2,False,0.7981754872768361,0.03313191469075227,0.8429652235678841,-0.06129275182497562,0.6925602165148722,0.9884885735582187,0.638129190036706,1.0172681661969205,0.03973525009797907,-0.061292751824976066,-,"H1,CAGR"
A,ETF,ETFk12d08,U56,10.0,6W,5,3,False,0.756996731785607,0.034179232763212664,0.8412728474189458,-0.07284152463728322,0.6216762545493321,1.0521966766528175,0.5757817353408873,1.0662605824741087,0.0432310644973144,-0.06153486728762203,H1,"H1,CAGR"
A,ETF,ETFk12d08,U56,10.0,6W,5,4,False,0.7682212648617437,0.0319200425103805,0.8144245123271184,-0.06653615941502178,0.6272151283445013,0.9976473118260252,0.5894007744857285,1.0091766553174741,0.03905960150451393,-0.05526371025430998,H1,"H1,CAGR"
A,ETF,ETFk12d08,U56,10.0,Q,0,0,True,0.5414233300996948,0.027441057668475155,0.6234642722327561,-0.14858839457532613,0.7013113413688892,0.56025200360943,0.6509462917661641,0.603535791948796,0.02749761190702138,-0.14858839457532436,"H2,DD","H1,H2,OOS,CAGR"
A,ETF,ETFk12d08,U56,10.0,Q,0,1,False,0.5503954609784462,0.02713951454589769,0.612326496441581,-0.1523929657601225,0.703277510793192,0.5389627018274786,0.6622610750213627,0.5759826634251449,0.026483870352235872,-0.1523929657601223,"H2,DD","H1,H2,OOS,CAGR"
A,ETF,ETFk12d08,U56,10.0,Q,0,2,False,0.5432194313417757,0.028489736638914076,0.6352823956809674,-0.1390283407831996,0.7045273362248596,0.5834413040077646,0.6793863835560899,0.6049182440318832,0.02844639203579158,-0.13902834078320148,"H2,DD","H1,H2,OOS,CAGR"
A,ETF,ETFk12d08,U56,10.0,Q,0,3,False,0.5275435621911205,0.03012149447806256,0.6834811231879384,-0.14170395331853203,0.7793274260011396,0.616030460946252,0.7525306493896569,0.6388336317584484,0.029980712512766017,-0.14170395331853203,"H2,DD","H1,H2,OOS,CAGR"
A,ETF,ETFk12d08,U56,10.0,Q,0,4,False,0.533047457043338,0.028160040486219895,0.6454773260335768,-0.15456222167495637,0.7588190622820513,0.560558739464127,0.7334009607882461,0.5852322633662635,0.026922101955404232,-0.15456222167495393,"H2,DD","H1,H2,OOS,CAGR"
A,ETF,ETFk12d09,U56,10.0,D,0,0,True,3.9589286570244244,0.017104232165420452,0.6345158126887995,-0.07443344258764617,0.6219891523639369,0.6470120834771594,0.5414230085962208,0.7089151812417104,0.019452226022352193,-0.07443344258764695,"H1,H2","H1,H2,OOS,CAGR"
A,ETF,ETFk12d09,U56,10.0,2D,0,0,True,2.8068220417136667,0.01757005992969174,0.6495576789031553,-0.0630531364691016,0.6674379680909114,0.6345681263814114,0.5878017111149917,0.698625444362086,0.019276653157777934,-0.06305313646910116,H2,"H1,H2,OOS,CAGR"
A,ETF,ETFk12d09,U56,10.0,2D,1,0,False,2.8042001716357468,0.018036866877270796,0.6640330580269777,-0.07505174860822561,0.6595026946763854,0.669559699830809,0.5858014906917359,0.7259647785131138,0.020160220151094643,-0.07505174860822517,H2,"H1,H2,OOS,CAGR"
A,ETF,ETFk12d09,U56,10.0,W,0,0,True,1.749522637466094,0.01712097382317168,0.6303697216152752,-0.05993397716519133,0.5973392809206057,0.6616727267215704,0.5392515345959394,0.7012414720429901,0.01966338922448485,-0.059933977165192664,"H1,H2","H1,H2,OOS,CAGR"
A,ETF,ETFk12d09,U56,10.0,W,0,1,False,1.7710964356440415,0.019317082483665704,0.7091347415021171,-0.06247903261501253,0.659179741368332,0.7557617713358185,0.5806627789715901,0.8098964901492338,0.022681023395245914,-0.062479032615013974,-,"H1,H2,OOS,CAGR"
A,ETF,ETFk12d09,U56,10.0,W,0,2,False,1.7630509936347387,0.021926078390764214,0.79222570768029,-0.057269902873393286,0.7288705603554825,0.8509200525508052,0.6592333999361862,0.8957405969654747,0.0255872617914219,-0.05726990287339395,-,"H1,CAGR"
A,ETF,ETFk12d09,U56,10.0,W,0,3,False,1.8015047265169013,0.020770006646073425,0.7452733035206129,-0.05826355808442141,0.7324258376661886,0.7584513292427629,0.6835599406385793,0.794287561989446,0.02258488341382625,-0.05826355808442296,-,"H1,H2,OOS,CAGR"
A,ETF,ETFk12d09,U56,10.0,W,0,4,False,1.7811242776429685,0.018103380597226604,0.6558763807811057,-0.05479729914807541,0.6191625674521646,0.6904996185171826,0.5610540763849032,0.730575901637749,0.02067688385833666,-0.0547972991480733,H1,"H1,H2,OOS,CAGR"
A,ETF,ETFk12d09,U56,10.0,2W,0,0,True,1.309559861446781,0.018028757755096825,0.6429294619682544,-0.05184508341147687,0.623101302433927,0.6626400214476853,0.5600760142138588,0.7073638042755915,0.02048505419580504,-0.05184508341147631,"H1,H2","H1,H2,OOS,CAGR"
A,ETF,ETFk12d09,U56,10.0,2W,0,1,False,1.2895479257108406,0.020032614630495216,0.7068257563488513,-0.0620568495026077,0.7097713400866384,0.7075591096241415,0.6335520451683003,0.7632966884831834,0.022505180149875903,-0.06205684950260515,-,"H1,H2,OOS,CAGR"
A,ETF,ETFk12d09,U56,10.0,2W,0,2,False,1.2264993192785425,0.023481273224422283,0.8180474241532038,-0.06064129449833977,0.8396903091494986,0.8038079483716224,0.7718039089055293,0.8541935377565288,0.02556627888248686,-0.060641294498340215,-,"H1,H2,OOS,CAGR"
A,ETF,ETFk12d09,U56,10.0,2W,0,3,False,1.2666029422756926,0.020463992115778096,0.7294379252715484,-0.056137801022864364,0.7250607499640443,0.7351428039111807,0.6795600140215095,0.7688490133115834,0.022085606855985374,-0.056137801022864586,-,"H1,H2,OOS,CAGR"
A,ETF,ETFk12d09,U56,10.0,2W,0,4,False,1.2721078237499939,0.015962963328063795,0.563418765488836,-0.07305914909159583,0.5897622566174204,0.5441358440439172,0.5352702148158213,0.5855466238892103,0.017345024991405333,-0.07305914909159583,"H1,H2","H1,H2,OOS,CAGR"
A,ETF,ETFk12d09,U56,10.0,2W,1,0,False,1.2033414265903575,0.020569216427912762,0.7460460042153454,-0.06186509449593813,0.6417304853991239,0.8410837953759958,0.5658184858521156,0.8864926613534053,0.025227713807500995,-0.06186509449593747,-,"H1,CAGR"
A,ETF,ETFk12d09,U56,10.0,2W,1,1,False,1.2072318401894195,0.02296111646104282,0.8286880300394609,-0.04350422890421557,0.6863075707589678,0.9591776686151443,0.6124219516920026,0.9994990633158761,0.028410833571546723,-0.043504228904215014,-,"H1,CAGR"
A,ETF,ETFk12d09,U56,10.0,2W,1,2,False,1.2325633504001248,0.022726065859627997,0.8066236385332837,-0.040082731462041,0.6862227826856456,0.9155265396489148,0.6118759033037835,0.9572517860364761,0.027943959017757702,-0.04008273146204011,-,"H1,CAGR"
A,ETF,ETFk12d09,U56,10.0,2W,1,3,False,1.246671060724675,0.021219374910351085,0.7367778584617024,-0.05246705077385494,0.628830963435331,0.8361416942273427,0.5555916694866114,0.8806761802248091,0.02595112950868761,-0.05246705077385572,H1,"H1,OOS,CAGR"
A,ETF,ETFk12d09,U56,10.0,2W,1,4,False,1.2474186383349442,0.019097037039171205,0.6721704075764203,-0.050213680025893215,0.5848964487450732,0.7519826166708685,0.5296067263483275,0.783962988810747,0.02291441863658017,-0.05021368002589355,H1,"H1,H2,OOS,CAGR"
A,ETF,ETFk12d09,U56,10.0,M,0,0,True,0.8551722860908427,0.022330061173452043,0.7898928566437738,-0.06287648600080031,0.8150733233660123,0.7681481273164106,0.7350272005455875,0.833746568576625,0.023955125399742316,-0.06287648600080098,-,"H1,H2,OOS,CAGR"
A,ETF,ETFk12d09,U56,10.0,M,0,1,False,0.8721510929997552,0.023173928161489554,0.8050726495505833,-0.04853121575213093,0.7649129885254364,0.8431620245286183,0.7202109337896418,0.8729202793362714,0.02555320468303668,-0.048531215752131374,-,"H1,OOS,CAGR"
A,ETF,ETFk12d09,U56,10.0,M,0,2,False,0.8946313520189707,0.02365763892233197,0.8083959057293213,-0.0580705978307301,0.7608540213809261,0.8533141474914956,0.7184964500389597,0.8775869784221059,0.02673073177148555,-0.05807059783072954,-,"H1,OOS,CAGR"
A,ETF,ETFk12d09,U56,10.0,M,0,3,False,0.8595129323750489,0.02306692818348499,0.7796696563083009,-0.05764029450627439,0.7324610268523982,0.8240185453673183,0.6928950604874256,0.8478171091274136,0.025765107349594807,-0.05764029450627439,-,"H1,H2,OOS,CAGR"
A,ETF,ETFk12d09,U56,10.0,M,0,4,False,0.796177595465388,0.022974947165704585,0.7553801492382326,-0.08122963040426423,0.7533053757768258,0.7635089041591054,0.7185596885618125,0.7847044071497371,0.025287257323552303,-0.08122963040426456,-,"H1,H2,OOS,CAGR"
A,ETF,ETFk12d09,U56,10.0,6W,0,0,True,0.7161171048975842,0.023431966476967547,0.8033482864035506,-0.04777869676607205,0.676356646249042,0.9186262027491682,0.6354391379538064,0.9344822166730496,0.028099711251995174,-0.04777869676607194,-,"H1,CAGR"
A,ETF,ETFk12d09,U56,10.0,6W,0,1,False,0.6986059350283067,0.025381332302773396,0.8579944236158253,-0.052738651155145644,0.7260890438572453,0.975101497264993,0.6824545447292407,0.9904459408944658,0.030765327883021554,-0.05273865115514509,-,"H1,CAGR"
A,ETF,ETFk12d09,U56,10.0,6W,0,2,False,0.685195316480939,0.02560882462641323,0.8572849753848741,-0.05693248123528305,0.7921856674221713,0.9178735234594605,0.7528148948622949,0.9361972267407456,0.02951769415277883,-0.05693248123528227,-,"H1,CAGR"
A,ETF,ETFk12d09,U56,10.0,6W,0,3,False,0.6704193138223883,0.026048484210129175,0.8760697564504745,-0.05743363407781499,0.8364943720728836,0.9142426089074097,0.8197417267391743,0.920022468005583,0.028378910319788453,-0.05743363407781521,-,"H1,CAGR"
A,ETF,ETFk12d09,U56,10.0,6W,0,4,False,0.7085691722705308,0.024037828597152755,0.7943621426765858,-0.06307119058509725,0.8038875644468872,0.7932783216549351,0.7801204323666326,0.8076261668518024,0.025896193661188782,-0.06307119058509736,-,"H1,H2,OOS,CAGR"
A,ETF,ETFk12d09,U56,10.0,6W,1,0,False,0.6815766818132619,0.026058875211398602,0.900299294299679,-0.05199230808235056,0.8285582310656674,0.9671978920503325,0.7644334293898749,1.0080494989706923,0.02982400323974299,-0.05199230808235211,-,"H1,CAGR"
A,ETF,ETFk12d09,U56,10.0,6W,1,1,False,0.6785052585613085,0.02618272305808289,0.8961367663290388,-0.05312699173294788,0.8166175320531986,0.969578427002774,0.7504310049392008,1.0099476319885627,0.030406591298912655,-0.05312699173294855,-,"H1,CAGR"
A,ETF,ETFk12d09,U56,10.0,6W,1,2,False,0.6893925989732868,0.02633854880091957,0.8893069220413438,-0.060925291398912784,0.7637458927813748,1.0008193061609127,0.686911677597675,1.0404640430661798,0.03253336654268035,-0.06092529139891312,-,"H1,CAGR"
A,ETF,ETFk12d09,U56,10.0,6W,1,3,False,0.7048983402192098,0.026809122534508845,0.9035960552927816,-0.06008186678894556,0.821938886957329,0.9786352455736463,0.7445668401775054,1.0262827690908798,0.03159070646933482,-0.060081866788941785,-,"H1,CAGR"
A,ETF,ETFk12d09,U56,10.0,6W,1,4,False,0.6605894149203189,0.026130598012914952,0.8436092987727151,-0.08244427201373927,0.8510916459040518,0.8451554132341701,0.7618754259378885,0.905560038557847,0.029835912022095012,-0.0824442720137396,-,"H1,CAGR"
A,ETF,ETFk12d09,U56,10.0,6W,2,0,False,0.6686851986371112,0.02475799507220522,0.8063060278149835,-0.07965740823247447,0.8373881148879718,0.7878064288209641,0.7543421665813838,0.8467532084121164,0.027586626918101986,-0.07965740823247425,-,"H1,H2,OOS,CAGR"
A,ETF,ETFk12d09,U56,10.0,6W,2,1,False,0.6931987898347135,0.024597814189252,0.8030672888001836,-0.07895354047429926,0.7956573330511834,0.8151142173159579,0.7030833144383993,0.8785880533404454,0.028387111664726516,-0.07895354047429914,-,"H1,H2,OOS,CAGR"
A,ETF,ETFk12d09,U56,10.0,6W,2,2,False,0.6498751043796489,0.025767244770932507,0.8508713610239227,-0.07891297710859424,0.88736757857444,0.8267977784452227,0.8099904324834782,0.8832755893115076,0.028198171826250285,-0.07891297710859435,-,"H1,H2,CAGR"
A,ETF,ETFk12d09,U56,10.0,6W,2,3,False,0.6637062117102983,0.02692598725332629,0.8834158801642488,-0.07891453016005434,0.9645572283226393,0.822529113189837,0.8919309674158415,0.8797623393275661,0.028213679699312433,-0.0789145301600539,-,"H2,OOS,CAGR"
A,ETF,ETFk12d09,U56,10.0,6W,2,4,False,0.691077852921195,0.02477379995099538,0.8083333465468631,-0.07888594195916987,0.8622841049272352,0.7719179012647438,0.7914576620387411,0.8236779099011584,0.026792128058720444,-0.0788859419591702,-,"H1,H2,OOS,CAGR"
A,ETF,ETFk12d09,U56,10.0,6W,3,0,False,0.7085813817519385,0.023797544374324575,0.7890140699366812,-0.07888594195917054,0.8362943066531773,0.7608793854129495,0.7545587255468849,0.817591917489294,0.026470464439894315,-0.0788859419591702,-,"H1,H2,OOS,CAGR"
A,ETF,ETFk12d09,U56,10.0,6W,3,1,False,0.7012842532966465,0.025098864732472803,0.8206956055910377,-0.07892557731192484,0.8068100598817859,0.8423521684653666,0.7173180789488848,0.8972258400200138,0.029671535360691337,-0.07892557731192473,-,"H1,CAGR"
A,ETF,ETFk12d09,U56,10.0,6W,3,2,False,0.7263640646303602,0.023977294974675045,0.7849000440628439,-0.07876278516247093,0.8313059436642776,0.7562039170009834,0.7559181485460852,0.8093261000428387,0.0264343350636147,-0.0787627851624707,-,"H1,H2,OOS,CAGR"
A,ETF,ETFk12d09,U56,10.0,6W,3,3,False,0.7154244135565341,0.024192831801421955,0.7859543400895699,-0.07922913037775836,0.8234768854228882,0.7621512912328551,0.7495069865963605,0.8151625680116737,0.026608132319281497,-0.0792291303777588,-,"H1,H2,OOS,CAGR"
A,ETF,ETFk12d09,U56,10.0,6W,3,4,False,0.7375405847422436,0.0212523144147283,0.699935257674418,-0.0794511638465294,0.709643432498242,0.6981694164097301,0.6339174747231588,0.750059815291009,0.02418839263550976,-0.07945116384652917,-,"H1,H2,OOS,CAGR"
A,ETF,ETFk12d09,U56,10.0,6W,4,0,False,0.7443876460511014,0.02001176004206351,0.661750089734896,-0.07768689939258022,0.7973560021064785,0.5594060077077868,0.7220263943856318,0.6224650161531828,0.02002330211885761,-0.07768689939258078,H2,"H1,H2,OOS,CAGR"
A,ETF,ETFk12d09,U56,10.0,6W,4,1,False,0.7412709814066472,0.021190384670243034,0.700281356191684,-0.0726805259338732,0.801059521007137,0.6239846024880857,0.7220644705334154,0.6873922862644686,0.022025212555919715,-0.07268052593387331,H2,"H1,H2,OOS,CAGR"
A,ETF,ETFk12d09,U56,10.0,6W,4,2,False,0.7200676411767832,0.023254275909009525,0.7696459578689226,-0.07281701123050699,0.8102744877285927,0.7444050921939606,0.7344947828108872,0.7981323475787605,0.025704851733760137,-0.07281701123050677,-,"H1,H2,OOS,CAGR"
A,ETF,ETFk12d09,U56,10.0,6W,4,3,False,0.7316314162370405,0.02120485018613172,0.7120210731658254,-0.06945249462396086,0.8195992670512486,0.6297476155113378,0.7396595595815143,0.6948339882741987,0.021888497418006914,-0.06945249462396097,H2,"H1,H2,OOS,CAGR"
A,ETF,ETFk12d09,U56,10.0,6W,4,4,False,0.7344227260227187,0.019278087627171203,0.6409344273461752,-0.07924461918839931,0.8081439357286794,0.5099317220195521,0.7296932353437761,0.579818226804556,0.018410582596750658,-0.0792446191883982,H2,"H1,H2,OOS,CAGR"
A,ETF,ETFk12d09,U56,10.0,6W,5,0,False,0.7258517341258885,0.02088288337049571,0.7049366854789199,-0.06178117447979692,0.7685205079917857,0.6568862316580805,0.6848773873383871,0.7216470249528668,0.0225004194298688,-0.0617811744797967,H2,"H1,H2,OOS,CAGR"
A,ETF,ETFk12d09,U56,10.0,6W,5,1,False,0.7557667713467504,0.02144174219051953,0.7327516188290866,-0.06579380835350468,0.8352871490774813,0.6486058687871187,0.760024044507256,0.7135219528271812,0.02171418863398955,-0.06579380835350479,H2,"H1,H2,OOS,CAGR"
A,ETF,ETFk12d09,U56,10.0,6W,5,2,False,0.7533101569425266,0.02315219248201794,0.7861718954564908,-0.04607092753375053,0.7894991940166783,0.7869696637373939,0.7149152829162718,0.8412640991910338,0.02575646174681534,-0.04607092753375064,-,"H1,H2,OOS,CAGR"
A,ETF,ETFk12d09,U56,10.0,6W,5,3,False,0.6880218955522407,0.02558630540012996,0.8487043288721408,-0.04680961823433305,0.7735284614737774,0.917728281376002,0.7139248762977617,0.9522707400870216,0.02985547445363612,-0.04680961823433316,-,"H1,CAGR"
A,ETF,ETFk12d09,U56,10.0,6W,5,4,False,0.7274271456535475,0.02319255425512723,0.7963452823172197,-0.04799149029389649,0.6886157941464777,0.8944231651056747,0.6513851585592598,0.9094859022264375,0.027306731131023554,-0.047991490293897376,-,"H1,CAGR"
A,ETF,ETFk12d09,U56,10.0,Q,0,0,True,0.4818663307013109,0.020329709152068665,0.6262801387833313,-0.09910002697041542,0.8085142644381076,0.4908217306413189,0.7353837001941238,0.5546014735319202,0.019225097158710458,-0.09910002697041553,H2,"H1,H2,OOS,CAGR"
A,ETF,ETFk12d09,U56,10.0,Q,0,1,False,0.5002952065758081,0.021810896731248697,0.6746101523772358,-0.09925662198679552,0.8305463399441212,0.5583611849733761,0.7602999553652515,0.6182747357799124,0.021299692495514888,-0.0992566219867953,H2,"H1,H2,OOS,CAGR"
A,ETF,ETFk12d09,U56,10.0,Q,0,2,False,0.5054145771944487,0.022594974565723458,0.6985228860239939,-0.09893304852455087,0.8158459273255448,0.6168218174670649,0.7591217429544,0.661889926207045,0.023032124439209545,-0.09893304852455054,H2,"H1,H2,OOS,CAGR"
A,ETF,ETFk12d09,U56,10.0,Q,0,3,False,0.48897904315694773,0.023617891341138453,0.7315405482981215,-0.09880816713582541,0.8640275462298641,0.6420148549244612,0.8055523205057207,0.6880842174767057,0.024066390385655723,-0.09880816713582541,H2,"H1,H2,OOS,CAGR"
A,ETF,ETFk12d09,U56,10.0,Q,0,4,False,0.49915964388661815,0.020933701681203676,0.652968832119594,-0.10016579781672175,0.8155159209592112,0.5365264570983947,0.759002850794737,0.5856327238797459,0.020189682825193067,-0.10016579781672175,H2,"H1,H2,OOS,CAGR"
A,ETF,ETFk12d10,U56,10.0,D,0,0,True,4.127501743881622,0.028491376470568097,0.6462271867559014,-0.08151836913469612,0.6022592296047525,0.6918979617218585,0.5010984253994153,0.7787267444201373,0.03318753955872045,-0.07957010827128719,H1,"H1,H2,OOS,CAGR"
A,ETF,ETFk12d10,U56,10.0,2D,0,0,True,2.995417690077093,0.029211721133133306,0.6603240722401792,-0.08090900873447715,0.6261696506727027,0.6958797277148625,0.5245696693588315,0.7846266640325397,0.03349971830314136,-0.07728427496556511,H1,"H1,H2,OOS,CAGR"
A,ETF,ETFk12d10,U56,10.0,2D,1,0,False,2.9456440288422523,0.029576620024861056,0.6665998012360523,-0.08067660411307143,0.6044267053329012,0.7306100905936335,0.505081242782804,0.8127378501646105,0.034993460066799376,-0.07295682076431476,H1,"H1,H2,OOS,CAGR"
A,ETF,ETFk12d10,U56,10.0,W,0,0,True,1.905730333730803,0.030588612558493544,0.6853929709182737,-0.08830148723082931,0.5977367531778204,0.7759461017029832,0.5034435167108937,0.8505773800224241,0.036802077359955776,-0.07034762202521616,H1,"H1,H2,OOS,CAGR"
A,ETF,ETFk12d10,U56,10.0,W,0,1,False,1.896155766066787,0.03242612168468173,0.7219700769910427,-0.08376475614358769,0.6285792761312406,0.8185678794107782,0.5269695479726888,0.8993803707600164,0.03912343625809256,-0.06587849438409588,H1,"H1,H2,CAGR"
A,ETF,ETFk12d10,U56,10.0,W,0,2,False,1.8970413434928681,0.031993309248314894,0.7080274213692188,-0.08344489083195283,0.6390626753285389,0.7782029174533767,0.5484665255296131,0.8509225399451561,0.03744901280065194,-0.06455946782742339,H1,"H1,H2,OOS,CAGR"
A,ETF,ETFk12d10,U56,10.0,W,0,3,False,1.9179407935336172,0.031203789047159924,0.6922895264244797,-0.07190310235758479,0.6419632993532667,0.7450240655401869,0.5604875108079387,0.8140318541746173,0.03528073396996256,-0.07142328458073854,-,"H1,H2,OOS,CAGR"
A,ETF,ETFk12d10,U56,10.0,W,0,4,False,1.918028692447243,0.028556890127496626,0.6354320858014181,-0.09572542989836785,0.5381663908890152,0.7368187079409702,0.44815358410719897,0.8071883617031779,0.03506372477354036,-0.07264103295844115,H1,"H1,H2,OOS,CAGR"
A,ETF,ETFk12d10,U56,10.0,2W,0,0,True,1.3505518668809016,0.03303987847118184,0.7246804426570529,-0.09599159371733768,0.659089040338989,0.7934388988154906,0.5677410673605134,0.8696667618695569,0.03813183436971479,-0.08002570436221146,-,"H1,H2,OOS,CAGR"
A,ETF,ETFk12d10,U56,10.0,2W,0,1,False,1.3212595381520087,0.03431836360757279,0.7461534189664658,-0.09096389059742893,0.71935686980702,0.7733208179360065,0.6261766232860198,0.8538182060782435,0.03816135793760811,-0.06792288885731301,-,"H1,H2,OOS,CAGR"
A,ETF,ETFk12d10,U56,10.0,2W,0,2,False,1.2644085543758792,0.035456107291819805,0.7602805194760021,-0.08390356138022081,0.769832609369078,0.7507731743206537,0.6947522008220075,0.8168466956093654,0.03750325101956542,-0.08390356138022093,-,"H1,H2,OOS,CAGR"
A,ETF,ETFk12d10,U56,10.0,2W,0,3,False,1.334771502541872,0.032766298946283356,0.7155352206870208,-0.07530949963669831,0.6967308196212785,0.7345375869242797,0.6256036580372611,0.7961397058690531,0.03542969760004522,-0.07530949963669964,-,"H1,H2,OOS,CAGR"
A,ETF,ETFk12d10,U56,10.0,2W,0,4,False,1.4264405453246771,0.027356548200081265,0.600595308642629,-0.08463016183577932,0.5319206999772442,0.6706119948817433,0.44549515448112603,0.7398861585616979,0.032846939293530664,-0.08463016183577954,"H1,H2","H1,H2,OOS,CAGR"
A,ETF,ETFk12d10,U56,10.0,2W,1,0,False,1.3583032240205501,0.030060646235829935,0.6636574250987571,-0.09479378183198284,0.5961709093262515,0.7337488265499389,0.5117343188135323,0.8026640533039326,0.035120755395479764,-0.07390178955294968,H1,"H1,H2,OOS,CAGR"
A,ETF,ETFk12d10,U56,10.0,2W,1,1,False,1.3001111882373941,0.033046786936590467,0.7241522626084357,-0.09118683700735108,0.5926472447526718,0.8628721260070503,0.509834796629412,0.923267024127893,0.040483664035039446,-0.06966840755164816,H1,"H1,CAGR"
A,ETF,ETFk12d10,U56,10.0,2W,1,2,False,1.31486860822153,0.03088797152454803,0.6731628940275101,-0.09825542100691875,0.5876891068592591,0.7626645111009274,0.5015698890372774,0.8313160281608607,0.03676029834981209,-0.06918714328061659,H1,"H1,H2,OOS,CAGR"
A,ETF,ETFk12d10,U56,10.0,2W,1,3,False,1.3558483135622807,0.02993491181306185,0.6481614870768634,-0.0962839263247891,0.5373927449841943,0.7674230854312136,0.4557772444600352,0.830766410034465,0.03657440363509035,-0.07662536268564046,H1,"H1,H2,OOS,CAGR"
A,ETF,ETFk12d10,U56,10.0,2W,1,4,False,1.3297984657950475,0.030893723261650408,0.6718724795384342,-0.10227263455140756,0.5826532820573781,0.7652661456696496,0.4995980409784609,0.8308346369520977,0.03680173932560926,-0.08343228325940377,H1,"H1,H2,OOS,CAGR"
A,ETF,ETFk12d10,U56,10.0,M,0,0,True,0.919685735605533,0.035777593895122806,0.7612131122859065,-0.07906005304570618,0.7195269218507448,0.8067806119469735,0.627871206454752,0.8891133754988179,0.039608140980107676,-0.07808962690717003,-,"H1,H2,CAGR"
A,ETF,ETFk12d10,U56,10.0,M,0,1,False,0.9290921317345864,0.03663228313186129,0.771836472088607,-0.09679126425129936,0.680493369786344,0.8715493175932999,0.5867775411750642,0.9499218734073018,0.042675779522063584,-0.08245957132900106,-,"H1,CAGR"
A,ETF,ETFk12d10,U56,10.0,M,0,2,False,0.9435713159250745,0.03438969971569006,0.7214348014111518,-0.0978815211047358,0.6446177992079226,0.8008466602260556,0.5544229099904684,0.8738224283011877,0.04028789931622789,-0.09788152110473458,-,"H1,H2,OOS,CAGR"
A,ETF,ETFk12d10,U56,10.0,M,0,3,False,0.9455044034466484,0.032280843874227916,0.6624856968381857,-0.12804220435968905,0.5727770000659009,0.7515932326511315,0.48022401885650096,0.8219458397369829,0.03948861767897127,-0.12804220435969216,H1,"H1,H2,OOS,CAGR"
A,ETF,ETFk12d10,U56,10.0,M,0,4,False,0.9034934273698801,0.03406634442505019,0.6879741747045106,-0.13886371487576787,0.625607563948562,0.7466654586876377,0.5328380800731699,0.8144349439754097,0.04091282123675599,-0.13886371487576765,"H1,DD","H1,H2,OOS,CAGR"
A,ETF,ETFk12d10,U56,10.0,6W,0,0,True,0.7854013944564355,0.03711626530172096,0.7871552126880206,-0.08914708292593032,0.6895847304068291,0.8903732862207407,0.5897344230411875,0.9719972880178434,0.04386139803788924,-0.07589228235376821,-,"H1,CAGR"
A,ETF,ETFk12d10,U56,10.0,6W,0,1,False,0.7569073196015615,0.03969436781184399,0.8361356935326503,-0.07988301722748514,0.7653109552351539,0.9081376412778217,0.6678016168037832,0.9876145099586467,0.04554323888673517,-0.0738981635871434,-,"H1,CAGR"
A,ETF,ETFk12d10,U56,10.0,6W,0,2,False,0.7659628234379781,0.039235482621864604,0.815536397914233,-0.08414458837990657,0.7742060614600967,0.8563064262219315,0.692193098230091,0.9231159825656575,0.04363158786105781,-0.08414458837990879,-,"H1,CAGR"
A,ETF,ETFk12d10,U56,10.0,6W,0,3,False,0.7368719186664298,0.04027114708424806,0.8429351551178637,-0.0810553003625275,0.80836310365303,0.8786439882615064,0.7251178872145846,0.9506108484129803,0.04381308657364946,-0.07859532333473618,-,"H1,CAGR"
A,ETF,ETFk12d10,U56,10.0,6W,0,4,False,0.7669153093500415,0.037878330949773886,0.8034239542600988,-0.08292157083979035,0.7524624966758227,0.8549818252487946,0.6728428428135449,0.9199834616476309,0.04223436886966225,-0.08292157083979046,-,"H1,CAGR"
A,ETF,ETFk12d10,U56,10.0,6W,1,0,False,0.6986151795818901,0.03870490366540902,0.8255545086683952,-0.09167879933731449,0.7459256848401312,0.9123348020805696,0.6634680496523977,0.9810835295297236,0.04356661001249473,-0.07592690931630397,-,"H1,CAGR"
A,ETF,ETFk12d10,U56,10.0,6W,1,1,False,0.694529690491529,0.03941908965902785,0.8388017460069046,-0.09565833174118843,0.7505954786616578,0.9321566706030422,0.6717194848130852,0.9946146826269483,0.04476116983801681,-0.07797519794619323,-,"H1,CAGR"
A,ETF,ETFk12d10,U56,10.0,6W,1,2,False,0.7142561824176851,0.03729515016429108,0.7797944449445895,-0.09961243377233175,0.6971066562812582,0.8651806643881673,0.6014031105075065,0.941737898456392,0.043636652848437985,-0.08839870241490633,-,"H1,CAGR"
A,ETF,ETFk12d10,U56,10.0,6W,1,3,False,0.7478937785971062,0.03828016802392531,0.782540432812154,-0.11181678479241697,0.7421511992047676,0.8229369652608397,0.6467921272130485,0.9023222126687618,0.04320235747933232,-0.11181678479241663,-,"H1,H2,CAGR"
A,ETF,ETFk12d10,U56,10.0,6W,1,4,False,0.720916150092083,0.0357754306881688,0.712945892539261,-0.12962449642521212,0.730081084297104,0.6967336544816971,0.6404824923938678,0.7735972197972583,0.03872139744416825,-0.12962449642521245,-,"H1,H2,OOS,CAGR"
A,ETF,ETFk12d10,U56,10.0,6W,2,0,False,0.7121790243485402,0.03568111373994842,0.715274208521937,-0.12683411380644305,0.7506128046159315,0.6811256247985954,0.6613993659082952,0.7609392404325248,0.03762500892056697,-0.12683411380644294,H2,"H1,H2,OOS,CAGR"
A,ETF,ETFk12d10,U56,10.0,6W,2,1,False,0.7224361539319891,0.03558051235166815,0.7124320292772807,-0.12412892426806066,0.7563777642088961,0.6697777124004383,0.6713382496499928,0.7474717183844175,0.036893155038126846,-0.12412892426806099,H2,"H1,H2,OOS,CAGR"
A,ETF,ETFk12d10,U56,10.0,6W,2,2,False,0.7094073181306012,0.03648346043108308,0.723474723072988,-0.1297674502559989,0.7932170710423634,0.6582085680552001,0.7091053381983058,0.7352250773814173,0.03705810055918368,-0.12976745025599734,H2,"H1,H2,OOS,CAGR"
A,ETF,ETFk12d10,U56,10.0,6W,2,3,False,0.7348695050498515,0.03652241193806627,0.7278311662859897,-0.12896456095099262,0.769190691361206,0.6890830676174865,0.6816309412972641,0.7660900014223551,0.03843182187977967,-0.12896456095099285,-,"H1,H2,OOS,CAGR"
A,ETF,ETFk12d10,U56,10.0,6W,2,4,False,0.7645864775522498,0.035094591910382444,0.7062614066199341,-0.1256554622161642,0.7265281346621985,0.6877119858870754,0.6374425198423953,0.7629228222392902,0.03807170577831687,-0.12565546221616297,H2,"H1,H2,OOS,CAGR"
A,ETF,ETFk12d10,U56,10.0,6W,3,0,False,0.7820421210414128,0.032878954400544336,0.6677897930868248,-0.1381854338387546,0.7100654929668153,0.6314028208264879,0.6216469242669774,0.7043716746855155,0.0354644550642913,-0.1381854338387558,H2,"H1,H2,OOS,CAGR"
A,ETF,ETFk12d10,U56,10.0,6W,3,1,False,0.7617141186252553,0.03322295947844589,0.6754036225150087,-0.13970459512411626,0.6997524358069345,0.6552632339481762,0.6105475590679701,0.7266640056822852,0.03663234469294574,-0.13970459512411526,"H2,DD","H1,H2,OOS,CAGR"
A,ETF,ETFk12d10,U56,10.0,6W,3,2,False,0.7855776725902507,0.03166904440888629,0.6453731890553301,-0.13873188262253,0.6475189832875171,0.644301391298931,0.5527323303736748,0.7201864555237977,0.035887775364944696,-0.1387318826225299,"H2,DD","H1,H2,OOS,CAGR"
A,ETF,ETFk12d10,U56,10.0,6W,3,3,False,0.7885259482511291,0.0327624698444946,0.6590840428686827,-0.13636518858788815,0.6695342762058594,0.6496751988656476,0.5824697624853709,0.7223166854527622,0.03606006529896377,-0.13636518858788638,H2,"H1,H2,OOS,CAGR"
A,ETF,ETFk12d10,U56,10.0,6W,3,4,False,0.8210786910346701,0.029730624732016597,0.6116562061133204,-0.14842776171665828,0.6595032707483537,0.5672248154992391,0.5676332038274453,0.6478230872245095,0.03160998209752308,-0.1484277617166585,"H2,DD","H1,H2,OOS,CAGR"
A,ETF,ETFk12d10,U56,10.0,6W,4,0,False,0.8483756155772122,0.031063472335282505,0.6353438791784886,-0.1419019547035043,0.7314921522341444,0.5475735146675823,0.6368518531284545,0.6340526906216749,0.03127119768549713,-0.1419019547035062,"H2,DD","H1,H2,OOS,CAGR"
A,ETF,ETFk12d10,U56,10.0,6W,4,1,False,0.8132679240311012,0.03201513880346485,0.659204423922012,-0.1260656944059505,0.7105085013624435,0.6125693882213338,0.6130587494750773,0.6965875808158741,0.03417625333857077,-0.12606569440595128,H2,"H1,H2,OOS,CAGR"
A,ETF,ETFk12d10,U56,10.0,6W,4,2,False,0.7804423609636362,0.035202016614366505,0.7237280566899063,-0.13591111578888948,0.7919812979320833,0.6631604760604652,0.705891553747493,0.7379973876382978,0.03647314759898701,-0.13591111578888904,H2,"H1,H2,OOS,CAGR"
A,ETF,ETFk12d10,U56,10.0,6W,4,3,False,0.8000550452140983,0.032308687093891786,0.6697974409109391,-0.13478086410923207,0.7785965881141285,0.5705293228925958,0.6907100329981717,0.652812153818835,0.0317263559778429,-0.1347808641092314,H2,"H1,H2,OOS,CAGR"
A,ETF,ETFk12d10,U56,10.0,6W,4,4,False,0.8273728482524968,0.028814651845731287,0.5909630441573837,-0.15350317760054477,0.7041036508764232,0.4855098580507213,0.6103572475792421,0.5748628793423377,0.028004302446111407,-0.15350317760054377,"H2,DD","H1,H2,OOS,CAGR"
A,ETF,ETFk12d10,U56,10.0,6W,5,0,False,0.8261611661287244,0.03000818718524978,0.6222183005588978,-0.1184574702523089,0.6450585543598195,0.6001950464480333,0.5463105601634887,0.6866827828927101,0.03287514164372807,-0.11845747025231024,H2,"H1,H2,OOS,CAGR"
A,ETF,ETFk12d10,U56,10.0,6W,5,1,False,0.799944110967486,0.032854426048909424,0.6809151740898947,-0.12076375551982943,0.6462611556426351,0.715775189740702,0.5534595484704754,0.7948323006122722,0.0373762562414528,-0.1207637555198291,-,"H1,H2,OOS,CAGR"
A,ETF,ETFk12d10,U56,10.0,6W,5,2,False,0.8010010806926028,0.03470078486359762,0.7203039033963046,-0.09626921506250619,0.6632254795258183,0.7788355989958581,0.5668477170795007,0.859857101843196,0.04010766228690077,-0.09626921506250485,-,"H1,H2,OOS,CAGR"
A,ETF,ETFk12d10,U56,10.0,6W,5,3,False,0.7891980005539425,0.03478855029002359,0.7263034004434797,-0.08971674018548226,0.6394587457433155,0.8174184689100711,0.5571667880253806,0.883801470505328,0.04061352006718777,-0.08101887394244034,H1,"H1,H2,CAGR"
A,ETF,ETFk12d10,U56,10.0,6W,5,4,False,0.8095394829274511,0.03445569385652014,0.7284857771713502,-0.0831370480450575,0.676732672037697,0.7821021201341694,0.585431812542222,0.8599840555377838,0.03919556343601771,-0.08226888012575462,-,"H1,H2,OOS,CAGR"
A,ETF,ETFk12d10,U56,10.0,Q,0,0,True,0.5525884958053446,0.027244438209527377,0.5340739977977871,-0.18034634371236613,0.6688150754668681,0.4086378734686357,0.5777598606808447,0.49805373718123824,0.025329037660491993,-0.18034634371236336,"H2,DD","H1,H2,OOS,CAGR"
A,ETF,ETFk12d10,U56,10.0,Q,0,1,False,0.5489334349185109,0.027355308167848813,0.5306484352016377,-0.18153520068410534,0.6786912991067082,0.3975960904294343,0.5900442451684862,0.48329402547902817,0.025109812206647097,-0.18153520068410478,"H2,DD","H1,H2,OOS,CAGR"
A,ETF,ETFk12d10,U56,10.0,Q,0,2,False,0.5285935631852102,0.028553679726555536,0.551264640072709,-0.1731525720187742,0.679572694329944,0.43725851297760754,0.598523480458638,0.5138264545133248,0.02692879815681337,-0.17315257201877243,"H2,DD","H1,H2,OOS,CAGR"
A,ETF,ETFk12d10,U56,10.0,Q,0,3,False,0.527174088817175,0.03131144269202579,0.6118165101215174,-0.18111792674528593,0.7369687313766824,0.5066329487928265,0.6587762693953463,0.5767895978922175,0.030415018337212274,-0.18111792674528493,"H2,DD","H1,H2,OOS,CAGR"
A,ETF,ETFk12d10,U56,10.0,Q,0,4,False,0.5426960024349138,0.030822124425371467,0.6028944955530465,-0.19197738998309055,0.7516505380401379,0.47844714042888276,0.6773513603181892,0.5474472373320135,0.028840105791946513,-0.1919773899830921,"H2,DD","H1,H2,OOS,CAGR"
A,ETF,ETFk12d11,U56,10.0,D,0,0,True,4.400486786206069,0.016658316955749264,0.49121270321076216,-0.07351544518779674,0.5956645901707748,0.39639644297457116,0.4859511942737501,0.4954273813957459,0.01703346542387707,-0.07351544518779551,"H1,H2","H1,H2,OOS,CAGR"
A,ETF,ETFk12d11,U56,10.0,2D,0,0,True,3.017669970895179,0.01959182846233687,0.5707620381475738,-0.07119716845120305,0.6609199346511692,0.4899286757260669,0.5476143943113332,0.589223009711809,0.020589925062908465,-0.07119716845120305,H2,"H1,H2,OOS,CAGR"
A,ETF,ETFk12d11,U56,10.0,2D,1,0,False,3.1483602603702296,0.017727782215881893,0.5163708185358197,-0.0702690228595666,0.623779310045191,0.4204992766203021,0.5238605543321467,0.5105552323137117,0.017846552926663817,-0.07026902285956815,"H1,H2","H1,H2,OOS,CAGR"
A,ETF,ETFk12d11,U56,10.0,W,0,0,True,1.8989057669385252,0.021357509968095156,0.612758166305754,-0.08848072889801017,0.7674078206019602,0.4783450079352161,0.6701406222140445,0.5689080796233621,0.020335932187760974,-0.08848072889801217,H2,"H1,H2,OOS,CAGR"
A,ETF,ETFk12d11,U56,10.0,W,0,1,False,1.9097247735549994,0.021638141174325387,0.6144525483661858,-0.07774059051908155,0.7939157343377968,0.45591971436086937,0.6919662090440619,0.5540898382662702,0.01988000562912351,-0.07774059051908055,H2,"H1,H2,OOS,CAGR"
A,ETF,ETFk12d11,U56,10.0,W,0,2,False,1.928777212612404,0.021797682663319717,0.6223018299368726,-0.06881014419204734,0.6986293111175468,0.5559167693637029,0.5940455684230999,0.6446681826665788,0.023154245945007812,-0.06881014419204934,H2,"H1,H2,OOS,CAGR"
A,ETF,ETFk12d11,U56,10.0,W,0,3,False,1.970920156395821,0.021893003427996938,0.6245563114982425,-0.06478706815924795,0.7416072258864689,0.5205228705488991,0.6394488904721533,0.6129823822369818,0.021903178071290164,-0.06478706815924995,H2,"H1,H2,OOS,CAGR"
A,ETF,ETFk12d11,U56,10.0,W,0,4,False,1.901454829320781,0.020970892026825005,0.6031080252057252,-0.07520471004499796,0.697620668682701,0.5191794002255424,0.5885288556287195,0.6147604741866076,0.021819058193049967,-0.0752047100449974,H2,"H1,H2,OOS,CAGR"
A,ETF,ETFk12d11,U56,10.0,2W,0,0,True,1.3443123126550232,0.021841270726262074,0.6102685634618777,-0.0975452817158946,0.7794521649976968,0.46403261457418415,0.6849606216896377,0.5532494785105111,0.020304228293537507,-0.09754528171589527,H2,"H1,H2,OOS,CAGR"
A,ETF,ETFk12d11,U56,10.0,2W,0,1,False,1.3472321470947548,0.022182384304045177,0.6110228255471496,-0.09294559589332196,0.8342397932199165,0.4245258758263993,0.7312225654489487,0.522530480954769,0.019643509600918208,-0.09294559589332196,H2,"H1,H2,OOS,CAGR"
A,ETF,ETFk12d11,U56,10.0,2W,0,2,False,1.3442407299321921,0.022468140622210697,0.6158592277557923,-0.09118582180012724,0.8341486431051396,0.4326672946703024,0.7453723529545966,0.5198931493841363,0.019594631754525693,-0.09118582180012758,H2,"H1,H2,OOS,CAGR"
A,ETF,ETFk12d11,U56,10.0,2W,0,3,False,1.4242263247156732,0.020492539705209367,0.5711712658615204,-0.08700700474711887,0.7673919565290858,0.40466912612104056,0.6716989131998193,0.4961348475333756,0.018356348259438215,-0.0870070047471192,H2,"H1,H2,OOS,CAGR"
A,ETF,ETFk12d11,U56,10.0,2W,0,4,False,1.3510815753023468,0.020278871008647892,0.5665294989371534,-0.09745538009719146,0.7296468152402877,0.43013797312164065,0.6345853153335774,0.5166532881946975,0.01918354715233983,-0.09745538009719124,H2,"H1,H2,OOS,CAGR"
A,ETF,ETFk12d11,U56,10.0,2W,1,0,False,1.3326234925962357,0.02480000190100151,0.7069879975266787,-0.07103578210842576,0.8408217361938063,0.5883544260467125,0.7466490173022837,0.6760569566072564,0.024184633413851353,-0.07103578210842587,H2,"H1,H2,OOS,CAGR"
A,ETF,ETFk12d11,U56,10.0,2W,1,1,False,1.3598934945325507,0.022993172307610887,0.650046195183765,-0.07608135467540855,0.7501173902535028,0.5593517248360218,0.6696367897491401,0.6343286064720872,0.022702068096155825,-0.07608135467540655,H2,"H1,H2,OOS,CAGR"
A,ETF,ETFk12d11,U56,10.0,2W,1,2,False,1.3677951535476278,0.02072831194857261,0.5879201237361,-0.07706795053671411,0.6941618724904697,0.49363286796796796,0.5859998144222399,0.5895830576285928,0.021201572067701013,-0.07706795053671578,H2,"H1,H2,OOS,CAGR"
A,ETF,ETFk12d11,U56,10.0,2W,1,3,False,1.342833014836891,0.023649369647106733,0.6579463018390939,-0.0662235044950189,0.7371579147607301,0.5868425162000557,0.6373423412980179,0.6744448550194454,0.024594327095064816,-0.06622350449501879,H2,"H1,H2,OOS,CAGR"
A,ETF,ETFk12d11,U56,10.0,2W,1,4,False,1.3372204504758125,0.021710142752459083,0.6081082083062932,-0.07981848480098752,0.6971973012090426,0.5285446335442016,0.5905092600776302,0.6221692677910714,0.02259281328198437,-0.07981848480098652,H2,"H1,H2,OOS,CAGR"
A,ETF,ETFk12d11,U56,10.0,M,0,0,True,0.9052931350560949,0.02615966178408269,0.7319362592021599,-0.07119784678811736,0.8966823336726459,0.5809355635083622,0.8134100219645142,0.6659239722939144,0.023919058120008385,-0.07119784678811714,H2,"H1,H2,OOS,CAGR"
A,ETF,ETFk12d11,U56,10.0,M,0,1,False,0.9021158823326472,0.02499763369441199,0.6890382388103851,-0.08043841320936085,0.8374619368694174,0.5553757472915528,0.7506210592512598,0.6399939436204592,0.02350230248539309,-0.08043841320936107,H2,"H1,H2,OOS,CAGR"
A,ETF,ETFk12d11,U56,10.0,M,0,2,False,0.9400556814872644,0.023454719379289557,0.6354662710517276,-0.09004531048537223,0.7748900038301327,0.5125439709165445,0.6950863152240748,0.5889205534171819,0.02214285189138443,-0.09004531048537223,H2,"H1,H2,OOS,CAGR"
A,ETF,ETFk12d11,U56,10.0,M,0,3,False,0.9270490574840999,0.02267987378871017,0.6009801070721759,-0.10153901284441236,0.718595166347496,0.504330579486816,0.6203357977669269,0.5876277246034465,0.023084272762166735,-0.10153901284441214,H2,"H1,H2,OOS,CAGR"
A,ETF,ETFk12d11,U56,10.0,M,0,4,False,0.9215412844544576,0.020962146790695524,0.5380526411538658,-0.1287006920955167,0.7001050923186423,0.41199449965149126,0.6031746970886004,0.49391160935080736,0.02032023791541482,-0.1287006920955167,H2,"H1,H2,OOS,CAGR"
A,ETF,ETFk12d11,U56,10.0,6W,0,0,True,0.7078900577900247,0.026304975101598238,0.7021840921532337,-0.09372368907911299,0.7123275956358466,0.6945093787648982,0.625757819883631,0.7630560663446827,0.029152170509844755,-0.09372368907911266,-,"H1,H2,OOS,CAGR"
A,ETF,ETFk12d11,U56,10.0,6W,0,1,False,0.6993845247228349,0.02695018124496551,0.713373269664763,-0.09721447762093616,0.7478749255194381,0.6871688536521532,0.658571039519743,0.7558809557831107,0.029696823643820203,-0.09721447762093582,H2,"H1,H2,OOS,CAGR"
A,ETF,ETFk12d11,U56,10.0,6W,0,2,False,0.690471823108707,0.027343505037384253,0.7207930245550855,-0.091441551936704,0.7974031871379326,0.656916943098555,0.7243093639404108,0.7187947640880034,0.028135170455495073,-0.091441551936704,H2,"H1,H2,OOS,CAGR"
A,ETF,ETFk12d11,U56,10.0,6W,0,3,False,0.6901768688755835,0.02567938641850831,0.6828307634309954,-0.09699672253212965,0.8374094533023144,0.5569032148719143,0.750501880028168,0.6343824281416264,0.024895113281200754,-0.09699672253212976,H2,"H1,H2,OOS,CAGR"
A,ETF,ETFk12d11,U56,10.0,6W,0,4,False,0.7562956398729767,0.024763306863466283,0.657609719960283,-0.09423374374603766,0.8531577983771207,0.5024088573807576,0.7829069092219252,0.5695497804009596,0.02251451135047855,-0.09423374374603832,H2,"H1,H2,OOS,CAGR"
A,ETF,ETFk12d11,U56,10.0,6W,1,0,False,0.7604282661754893,0.024365527142612642,0.6738488345009961,-0.08511837395429034,0.858055968656046,0.5059747694810015,0.7786529801536194,0.5895809976975833,0.021445977543316896,-0.08511837395429,H2,"H1,H2,OOS,CAGR"
A,ETF,ETFk12d11,U56,10.0,6W,1,1,False,0.7518198003941413,0.024462527328592554,0.6629661621318743,-0.08047942209185299,0.8299430275869195,0.5162743344791195,0.7498582334601641,0.5953921192418529,0.022390711815088782,-0.08047942209185122,H2,"H1,H2,OOS,CAGR"
A,ETF,ETFk12d11,U56,10.0,6W,1,2,False,0.7800018137478668,0.02276149936701022,0.6079649316258634,-0.0899553212643065,0.7984664918724564,0.4500504278547564,0.7006436062399589,0.5401411641259452,0.020986426618107235,-0.08995532126430661,H2,"H1,H2,OOS,CAGR"
A,ETF,ETFk12d11,U56,10.0,6W,1,3,False,0.7542068462514223,0.0251892721192839,0.6709921600437753,-0.10151355042745314,0.8536662541662684,0.5222060212182106,0.7543889153849116,0.6112504295264151,0.023958351155453306,-0.10151355042745369,H2,"H1,H2,OOS,CAGR"
A,ETF,ETFk12d11,U56,10.0,6W,1,4,False,0.737917678854019,0.02334455729506346,0.5962813321756236,-0.1285898695925487,0.902403417578326,0.36178486749739525,0.8007935579869823,0.45777815366213537,0.018928322123594077,-0.12858986959254937,H2,"H1,H2,OOS,CAGR"
A,ETF,ETFk12d11,U56,10.0,6W,2,0,False,0.746809700457406,0.021297171495907596,0.5300683084857182,-0.1375363312681286,0.8398179027685331,0.2934104619297904,0.7479365725981325,0.38229932757811663,0.016128975833891168,-0.13753633126812892,H2,"H1,H2,OOS,CAGR"
A,ETF,ETFk12d11,U56,10.0,6W,2,1,False,0.7903131633157251,0.02007425320025935,0.5047949432529399,-0.13719383012671138,0.7846304765757164,0.2932773631817519,0.6844895629924865,0.38458611472301696,0.016154902349497346,-0.13719383012671182,H2,"H1,H2,OOS,CAGR"
A,ETF,ETFk12d11,U56,10.0,6W,2,2,False,0.7493929191664844,0.021557942466211566,0.5400907603562607,-0.13745812555064463,0.7661695324239839,0.3711372233070409,0.6617891947070621,0.46015546358011405,0.019570518441789364,-0.1374581255506444,H2,"H1,H2,OOS,CAGR"
A,ETF,ETFk12d11,U56,10.0,6W,2,3,False,0.7754639297903028,0.02340327642060669,0.5870002563370483,-0.13759796790413115,0.8456055262551174,0.39106213719853916,0.7612652582833851,0.46987808704634526,0.019843799332559087,-0.13759796790413115,H2,"H1,H2,OOS,CAGR"
A,ETF,ETFk12d11,U56,10.0,6W,2,4,False,0.7700817817436011,0.022444592384054163,0.5633858194499793,-0.13738714245324157,0.8073792768483068,0.3813343434927303,0.7160153654825131,0.4627565113633264,0.019627699025307033,-0.13738714245324135,H2,"H1,H2,OOS,CAGR"
A,ETF,ETFk12d11,U56,10.0,6W,3,0,False,0.7852276480605552,0.022164353047549268,0.5579776437392446,-0.13738714245324146,0.8126152746323303,0.3708194638423778,0.7240984431796025,0.4501606703586023,0.019104230146463452,-0.13738714245324135,H2,"H1,H2,OOS,CAGR"
A,ETF,ETFk12d11,U56,10.0,6W,3,1,False,0.784814169400057,0.02165043733566807,0.5407328523007413,-0.13739136328486912,0.7960869892823602,0.35093583905309733,0.7157846032910866,0.425682520006143,0.018129024687963957,-0.13739136328486878,H2,"H1,H2,OOS,CAGR"
A,ETF,ETFk12d11,U56,10.0,6W,3,2,False,0.768982674435184,0.019883253275400303,0.5047560366334441,-0.13752797332527456,0.7353234085192811,0.33673087130203855,0.628532951891836,0.42571559221838157,0.017975175037945768,-0.137527973325275,H2,"H1,H2,OOS,CAGR"
A,ETF,ETFk12d11,U56,10.0,6W,3,3,False,0.7496656087152195,0.02050300580072184,0.5175159054155003,-0.13780520758956183,0.7116284572905363,0.3733706360553009,0.6042197228890906,0.46149166950911075,0.019531063538504867,-0.1378052075895615,H2,"H1,H2,OOS,CAGR"
A,ETF,ETFk12d11,U56,10.0,6W,3,4,False,0.7677677495233787,0.017932063193085712,0.47062157505130464,-0.1400361237193316,0.7270869521182499,0.2727897874633128,0.6310164926241207,0.3612010910417431,0.014459892956654619,-0.14003612371933183,"H2,DD","H1,H2,OOS,CAGR"
A,ETF,ETFk12d11,U56,10.0,6W,4,0,False,0.7889978392743824,0.018706425495421453,0.4884917872754484,-0.13690526505857192,0.8415449722000169,0.2246409316348889,0.7678028942036665,0.30393821059042886,0.012185964139278749,-0.1369052650585718,H2,"H1,H2,OOS,CAGR"
A,ETF,ETFk12d11,U56,10.0,6W,4,1,False,0.7897092176926113,0.017603439952507793,0.4555154269287386,-0.12981602821725513,0.7614302246389705,0.22556304224553383,0.6736214507392734,0.3104969558362617,0.01259271877648227,-0.12981602821725524,H2,"H1,H2,OOS,CAGR"
A,ETF,ETFk12d11,U56,10.0,6W,4,2,False,0.7513879624670079,0.02009820767314685,0.5195600388499273,-0.13471499620933836,0.8182794084253451,0.2974428961718225,0.7312563926660243,0.3808839109773694,0.015638991819819426,-0.13471499620933858,H2,"H1,H2,OOS,CAGR"
A,ETF,ETFk12d11,U56,10.0,6W,4,3,False,0.7996223158294061,0.018620958261115206,0.48634901987793383,-0.11910429704898329,0.835584467173617,0.2219221554521339,0.7589700270973537,0.3043936930532358,0.01217180314307198,-0.11910429704898251,H2,"H1,H2,OOS,CAGR"
A,ETF,ETFk12d11,U56,10.0,6W,4,4,False,0.7473407790253478,0.02033353218766809,0.5319200702035228,-0.13749650149314407,0.8672245755078781,0.27511045284523666,0.7907154565390311,0.35714110379101555,0.014313178154878425,-0.13749650149314363,H2,"H1,H2,OOS,CAGR"
A,ETF,ETFk12d11,U56,10.0,6W,5,0,False,0.7687835128726799,0.020173092541393878,0.5351400498983961,-0.1041592453360668,0.7913397688487932,0.3327848682475549,0.693207416369476,0.42490563992259045,0.016786154056173785,-0.1041592453360658,H2,"H1,H2,OOS,CAGR"
A,ETF,ETFk12d11,U56,10.0,6W,5,1,False,0.7896976943983104,0.02008623064952375,0.539459481259486,-0.10479023681049093,0.7495713677525959,0.36487784032959214,0.6515697239160978,0.4571963194221604,0.017620161750403263,-0.10479023681049093,H2,"H1,H2,OOS,CAGR"
A,ETF,ETFk12d11,U56,10.0,6W,5,2,False,0.774405646129086,0.02168505691961209,0.5864439079304349,-0.07716965242369289,0.6984608146242522,0.4878902535052441,0.6148182086145065,0.5643957965741423,0.02129246467696877,-0.07716965242369345,H2,"H1,H2,OOS,CAGR"
A,ETF,ETFk12d11,U56,10.0,6W,5,3,False,0.7167243100762036,0.02436333603419727,0.6484454351788146,-0.08052941127869273,0.6632719355053426,0.6362101581040355,0.5827215766018616,0.7010061924807616,0.026799083026238568,-0.08052941127869251,H2,"H1,H2,OOS,CAGR"
A,ETF,ETFk12d11,U56,10.0,6W,5,4,False,0.7242368722599202,0.025143183905794952,0.6751542882853359,-0.08399315720475964,0.7176221436188982,0.6377712774574988,0.6346675083554505,0.7075517589040191,0.02676797540470921,-0.08399315720475986,H2,"H1,H2,OOS,CAGR"
A,ETF,ETFk12d11,U56,10.0,Q,0,0,True,0.5220073899754737,0.022373495868931892,0.5544198174749836,-0.13991015405719653,0.8085871626144985,0.3646598880246214,0.7259861451715556,0.44003501934949096,0.018827174227567633,-0.13991015405719687,"H2,DD","H1,H2,OOS,CAGR"
A,ETF,ETFk12d11,U56,10.0,Q,0,1,False,0.5633926892057433,0.021270836334787102,0.5304171510018028,-0.14020074214545264,0.7938195788708448,0.3359061936562529,0.6902868309549411,0.42603915853010466,0.018208637982145115,-0.14020074214545275,"H2,DD","H1,H2,OOS,CAGR"
A,ETF,ETFk12d11,U56,10.0,Q,0,2,False,0.5562548069582304,0.02166403483735846,0.5329662665844079,-0.14014196725167938,0.7398054249610276,0.3754841148138887,0.6453387017448461,0.4572955696082589,0.019679654530806,-0.14014196725167893,"H2,DD","H1,H2,OOS,CAGR"
A,ETF,ETFk12d11,U56,10.0,Q,0,3,False,0.5363052121970315,0.024383379082240086,0.6141945086361912,-0.14000250951274384,0.9045320711390287,0.41578800554971446,0.8039504830476122,0.5001253395752823,0.02162239014273104,-0.14000250951274373,"H2,DD","H1,H2,OOS,CAGR"
A,ETF,ETFk12d11,U56,10.0,Q,0,4,False,0.5275148410997264,0.023834815276196686,0.5975592694669674,-0.14015552896457195,0.8734386258980505,0.40669115126486166,0.7830612396254103,0.4842039563635016,0.020947377058095684,-0.14015552896457217,"H2,DD","H1,H2,OOS,CAGR"
A,ETF,ETFk12d12,U56,10.0,D,0,0,True,4.116436848049875,0.01676608634539134,0.5406767032905908,-0.06278489496451434,0.3166128720233478,0.7641672770686285,0.2664366772825929,0.782036751851154,0.023870689131881173,-0.06278489496451611,H1,"H1,H2,OOS,CAGR"
A,ETF,ETFk12d12,U56,10.0,2D,0,0,True,2.9029818883005074,0.017080112446210327,0.5483841869732718,-0.07048289034646682,0.39180226947199903,0.7044129552157189,0.3420758210922475,0.7300576314299252,0.02232103030181176,-0.07048289034646449,H1,"H1,H2,OOS,CAGR"
A,ETF,ETFk12d12,U56,10.0,2D,1,0,False,2.872063829068564,0.01797865125875564,0.5722572123992754,-0.06042158722400126,0.3339769585460679,0.8046306468865915,0.2869773355075039,0.8174702893570845,0.025535535390797337,-0.06042158722400115,H1,"H1,H2,OOS,CAGR"
A,ETF,ETFk12d12,U56,10.0,W,0,0,True,1.8590086754277575,0.016865239947108757,0.5403777027808032,-0.05511950042372771,0.33939675646725886,0.7364936201961173,0.30464848091103425,0.7431167231398703,0.023031721955192763,-0.05351859754289989,H1,"H1,H2,OOS,CAGR"
A,ETF,ETFk12d12,U56,10.0,W,0,1,False,1.8526297261022355,0.019240036059156918,0.6096536368275488,-0.0626836950751668,0.3284512274075293,0.889875405655063,0.2781295862866306,0.9012009769620005,0.02800954353224938,-0.06268369507516525,H1,"H1,CAGR"
A,ETF,ETFk12d12,U56,10.0,W,0,2,False,1.8811603933469676,0.022056539066142244,0.6844257655464171,-0.07142156832775648,0.44198420271811495,0.915097997257626,0.41616667994954853,0.9089633166919708,0.029390311487228704,-0.07142156832775659,H1,"H1,CAGR"
A,ETF,ETFk12d12,U56,10.0,W,0,3,False,1.8999669871979243,0.019108752413639962,0.594013671534938,-0.0625749346087584,0.37767149364014,0.8058379577554656,0.35370471820565025,0.8016115078119369,0.025537302278824114,-0.06257493460876196,H1,"H1,H2,OOS,CAGR"
A,ETF,ETFk12d12,U56,10.0,W,0,4,False,1.8705667116184315,0.01693941357981754,0.5330288782852368,-0.06563003328560624,0.2832943577663318,0.7781816590645931,0.25184770783892413,0.7766113276358125,0.024483845766102297,-0.04874279160479578,H1,"H1,H2,OOS,CAGR"
A,ETF,ETFk12d12,U56,10.0,2W,0,0,True,1.3566952462630069,0.017461774973696942,0.5421069014603366,-0.06131985346619773,0.35550110263110635,0.7236710097139923,0.31844267224563044,0.7341007175247272,0.023498498889597874,-0.05508725465866526,H1,"H1,H2,OOS,CAGR"
A,ETF,ETFk12d12,U56,10.0,2W,0,1,False,1.3629820684616778,0.020281961102865287,0.6187413352694725,-0.0629910636288229,0.4326260060616297,0.7955613144466355,0.3862999132966537,0.813288201713491,0.026752532766185055,-0.06299106362882256,H1,"H1,H2,OOS,CAGR"
A,ETF,ETFk12d12,U56,10.0,2W,0,2,False,1.2991845651660827,0.023405847457864892,0.7128854806357666,-0.06438891747063358,0.5433738575025168,0.8714443157885473,0.5128213264156395,0.8773410648341248,0.02906137830793787,-0.0643889174706298,H1,"H1,OOS,CAGR"
A,ETF,ETFk12d12,U56,10.0,2W,0,3,False,1.3917555612664578,0.01904837868121212,0.5964822205911449,-0.06532593018452237,0.3876256612986262,0.80245054735971,0.36759441514472707,0.7952090409856509,0.025080583556062575,-0.06532593018452182,H1,"H1,H2,OOS,CAGR"
A,ETF,ETFk12d12,U56,10.0,2W,0,4,False,1.3313437752587705,0.01730385761826625,0.5434218252789542,-0.06753110506836246,0.312428306106046,0.7659703631986085,0.2806909672041385,0.7659536375007612,0.024411888511127078,-0.06753110506836169,H1,"H1,H2,OOS,CAGR"
A,ETF,ETFk12d12,U56,10.0,2W,1,0,False,1.3024716925712085,0.020003656583701845,0.631191240641739,-0.059806876390224306,0.33068893125994103,0.921722680645846,0.28112537967237544,0.9291438217054171,0.029425173637525948,-0.05747469552420392,H1,"H1,CAGR"
A,ETF,ETFk12d12,U56,10.0,2W,1,1,False,1.2873977807901587,0.023160273621440686,0.7237018076441962,-0.05468414778378905,0.37447124547722355,1.0713348145468669,0.3358340407401518,1.0640396651401403,0.03354653193454493,-0.05157430003237096,H1,"H1,CAGR"
A,ETF,ETFk12d12,U56,10.0,2W,1,2,False,1.2914647189603266,0.022300177345905503,0.6838295083356339,-0.0627923089611574,0.38254902986895345,0.968642977924435,0.34525428591593704,0.9651626675784041,0.03175370231829344,-0.05748557565543966,H1,"H1,CAGR"
A,ETF,ETFk12d12,U56,10.0,2W,1,3,False,1.307952882033143,0.020423205045787096,0.6096613955161273,-0.06661720614679945,0.3210084647250067,0.8872265681744926,0.2793378844774584,0.890074229855082,0.029850836652532298,-0.05542658610384499,H1,"H1,CAGR"
A,ETF,ETFk12d12,U56,10.0,2W,1,4,False,1.3322479970740349,0.01768052496249717,0.5399522707902639,-0.06768358585187961,0.2583681613062188,0.8128696181087988,0.23043244916581418,0.8048441835856655,0.0263174664684116,-0.06091771211536967,H1,"H1,H2,OOS,CAGR"
A,ETF,ETFk12d12,U56,10.0,M,0,0,True,0.8724808336967675,0.02293110601020576,0.6899546739151785,-0.07322991003043311,0.5240974894978018,0.8549195421122485,0.46394622346194164,0.888349957760979,0.028982696929263918,-0.07322991003043156,H1,"H1,CAGR"
A,ETF,ETFk12d12,U56,10.0,M,0,1,False,0.8658478869107971,0.023696689812289673,0.7048084122832992,-0.061498384935354755,0.4374270750787313,0.9735835840857923,0.41233773521119793,0.964384139627834,0.03173272031174812,-0.048859853795225505,H1,"H1,CAGR"
A,ETF,ETFk12d12,U56,10.0,M,0,2,False,0.8756904718499573,0.025060466592605746,0.7382266887751179,-0.05775626127389777,0.4849765764693178,0.9766213298795009,0.46494829830412004,0.9643345350628524,0.03300896260122088,-0.049650504321077205,H1,"H1,CAGR"
A,ETF,ETFk12d12,U56,10.0,M,0,3,False,0.8607729346601931,0.023109299504935565,0.6767377236304127,-0.06579751554670532,0.40028113298968737,0.9419569502437655,0.3771435542411464,0.9301534162278735,0.03177782304970944,-0.05219110906614355,H1,"H1,CAGR"
A,ETF,ETFk12d12,U56,10.0,M,0,4,False,0.8557203838172868,0.021770549942107253,0.6344460172018821,-0.07004997798440449,0.3538416113633929,0.8907396727796542,0.33523008981511115,0.8744922696817377,0.030757892961700284,-0.07004997798440471,H1,"H1,OOS,CAGR"
A,ETF,ETFk12d12,U56,10.0,6W,0,0,True,0.7821605955135416,0.022246350798259984,0.6683231628722158,-0.057453055991884217,0.38271455739099397,0.9456354135919668,0.3507366853237763,0.9411512963208438,0.031142282599558646,-0.044098484220203904,H1,"H1,CAGR"
A,ETF,ETFk12d12,U56,10.0,6W,0,1,False,0.7444914478640156,0.0253491346878314,0.7442571081074221,-0.04776854008936959,0.46517492536886124,1.0045870953018685,0.43763404873064105,0.9966679469160193,0.034339426305681764,-0.0476458096692145,H1,"H1,CAGR"
A,ETF,ETFk12d12,U56,10.0,6W,0,2,False,0.7514485549831301,0.02491445511709367,0.727075352315122,-0.051425340388611795,0.4529461211127412,0.9741957286056538,0.428164759544117,0.9637137893811722,0.033995274375510975,-0.05142534038861335,H1,"H1,CAGR"
A,ETF,ETFk12d12,U56,10.0,6W,0,3,False,0.738710487356687,0.024924573648111847,0.7318387128922744,-0.05831061056765319,0.5100152950630785,0.9386024538318918,0.5047246077910426,0.9167167290089888,0.031666848463657304,-0.05831061056765208,H1,"H1,CAGR"
A,ETF,ETFk12d12,U56,10.0,6W,0,4,False,0.7343470541937224,0.024732011151353595,0.7325211967534165,-0.059264915411663455,0.4700600950629071,0.9693931519091791,0.4548460228013598,0.9508801714874718,0.033122474912836264,-0.05926491541166001,H1,"H1,CAGR"
A,ETF,ETFk12d12,U56,10.0,6W,1,0,False,0.7072427610461924,0.026462543321766674,0.7721451646772142,-0.06772118793564219,0.48970183641135323,1.0433340881903654,0.44439320343575894,1.0485853789908062,0.035974111308562984,-0.06082182736385522,H1,"H1,CAGR"
A,ETF,ETFk12d12,U56,10.0,6W,1,1,False,0.716445470399208,0.02541601549554362,0.7529214819123873,-0.0646892187789847,0.4572165655548534,1.0365046776374964,0.4148553074366398,1.036635091421005,0.03512174320405426,-0.06445604354210066,H1,"H1,CAGR"
A,ETF,ETFk12d12,U56,10.0,6W,1,2,False,0.7184062407097155,0.025948074923718867,0.7628436006340025,-0.07098167057074745,0.43388232768645735,1.0741546279163672,0.3783639549422985,1.0813601893731892,0.037175328269022145,-0.05851499368126423,H1,"H1,CAGR"
A,ETF,ETFk12d12,U56,10.0,6W,1,3,False,0.7276871380796293,0.026458067199853774,0.7804323231278308,-0.07044310484505578,0.4810292140135047,1.0638155034894177,0.42269249627272326,1.0766926869145328,0.036859503073002564,-0.07044310484505634,H1,"H1,CAGR"
A,ETF,ETFk12d12,U56,10.0,6W,1,4,False,0.7299338843649908,0.024241988252532876,0.6955722595079383,-0.07373788785748103,0.45695083863097685,0.920169894007495,0.4026949655321986,0.9370810056510817,0.033032034780053676,-0.07373788785748103,H1,"H1,CAGR"
A,ETF,ETFk12d12,U56,10.0,6W,2,0,False,0.7510013315174761,0.02232084001409751,0.6391171079119524,-0.07972624331393896,0.4790889938021526,0.7893238777649917,0.4288601384699505,0.8121684986529821,0.028657265973198953,-0.07972624331393863,H1,"H1,H2,OOS,CAGR"
A,ETF,ETFk12d12,U56,10.0,6W,2,1,False,0.7579784843305901,0.022428313124206678,0.6449232673067419,-0.07857668269295848,0.4668440261833326,0.8172516688060611,0.4138899300508965,0.8425144110874754,0.02912800011207728,-0.07857668269295792,H1,"H1,H2,OOS,CAGR"
A,ETF,ETFk12d12,U56,10.0,6W,2,2,False,0.7281348394813119,0.02547682589229794,0.7451714028631974,-0.07848835019417466,0.5700275115974257,0.9096135426230435,0.5236380455498653,0.9280827133607791,0.031970249768152215,-0.078488350194175,H1,"H1,CAGR"
A,ETF,ETFk12d12,U56,10.0,6W,2,3,False,0.7324900421678621,0.02553772582251912,0.741473742653027,-0.07967470741802074,0.5397753656748207,0.9311585354919839,0.48799411157976935,0.9514941390794035,0.03300606966797304,-0.07967470741802052,H1,"H1,CAGR"
A,ETF,ETFk12d12,U56,10.0,6W,2,4,False,0.7512782821751488,0.02407609320492443,0.6987184171405426,-0.0794244510625347,0.4984851837106374,0.8844321397432068,0.44605874905234544,0.9051353234883955,0.031627528392134785,-0.07942445106253548,H1,"H1,CAGR"
A,ETF,ETFk12d12,U56,10.0,6W,3,0,False,0.7600141223667458,0.023110063897030075,0.6848429152132818,-0.07943441693904629,0.4617337688558563,0.8863629171876837,0.40000624356514974,0.9104730738040636,0.03162095877447069,-0.07943441693904685,H1,"H1,CAGR"
A,ETF,ETFk12d12,U56,10.0,6W,3,1,False,0.7648827053928854,0.023900392329476716,0.7008873370628159,-0.07970652330982253,0.4593564736942131,0.9173633692344612,0.3984706925417429,0.9380114372666977,0.03308354408115499,-0.07970652330982275,H1,"H1,CAGR"
A,ETF,ETFk12d12,U56,10.0,6W,3,2,False,0.7604756695546177,0.02497574771021993,0.7338360664976238,-0.0796254169303271,0.5416221500250799,0.9062534504697165,0.47979981484701917,0.9326151995064489,0.032802553150635516,-0.07962541693032732,H1,"H1,CAGR"
A,ETF,ETFk12d12,U56,10.0,6W,3,3,False,0.7527262970808999,0.02510875305631255,0.7283663467276316,-0.08158637179875028,0.5107396744422183,0.9277385747488334,0.4504328690359489,0.952046093150858,0.03351803484168414,-0.08158637179875106,H1,"H1,CAGR"
A,ETF,ETFk12d12,U56,10.0,6W,3,4,False,0.7956331143054396,0.020555290833955908,0.607183262713806,-0.09187065400856675,0.4044029573105336,0.791370182598842,0.34450650370931485,0.8163408508922374,0.028397381682862433,-0.09187065400856609,H1,"H1,H2,OOS,CAGR"
A,ETF,ETFk12d12,U56,10.0,6W,4,0,False,0.8181111758887311,0.018012585767164024,0.5274680508843508,-0.0970835329575297,0.45286783126298225,0.594632694794804,0.3929214931121455,0.6313854838209284,0.022393790993536555,-0.0970835329575277,"H1,H2","H1,H2,OOS,CAGR"
A,ETF,ETFk12d12,U56,10.0,6W,4,1,False,0.7791967623253206,0.020153952234318817,0.5884389610863774,-0.07861130940584748,0.4594430512166761,0.7047423010676955,0.3979345287331735,0.738026051545967,0.026080764029121184,-0.07861130940584848,H1,"H1,H2,OOS,CAGR"
A,ETF,ETFk12d12,U56,10.0,6W,4,2,False,0.7610890986809895,0.021692401250367865,0.6380723607886383,-0.07971461987366579,0.47172204922604916,0.7898709309870147,0.42708860614392835,0.8067399279637558,0.028065593502514252,-0.07971461987366601,H1,"H1,H2,OOS,CAGR"
A,ETF,ETFk12d12,U56,10.0,6W,4,3,False,0.7767347048176068,0.02006767036372592,0.5961992788415893,-0.07503419047140725,0.4603406071667171,0.7210531744713832,0.4088685162425583,0.7468564573426896,0.02564806329993785,-0.07503419047140725,H1,"H1,H2,OOS,CAGR"
A,ETF,ETFk12d12,U56,10.0,6W,4,4,False,0.7931955185496387,0.01771626025368378,0.5253354274260074,-0.08564828174380146,0.43084624919921216,0.6112717021072286,0.37954125138412853,0.6406815635990858,0.022198081708644235,-0.08564828174380201,"H1,H2","H1,H2,OOS,CAGR"
A,ETF,ETFk12d12,U56,10.0,6W,5,0,False,0.8041500537396516,0.018665013080714665,0.5591753496166936,-0.06655670168035377,0.37391900223161656,0.7307930651763822,0.3151248135650057,0.7579028174764384,0.025747034070139785,-0.06655670168035399,H1,"H1,H2,OOS,CAGR"
A,ETF,ETFk12d12,U56,10.0,6W,5,1,False,0.8215282469807659,0.02121534733655328,0.6341753130101151,-0.07899360065935257,0.44337180062355974,0.8168353435480596,0.3956121732934111,0.8357127967540441,0.027944753587161975,-0.07899360065935557,H1,"H1,H2,OOS,CAGR"
A,ETF,ETFk12d12,U56,10.0,6W,5,2,False,0.8273002940241021,0.022821729741482777,0.6697068574877162,-0.05345538107659198,0.4228371241408824,0.8984054236165118,0.37913584989001975,0.9063639810756094,0.031414841111359726,-0.051103776814013346,H1,"H1,CAGR"
A,ETF,ETFk12d12,U56,10.0,6W,5,3,False,0.7652221348453246,0.024178106709661584,0.6938790506923512,-0.05852764566988122,0.3737932371326148,0.9930467240049742,0.3298982747926305,0.9943893239640504,0.035105339095540034,-0.05348885366072176,H1,"H1,CAGR"
A,ETF,ETFk12d12,U56,10.0,6W,5,4,False,0.7981468755157266,0.02243214525768744,0.6638965174104761,-0.06060554339162816,0.39866602575549853,0.9147437858231131,0.3772664913161588,0.9033907065957785,0.030694679409594805,-0.06060554339162838,H1,"H1,CAGR"
A,ETF,ETFk12d12,U56,10.0,Q,0,0,True,0.535506958198759,0.016728068342140467,0.4449874001905656,-0.13745461130652947,0.44383738435487413,0.44943772493102657,0.3939277461041976,0.48366031206323545,0.019169089866879263,-0.1374546113065278,"H1,H2","H1,H2,OOS,CAGR"
A,ETF,ETFk12d12,U56,10.0,Q,0,1,False,0.5535874580844491,0.017426321880035678,0.4667625663717829,-0.14616346445997164,0.4239423573906419,0.5058703701301821,0.3858403819130491,0.5278951094039852,0.020715232352653823,-0.14616346445997286,"H1,H2,DD","H1,H2,OOS,CAGR"
A,ETF,ETFk12d12,U56,10.0,Q,0,2,False,0.5542412586386017,0.018471606784336236,0.4891832805015268,-0.13535721246085952,0.4185144694522637,0.5509681908813974,0.3997411500434052,0.554660290200484,0.022458108891260764,-0.1353572124608592,"H1,H2","H1,H2,OOS,CAGR"
A,ETF,ETFk12d12,U56,10.0,Q,0,3,False,0.5407373497825696,0.019388210991785115,0.5268739773180647,-0.13405573514102387,0.5062075769298039,0.5518038726174059,0.4775430527144405,0.5645553426304807,0.022704352482707524,-0.13405573514102187,"H1,H2","H1,H2,OOS,CAGR"
A,ETF,ETFk12d12,U56,10.0,Q,0,4,False,0.5550976391462731,0.01630230844756686,0.4518486205856059,-0.1436873552886948,0.39736228822402103,0.5004945011390786,0.3672492409276918,0.5126070295710609,0.02012172316645655,-0.14368735528869236,"H1,H2,DD","H1,H2,OOS,CAGR"
A,ETF,ETFk12d13,U56,10.0,D,0,0,True,3.635475297153545,0.030452336105896816,0.8872998385267553,-0.05147833157772108,0.8430975337364293,0.9292785125578927,0.7471122153130721,0.9976862032454357,0.0351539516628645,-0.04842634159561643,-,"H1,CAGR"
A,ETF,ETFk12d13,U56,10.0,2D,0,0,True,2.6096073522856997,0.03133086712944988,0.9088183711665856,-0.055311783805747305,0.900378629607906,0.9191601686775129,0.8061877668270676,0.9894128086057709,0.0350568126790336,-0.055311783805747305,-,"H1,CAGR"
A,ETF,ETFk12d13,U56,10.0,2D,1,0,False,2.547822549477168,0.032150241805596114,0.9291547131041028,-0.048512396722528384,0.8874075243796273,0.9691347550521097,0.7920770421629413,1.0366579209703355,0.0369026834250219,-0.047743713416920075,-,"H1,CAGR"
A,ETF,ETFk12d13,U56,10.0,W,0,0,True,1.5889924780539266,0.03364268450715402,0.9741510434437818,-0.051402540292458276,0.9556658649427562,0.9935731199849097,0.8658557517690383,1.0592737995361188,0.037581420306048496,-0.05140254029245872,-,"H1,CAGR"
A,ETF,ETFk12d13,U56,10.0,W,0,1,False,1.6015135365045068,0.03428347830938838,0.9862918748740008,-0.05295558714938553,0.9556916986686577,1.0161754475427758,0.8680012220750083,1.0803353321085405,0.03833950492148874,-0.05295558714938642,-,"H1,CAGR"
A,ETF,ETFk12d13,U56,10.0,W,0,2,False,1.6521726904124707,0.03319785143909404,0.9357499470981122,-0.05593977184343457,0.8889079789208845,0.9807624917960668,0.8054593990017181,1.0358288768024233,0.03827079937731681,-0.0521858390386184,-,"H1,CAGR"
A,ETF,ETFk12d13,U56,10.0,W,0,3,False,1.6292711760356178,0.033190407114018994,0.9436522235818876,-0.05039917772388969,0.9134104013570191,0.9738535072551565,0.8287605346924427,1.0329785057630023,0.037567877428218655,-0.05032950366786548,-,"H1,CAGR"
A,ETF,ETFk12d13,U56,10.0,W,0,4,False,1.6091092032514702,0.032212222181530414,0.9187922678977408,-0.05586047789306603,0.875943997515707,0.9598671734129376,0.7877008265776937,1.020871306864647,0.03696668251225543,-0.05586047789306681,-,"H1,CAGR"
A,ETF,ETFk12d13,U56,10.0,2W,0,0,True,1.1671762715806016,0.03406125959046502,0.9624284870707132,-0.05993810191788462,0.9352583552587036,0.9893212322340466,0.8536453494226381,1.0485161096669182,0.037976927071819766,-0.059938101917884956,-,"H1,CAGR"
A,ETF,ETFk12d13,U56,10.0,2W,0,1,False,1.140930780238333,0.03479474774575464,0.9703502293994798,-0.06311774783505075,0.9680475219326068,0.9761773219157167,0.8894720340468646,1.0335389489622464,0.038260863695589675,-0.06311774783505086,-,CAGR
A,ETF,ETFk12d13,U56,10.0,2W,0,2,False,1.1090307528835734,0.03455393082647529,0.9353342507886487,-0.08170939875730787,1.0004831166013766,0.8907286690728735,0.9205715327668876,0.949477100022695,0.03716547726683639,-0.08170939875730843,-,CAGR
A,ETF,ETFk12d13,U56,10.0,2W,0,3,False,1.1728471867822925,0.03379517334775484,0.9534783198597789,-0.056716548121611976,0.9622411570776117,0.9508702941265316,0.8838096317561817,1.00755141571631,0.03718097178738056,-0.056716548121611976,-,CAGR
A,ETF,ETFk12d13,U56,10.0,2W,0,4,False,1.1910769000825236,0.029706296966951484,0.8240044283540315,-0.08154177806928076,0.8492630679610563,0.8087388268886558,0.7530664118613608,0.8783870367010933,0.03330592004978561,-0.08154177806928031,-,"H1,H2,OOS,CAGR"
A,ETF,ETFk12d13,U56,10.0,2W,1,0,False,1.1606544213448646,0.03268917549490791,0.9351908645604081,-0.052896779363264534,0.9188099777535483,0.9530823116382962,0.8247064469302244,1.0212735263376196,0.03686491755665111,-0.0528967793632652,-,"H1,CAGR"
A,ETF,ETFk12d13,U56,10.0,2W,1,1,False,1.1302342755125432,0.03518157268175259,1.0000285764368229,-0.04897380507911986,0.9611841874777087,1.0373499899828673,0.8769493872364508,1.0980568854525616,0.039407162580742616,-0.04897380507912097,-,CAGR
A,ETF,ETFk12d13,U56,10.0,2W,1,2,False,1.13237169472131,0.03436369647914561,0.9572170940683993,-0.05193087291927534,0.9805551604728437,0.94153474429954,0.8970502229459896,1.0041988865308762,0.03740879270152586,-0.05193087291927567,-,CAGR
A,ETF,ETFk12d13,U56,10.0,2W,1,3,False,1.15939280508279,0.03371802206929653,0.92758265482493,-0.06273393591280696,0.929987579906258,0.9297103365587046,0.8519671412695116,0.9864013305784626,0.03715862957767402,-0.06273393591280685,-,"H1,CAGR"
A,ETF,ETFk12d13,U56,10.0,2W,1,4,False,1.123717115271391,0.03418728273234106,0.9501287751691146,-0.06616360119676346,0.9035316400317409,0.9946706292728927,0.82948786286922,1.0439879929450158,0.03882671292389217,-0.06616360119676312,-,"H1,CAGR"
A,ETF,ETFk12d13,U56,10.0,M,0,0,True,0.7367154025290799,0.037106392027592916,1.0258589398167108,-0.06137912017678737,1.0508756486419488,1.0049340904325874,0.9724360877275069,1.068737052345238,0.03919283031452214,-0.06137912017678726,-,CAGR
A,ETF,ETFk12d13,U56,10.0,M,0,1,False,0.7402055928371777,0.03670667532835714,1.0092454153666086,-0.05753425607223106,0.954879229835387,1.0607977858411874,0.8801492833553299,1.1142444638614328,0.04092460181042168,-0.057534256072230616,-,"H1,CAGR"
A,ETF,ETFk12d13,U56,10.0,M,0,2,False,0.7816441129111106,0.03436232184267629,0.9108526186438362,-0.08585100544522029,0.9609720242967492,0.8753823006686491,0.8785827661162963,0.936936227798702,0.037108213542312196,-0.08585100544522073,-,CAGR
A,ETF,ETFk12d13,U56,10.0,M,0,3,False,0.7676407353500229,0.03444471248840153,0.8964801458104537,-0.09620575728022795,0.9722780244535257,0.8445307018696125,0.8904401439661827,0.9046986490937936,0.03696881225737747,-0.09620575728022818,-,CAGR
A,ETF,ETFk12d13,U56,10.0,M,0,4,False,0.7575517012156983,0.03262962433402494,0.835926115465474,-0.10844887773323919,0.9222359291810648,0.7822053780157958,0.8393998548692778,0.8399180404865124,0.03547363250298585,-0.10844887773323908,-,"H1,H2,OOS,CAGR"
A,ETF,ETFk12d13,U56,10.0,6W,0,0,True,0.6373468168844083,0.038154603257686937,1.037037515903087,-0.058179521894277,0.9182680348699476,1.146714119294204,0.8328506570815699,1.2001398192307282,0.045074093348347555,-0.05817952189427722,-,"H1,CAGR"
A,ETF,ETFk12d13,U56,10.0,6W,0,1,False,0.602657670224164,0.04120401601796542,1.1089510642885232,-0.0638916001457831,1.0513160124194572,1.163917604093731,0.9751572677324539,1.2128346307883848,0.046661378219939875,-0.06389160014578388,-,CAGR
A,ETF,ETFk12d13,U56,10.0,6W,0,2,False,0.593080948051638,0.03909630110343554,1.0125183514379776,-0.08563987149854879,1.0011957006699848,1.0335454684500076,0.9227546079829161,1.0809050224722982,0.04480190421235819,-0.08563987149854924,-,CAGR
A,ETF,ETFk12d13,U56,10.0,6W,0,3,False,0.5945173178823633,0.03937288264997085,1.0564617986197313,-0.06335870635182683,1.0264942003035233,1.08970900841615,0.9492066929063779,1.1379439748006073,0.044839751963726915,-0.06335870635182683,-,CAGR
A,ETF,ETFk12d13,U56,10.0,6W,0,4,False,0.6429224675591445,0.036440290550955545,0.9552553546930277,-0.0816164381233565,0.9812299430681023,0.9467190389496533,0.8980313191837105,1.0007253725061258,0.04105952339423946,-0.08161643812335695,-,CAGR
A,ETF,ETFk12d13,U56,10.0,6W,1,0,False,0.6178251347508169,0.03726113363913508,1.0101942861583915,-0.0680839403013268,0.9671751211045796,1.0521284575339958,0.8873580522693325,1.1051077248759322,0.04232783155045694,-0.06808394030132703,-,CAGR
A,ETF,ETFk12d13,U56,10.0,6W,1,1,False,0.6058583054708545,0.03709170988861321,1.0095570905649087,-0.0653141592942964,0.9409671821819694,1.0736765160427655,0.8655212060976151,1.1201428235112514,0.042880930465279965,-0.06531415929429685,-,"H1,CAGR"
A,ETF,ETFk12d13,U56,10.0,6W,1,2,False,0.6339332890824779,0.035660973797474016,0.9281370814850102,-0.09151058951306479,0.9729232982401609,0.9023232868184168,0.8938128682714871,0.9569264830936058,0.0392714690807725,-0.09151058951306457,-,CAGR
A,ETF,ETFk12d13,U56,10.0,6W,1,3,False,0.6676700227327749,0.036429383876702026,0.9358534391251829,-0.1010835664107762,0.9975556922581492,0.8971394259763606,0.9203592601271464,0.9515714901702377,0.039600103075971615,-0.10108356641077632,-,CAGR
A,ETF,ETFk12d13,U56,10.0,6W,1,4,False,0.6481691032349138,0.03533991467378561,0.8867358811615419,-0.11101172251204461,0.9531537790927862,0.8441344504867104,0.8770209410401377,0.8982461604611879,0.03829200967120405,-0.11101172251204405,-,"H1,CAGR"
A,ETF,ETFk12d13,U56,10.0,6W,2,0,False,0.6538800639110446,0.0343063657311824,0.868713873217551,-0.10695213515956326,0.9383980801579241,0.8189999166243139,0.856220691803115,0.880719471912556,0.0367512915321242,-0.10695213515956359,-,"H1,H2,OOS,CAGR"
A,ETF,ETFk12d13,U56,10.0,6W,2,1,False,0.6830034424455256,0.033031563417245335,0.838288329971382,-0.10573709076119098,0.8958868779296325,0.7942825845167086,0.81491239224604,0.8572977940087526,0.035206682840718706,-0.10573709076119087,-,"H1,H2,OOS,CAGR"
A,ETF,ETFk12d13,U56,10.0,6W,2,2,False,0.6125101686326125,0.03515411829543802,0.8930837579918649,-0.10518611382829512,0.9434919517274407,0.8592936805414598,0.8568000153570993,0.9223579407059863,0.038355944434194544,-0.10518611382829501,-,"H1,CAGR"
A,ETF,ETFk12d13,U56,10.0,6W,2,3,False,0.6370794324798579,0.03662404714735934,0.9340529028344244,-0.10628044359772493,0.9658326301543365,0.9150669281798623,0.8857097102377836,0.9721410100670604,0.04017641120051607,-0.10628044359772482,-,CAGR
A,ETF,ETFk12d13,U56,10.0,6W,2,4,False,0.6599230086552764,0.034560455153915814,0.8781414411147901,-0.10586607757945032,0.9221987587874256,0.850125235031635,0.8350361072172147,0.9124162959677737,0.03803251033946187,-0.10586607757945077,-,"H1,CAGR"
A,ETF,ETFk12d13,U56,10.0,6W,3,0,False,0.6671980757145177,0.03453035258097659,0.8857079753508279,-0.10590082696763359,0.9760479282895304,0.824975622109433,0.8867164397742548,0.8899416212846569,0.037158812321590906,-0.10590082696763425,-,"H2,CAGR"
A,ETF,ETFk12d13,U56,10.0,6W,3,1,False,0.6735757014272999,0.035470001178847355,0.9023914069495415,-0.10574573402741427,0.9869499094433452,0.845506792673264,0.9027367688323115,0.9068788904405852,0.03810664721423995,-0.10574573402741383,-,CAGR
A,ETF,ETFk12d13,U56,10.0,6W,3,2,False,0.669334065097565,0.034504565572509804,0.8884275718036212,-0.10551880645539047,0.9729535803896678,0.8322243439282135,0.8866732091725381,0.894600645298057,0.037213374774914154,-0.1055188064553908,-,"H2,CAGR"
A,ETF,ETFk12d13,U56,10.0,6W,3,3,False,0.6331658178099621,0.03543859349299594,0.9027843516730836,-0.10689452885902917,1.004512913090161,0.8325352453499948,0.9166806973090773,0.8977764695088036,0.03766125505457163,-0.10689452885902906,-,"H2,CAGR"
A,ETF,ETFk12d13,U56,10.0,6W,3,4,False,0.6649136738965801,0.031757336788923674,0.8251187847274358,-0.10917864857533843,0.9410686206014618,0.7428250220162197,0.8488568740263247,0.8128790714730285,0.033427577142812526,-0.10917864857533854,-,"H1,H2,OOS,CAGR"
A,ETF,ETFk12d13,U56,10.0,6W,4,0,False,0.7088221515462192,0.030795863401349655,0.7967828839557047,-0.1074856613669738,1.0154174291873366,0.6396446216081273,0.924755820762922,0.7153260579897872,0.029711603509119167,-0.1074856613669749,H2,"H2,OOS,CAGR"
A,ETF,ETFk12d13,U56,10.0,6W,4,1,False,0.6649176754080199,0.03227615816941576,0.834483017377681,-0.10215974548969387,0.9686489081589439,0.7427070352230403,0.8755632558005028,0.812394273475331,0.033878327522499196,-0.1021597454896932,-,"H2,OOS,CAGR"
A,ETF,ETFk12d13,U56,10.0,6W,4,2,False,0.6716429203083422,0.033392298723228686,0.8650232761545954,-0.10432236063337708,0.9880517511410479,0.7821484627642652,0.8963451379909894,0.8497811406799216,0.03538155881519778,-0.10432236063337663,-,"H2,OOS,CAGR"
A,ETF,ETFk12d13,U56,10.0,6W,4,3,False,0.6868487109435462,0.03137307378654719,0.8248670635921864,-0.0944264147733922,1.0204386453055565,0.6879940748917297,0.9310082040956575,0.7598789587296386,0.031216379044619158,-0.09442641477339309,-,"H2,OOS,CAGR"
A,ETF,ETFk12d13,U56,10.0,6W,4,4,False,0.6876799206956514,0.030625033952077718,0.7984747897358534,-0.11071173359822895,1.0131653663724878,0.6429383322230374,0.9201871485219845,0.7204815749054855,0.029643871567019975,-0.11071173359822994,H2,"H2,OOS,CAGR"
A,ETF,ETFk12d13,U56,10.0,6W,5,0,False,0.6774850805518604,0.032508830495603824,0.8638984818940835,-0.08706814855020628,1.0106428525034619,0.7568975603638064,0.916523343180143,0.8313939351607219,0.033370216886116966,-0.08706814855020695,-,"H2,OOS,CAGR"
A,ETF,ETFk12d13,U56,10.0,6W,5,1,False,0.6951395887210136,0.03476358654052336,0.9331136709212611,-0.0906038091017336,1.0132012963647552,0.8702768770993997,0.9212321663609172,0.9436245239793248,0.03660948761212257,-0.09060380910173371,-,CAGR
A,ETF,ETFk12d13,U56,10.0,6W,5,2,False,0.6728445894465508,0.037794285284518114,1.0116846963914738,-0.0665239337975223,0.9859291860367201,1.0388045221500666,0.89901330398855,1.098730569026997,0.042650376929494804,-0.06652393379752342,-,CAGR
A,ETF,ETFk12d13,U56,10.0,6W,5,3,False,0.6090725212110163,0.038230693411601235,1.0146818129342203,-0.0663602562678649,0.890638374390829,1.1268712101510234,0.8049432261124916,1.1765412187005748,0.04605291074668183,-0.0663602562678649,-,"H1,CAGR"
A,ETF,ETFk12d13,U56,10.0,6W,5,4,False,0.6480481104103865,0.03653563098464607,0.9834514536070218,-0.06616804665850451,0.9005812639796804,1.0599525511574102,0.8125371686836242,1.1169005555830813,0.042819394454878035,-0.06616804665850406,-,"H1,CAGR"
A,ETF,ETFk12d13,U56,10.0,Q,0,0,True,0.4972295837672545,0.03133416325405314,0.754561962737921,-0.13618352804500078,0.9002089873665868,0.6526982863786152,0.8247118520832873,0.7116285988455436,0.03174718699138723,-0.13618352804500078,H2,"H1,H2,OOS,CAGR"
A,ETF,ETFk12d13,U56,10.0,Q,0,1,False,0.5193279913814118,0.02896358823457934,0.6926720353169249,-0.14780519896327515,0.861506181960977,0.5756462469689533,0.7958766131792724,0.6290590705061012,0.028384873051385595,-0.14780519896327593,"H2,DD","H1,H2,OOS,CAGR"
A,ETF,ETFk12d13,U56,10.0,Q,0,2,False,0.5106391741502573,0.02969471840455573,0.7072123456159459,-0.13822772502640113,0.8697622765500284,0.5986190908555693,0.7952376955795093,0.6557365248149067,0.029907887116658483,-0.13822772502639968,H2,"H1,H2,OOS,CAGR"
A,ETF,ETFk12d13,U56,10.0,Q,0,3,False,0.49904445491343846,0.03151173956929432,0.7575963147753844,-0.13965276400098425,0.9589611891562952,0.627139760506512,0.8797561237513658,0.6877487726510567,0.03132271507084505,-0.13965276400098392,"H2,DD","H2,OOS,CAGR"
A,ETF,ETFk12d13,U56,10.0,Q,0,4,False,0.4855589857488473,0.02950543179636811,0.7116756252699269,-0.15435284362902468,0.8909282887145108,0.5989147312572819,0.8099703061387227,0.6581679731468695,0.030007940550025536,-0.1543528436290269,"H2,DD","H1,H2,OOS,CAGR"
A,ETF,ETFk12d14,U56,10.0,D,0,0,True,3.9900704552504545,0.030569574867632898,0.6833328159344613,-0.08467378139619297,0.6319672948137501,0.7346982831038111,0.5165337894553411,0.829184497028498,0.03650595990278371,-0.06731970765243567,H1,"H1,H2,OOS,CAGR"
A,ETF,ETFk12d14,U56,10.0,2D,0,0,True,2.8602089028971434,0.03178555439431463,0.7058957002479035,-0.0877557005171603,0.6713641254684837,0.7402510888291779,0.5563974436056217,0.8362295060953027,0.037064542818682655,-0.07647497138659143,-,"H1,H2,OOS,CAGR"
A,ETF,ETFk12d14,U56,10.0,2D,1,0,False,2.865717324490825,0.031115071811279593,0.6911078691448782,-0.08505036161341795,0.605786796574849,0.7760202484729706,0.49172325926721533,0.8644185120196576,0.03844815498912291,-0.06394682714187394,H1,"H1,H2,OOS,CAGR"
A,ETF,ETFk12d14,U56,10.0,W,0,0,True,1.793136776761265,0.03399735832290274,0.7492253539207117,-0.08358299521428969,0.6629982457096889,0.8340028805844929,0.5558005043338026,0.9151226713507788,0.041209995701740665,-0.07255439593333501,-,"H1,H2,CAGR"
A,ETF,ETFk12d14,U56,10.0,W,0,1,False,1.7868472539301425,0.035967219273171036,0.7843160804339363,-0.07330397767909336,0.7282872757437263,0.8403485536129337,0.621694761911168,0.9268423631037659,0.04173302229015863,-0.07068307760011194,-,"H1,CAGR"
A,ETF,ETFk12d14,U56,10.0,W,0,2,False,1.8369320670458276,0.034861895705214474,0.7628963074635516,-0.09929135996484806,0.6812664636865063,0.8437256504424654,0.5723970840122579,0.9276552525999182,0.04190952621798627,-0.0668536512575515,-,"H1,CAGR"
A,ETF,ETFk12d14,U56,10.0,W,0,3,False,1.8613469179161475,0.032776790182204696,0.7150828459543632,-0.08588028477431486,0.6787117861774571,0.7509421027935091,0.5752879518904824,0.8357702788000891,0.03784584312622785,-0.0703206502702961,-,"H1,H2,OOS,CAGR"
A,ETF,ETFk12d14,U56,10.0,W,0,4,False,1.790271283987194,0.0323932489685006,0.7128133699100002,-0.08533826889047569,0.635145744606981,0.7905524926630598,0.5285934688595393,0.8740442112263453,0.03909106120423367,-0.0631765713186403,H1,"H1,H2,OOS,CAGR"
A,ETF,ETFk12d14,U56,10.0,2W,0,0,True,1.3346527401933173,0.034592168764942643,0.7435460959258343,-0.09080245178317892,0.7286196281768103,0.7582206510392532,0.6275205463433263,0.8444208095907644,0.03865088178206344,-0.08849823959424652,-,"H1,H2,OOS,CAGR"
A,ETF,ETFk12d14,U56,10.0,2W,0,1,False,1.2627329705933696,0.03635588334109374,0.7761151524837454,-0.07967138093354031,0.7987287922880693,0.7538831198625593,0.6915859879164721,0.8483662180168337,0.03930010275599205,-0.07967138093354065,-,"H1,H2,OOS,CAGR"
A,ETF,ETFk12d14,U56,10.0,2W,0,2,False,1.2506236259450627,0.03706948710553437,0.7863376061618281,-0.08417673114546176,0.7939823253797533,0.7792073183474584,0.6895476481415218,0.8670199820071219,0.04086239263113911,-0.08049435189436271,-,"H1,H2,OOS,CAGR"
A,ETF,ETFk12d14,U56,10.0,2W,0,3,False,1.3394147894939463,0.03104353331847176,0.6694847016780543,-0.08635973403316144,0.6898957832882626,0.6500408097744688,0.5933891260531018,0.7329183290169791,0.03396826091049454,-0.08006529751477176,H2,"H1,H2,OOS,CAGR"
A,ETF,ETFk12d14,U56,10.0,2W,0,4,False,1.3354708657847694,0.028788711598058292,0.6234052804055058,-0.09503938807799206,0.586761832155739,0.6586823492271086,0.48392415481394946,0.7399152190383518,0.03428328553049975,-0.09280752254032987,"H1,H2","H1,H2,OOS,CAGR"
A,ETF,ETFk12d14,U56,10.0,2W,1,0,False,1.286828432777026,0.034260059350443184,0.747826985278489,-0.07729281244440789,0.6944686345130321,0.8005030640806982,0.595685600052613,0.8790379289869875,0.03980614060960219,-0.06972812750302526,-,"H1,H2,OOS,CAGR"
A,ETF,ETFk12d14,U56,10.0,2W,1,1,False,1.2884383765409584,0.03623881683600794,0.7834188232087226,-0.0765324760017011,0.7047457166990153,0.8634949634054873,0.6114026400683517,0.9368649181490919,0.04226235512977827,-0.06630991122086449,-,"H1,CAGR"
A,ETF,ETFk12d14,U56,10.0,2W,1,2,False,1.2992201712273777,0.033517730155718795,0.7254240284011451,-0.07394422417817614,0.6927462667432351,0.7581972625746302,0.587942678589213,0.8465883100471655,0.03831364874172016,-0.06588915619342728,-,"H1,H2,OOS,CAGR"
A,ETF,ETFk12d14,U56,10.0,2W,1,3,False,1.2899173446972227,0.0335665609073863,0.7114537422217253,-0.08502374947489388,0.661245103147997,0.7626599256992473,0.5618075932192627,0.8457453583950714,0.03883260561862101,-0.06937626945091269,-,"H1,H2,OOS,CAGR"
A,ETF,ETFk12d14,U56,10.0,2W,1,4,False,1.292305474459057,0.034299836826525265,0.7336982761319141,-0.09048711828435063,0.6869455379540759,0.7812418952518079,0.5900520093713998,0.8622488097770615,0.03924974637219858,-0.07688756440911126,-,"H1,H2,OOS,CAGR"
A,ETF,ETFk12d14,U56,10.0,M,0,0,True,0.8813146583660997,0.03816045658259837,0.8018020600498182,-0.07934490994576504,0.7912328394989504,0.8125519606867937,0.6976561468695516,0.8959219551108955,0.04130821644671223,-0.07879408821760736,-,"H1,H2,CAGR"
A,ETF,ETFk12d14,U56,10.0,M,0,1,False,0.8848754798846583,0.03791108152574707,0.7941393770585666,-0.07687423811518956,0.7441232388022015,0.8461594105723409,0.6443629546509766,0.9311557718188154,0.0428979894939272,-0.0745175111560884,-,"H1,CAGR"
A,ETF,ETFk12d14,U56,10.0,M,0,2,False,0.902118065250501,0.035746533270669456,0.7427057670484738,-0.08373392205156771,0.6920736407743404,0.7935843828958743,0.5889055203458857,0.8786241100391474,0.04140636963152211,-0.08373392205156738,-,"H1,H2,OOS,CAGR"
A,ETF,ETFk12d14,U56,10.0,M,0,3,False,0.9011216278774717,0.03398223909916043,0.6861542821977307,-0.10743626175743193,0.6220008161271737,0.7485678186777883,0.5155352244344023,0.8315171904878931,0.04102306236773656,-0.10743626175743204,H1,"H1,H2,OOS,CAGR"
A,ETF,ETFk12d14,U56,10.0,M,0,4,False,0.8882560611994607,0.03421386595608711,0.6799835886192527,-0.13433687973833874,0.6899052626405804,0.6725847092313486,0.5849727346284759,0.7552173094198282,0.03895528767240086,-0.13433687973833874,H2,"H1,H2,OOS,CAGR"
A,ETF,ETFk12d14,U56,10.0,6W,0,0,True,0.741661895112414,0.035737778349803184,0.7389158280991263,-0.08754454542431167,0.6437972801738249,0.8362336563424778,0.5449634806464501,0.9136361946268426,0.04299679850291116,-0.08754454542431167,-,"H1,CAGR"
A,ETF,ETFk12d14,U56,10.0,6W,0,1,False,0.7104242733299029,0.03933510951296637,0.81258188918484,-0.08270327759758134,0.7434973316036187,0.8811155228540649,0.6477313810624895,0.9563069723493501,0.0455621404298987,-0.08270327759758178,-,"H1,CAGR"
A,ETF,ETFk12d14,U56,10.0,6W,0,2,False,0.6938668194998425,0.04021602890179499,0.8217806875940358,-0.0850580652371481,0.7678934557866819,0.8741453787683722,0.6810218181742507,0.9415785638450046,0.045760556117855566,-0.08505806523714854,-,"H1,CAGR"
A,ETF,ETFk12d14,U56,10.0,6W,0,3,False,0.677893810446319,0.03882114856063823,0.7982293845762036,-0.08602263467416016,0.8103335820513393,0.786835907719593,0.7209886027853151,0.8626512425180818,0.04188811459258224,-0.08602263467416005,-,"H1,H2,OOS,CAGR"
A,ETF,ETFk12d14,U56,10.0,6W,0,4,False,0.7184344745725519,0.03737448635258178,0.778545838737623,-0.09100406290815233,0.8010490938522855,0.7576483795226802,0.7210905461373092,0.8258496906815764,0.039753134941409085,-0.09100406290815255,-,"H1,H2,OOS,CAGR"
A,ETF,ETFk12d14,U56,10.0,6W,1,0,False,0.6875800986503681,0.037794117750294065,0.7929117723147925,-0.0830145193974452,0.7828751685404024,0.802825434559158,0.6974086688947274,0.8770773872302984,0.040875730048480774,-0.0830145193974462,-,"H1,H2,OOS,CAGR"
A,ETF,ETFk12d14,U56,10.0,6W,1,1,False,0.6797296771754866,0.039677357412503556,0.8287768693113174,-0.07850305177162975,0.792652640083175,0.8653623974912686,0.7099607883889557,0.9348561198009488,0.04356108277520909,-0.07850305177162953,-,"H1,CAGR"
A,ETF,ETFk12d14,U56,10.0,6W,1,2,False,0.7379146447722051,0.036562266413219247,0.751143054366646,-0.08664310038347256,0.7476380736967648,0.7544680770011684,0.6458108306480127,0.8419139579760894,0.04045190268503163,-0.08664310038347289,-,"H1,H2,OOS,CAGR"
A,ETF,ETFk12d14,U56,10.0,6W,1,3,False,0.7206363601262888,0.038389795623402945,0.7727718690329642,-0.10971460764827745,0.7993888806681584,0.7475242017192828,0.6980994884544854,0.8350857195257274,0.04141537730021927,-0.10971460764827712,-,"H1,H2,OOS,CAGR"
A,ETF,ETFk12d14,U56,10.0,6W,1,4,False,0.6985161169968915,0.03736006751156373,0.7331298577475878,-0.13545097203802015,0.8596691487781815,0.6203253876242744,0.7584372326285087,0.7132259774986321,0.03695029773648728,-0.13545097203802026,H2,"H1,H2,OOS,CAGR"
A,ETF,ETFk12d14,U56,10.0,6W,2,0,False,0.7181625668519935,0.03470024879524791,0.6737686389979362,-0.1424352828298071,0.7892275359386826,0.5713800895548179,0.6958268541184103,0.6564685988353094,0.034388749710176025,-0.142435282829807,"H2,DD","H1,H2,OOS,CAGR"
A,ETF,ETFk12d14,U56,10.0,6W,2,1,False,0.7275739535059947,0.034029716173863855,0.6625269750582709,-0.14120129699574602,0.7537586659216147,0.5810285128444013,0.6525253054691637,0.6705436071331997,0.03498776603065723,-0.1412012969957459,"H2,DD","H1,H2,OOS,CAGR"
A,ETF,ETFk12d14,U56,10.0,6W,2,2,False,0.6799001441704151,0.03512285156368877,0.6843646775222177,-0.14149564155429517,0.758328431880684,0.6198182389979396,0.6558426481468475,0.7070105768451306,0.03712234212421528,-0.1414956415542954,"H2,DD","H1,H2,OOS,CAGR"
A,ETF,ETFk12d14,U56,10.0,6W,2,3,False,0.7121706546514385,0.035273332683500414,0.6946982839230664,-0.14191450304928077,0.7661837530680228,0.6320132440231285,0.6609264125760598,0.7215199635079732,0.03743580534589985,-0.14191450304928077,"H2,DD","H1,H2,OOS,CAGR"
A,ETF,ETFk12d14,U56,10.0,6W,2,4,False,0.7358591396934178,0.033595493339340976,0.6645477098426844,-0.14145212037478783,0.7107120954389935,0.6244924576413864,0.6050916044403599,0.7116682992513552,0.036812094765014125,-0.1414521203747876,"H2,DD","H1,H2,OOS,CAGR"
A,ETF,ETFk12d14,U56,10.0,6W,3,0,False,0.7486412081886785,0.03307127330278781,0.6555016219884526,-0.14145212037478805,0.7097472575408335,0.6096955628753292,0.6061261973251343,0.6942053567229565,0.03610227229312146,-0.14145212037478805,"H2,DD","H1,H2,OOS,CAGR"
A,ETF,ETFk12d14,U56,10.0,6W,3,1,False,0.7493467999625214,0.03459505485405434,0.6790705830553799,-0.1413914063795324,0.7414330279053347,0.6259983569730446,0.6403084471824199,0.709589332878574,0.03720393161973212,-0.1413914063795325,"H2,DD","H1,H2,OOS,CAGR"
A,ETF,ETFk12d14,U56,10.0,6W,3,2,False,0.7619669293066778,0.032122057277010896,0.6357097500986685,-0.14135786102107628,0.6884375570372123,0.5903598745864594,0.5839446743246399,0.6765049330053138,0.03509430704516481,-0.14135786102107606,"H2,DD","H1,H2,OOS,CAGR"
A,ETF,ETFk12d14,U56,10.0,6W,3,3,False,0.7064096355165462,0.03465138795389722,0.6771153807385567,-0.14178401986571965,0.717531422926518,0.6414738671532926,0.6188015495434935,0.7237620510429947,0.03769942695848583,-0.14178401986571976,"H2,DD","H1,H2,OOS,CAGR"
A,ETF,ETFk12d14,U56,10.0,6W,3,4,False,0.7474527660030178,0.031179120770952418,0.6271255259625811,-0.142504913461586,0.7283138164618901,0.5352122479066372,0.6352079528077849,0.6205816180169825,0.031173285323617517,-0.142504913461586,"H2,DD","H1,H2,OOS,CAGR"
A,ETF,ETFk12d14,U56,10.0,6W,4,0,False,0.7815477809869834,0.03197465981398073,0.6408087203386446,-0.13899816799414555,0.8135403995046746,0.48893299083842123,0.726417099083726,0.5742879246934782,0.029147140614564693,-0.13899816799414622,"H2,DD","H1,H2,OOS,CAGR"
A,ETF,ETFk12d14,U56,10.0,6W,4,1,False,0.7744953819969549,0.030879790511556093,0.6148980739559169,-0.1313487395581645,0.7511282910957501,0.49571397507229603,0.6527254042147235,0.5857985506274233,0.030070529526492473,-0.1313487395581644,H2,"H1,H2,OOS,CAGR"
A,ETF,ETFk12d14,U56,10.0,6W,4,2,False,0.7607176980714653,0.03312313837159997,0.6617053846680944,-0.13684375315307473,0.7683603068571232,0.5702827615298313,0.6671310002815303,0.6580975055563447,0.03392091313212475,-0.13684375315307395,H2,"H1,H2,OOS,CAGR"
A,ETF,ETFk12d14,U56,10.0,6W,4,3,False,0.7693348894137232,0.0322604617484854,0.646793925541291,-0.12834046185406456,0.8126692551034304,0.5044121942504111,0.7158097905236424,0.5947208543814874,0.03047946376836075,-0.128340461854064,H2,"H1,H2,OOS,CAGR"
A,ETF,ETFk12d14,U56,10.0,6W,4,4,False,0.7536916402350887,0.03179052212604816,0.6358904157821315,-0.14450352690463586,0.8089891910428603,0.4847487204541239,0.7075186681682171,0.5807587207872728,0.029646741262265852,-0.1445035269046363,"H2,DD","H1,H2,OOS,CAGR"
A,ETF,ETFk12d14,U56,10.0,6W,5,0,False,0.7783210028988282,0.03223961272360509,0.6559715093446568,-0.11413234158983399,0.7394139133139715,0.5815374880530864,0.6299760333859861,0.6767031125252324,0.033874656316719154,-0.11413234158983421,H2,"H1,H2,OOS,CAGR"
A,ETF,ETFk12d14,U56,10.0,6W,5,1,False,0.758320670564413,0.03522033917296041,0.7190986005183628,-0.11300354411369484,0.7236424953053149,0.7147977570456783,0.6217136664993058,0.8011756406894757,0.03908352120314795,-0.11300354411369484,-,"H1,H2,OOS,CAGR"
A,ETF,ETFk12d14,U56,10.0,6W,5,2,False,0.7331132133452788,0.037616122054390466,0.7731884905114866,-0.08371126060731438,0.75211569994168,0.7939819380533035,0.6476985898518907,0.8826528757649307,0.042208720505387376,-0.08371126060731504,-,"H1,H2,CAGR"
A,ETF,ETFk12d14,U56,10.0,6W,5,3,False,0.7111711204123445,0.03678192185893292,0.7459976348620496,-0.0873644560706589,0.6609219373955605,0.8324715769244387,0.5666502209977685,0.9068516183467954,0.04356789237682701,-0.08387298327999015,-,"H1,H2,CAGR"
A,ETF,ETFk12d14,U56,10.0,6W,5,4,False,0.767780776049838,0.03515542323925969,0.7296193219486518,-0.08170754853281337,0.683968359442189,0.7759690751512242,0.5867512245276791,0.8576495796930961,0.04022743981667176,-0.08170754853281303,-,"H1,H2,OOS,CAGR"
A,ETF,ETFk12d14,U56,10.0,Q,0,0,True,0.535698474835421,0.029810678164252646,0.5716590278567181,-0.16395097686049465,0.7318679453047786,0.4317059240809729,0.638762442162745,0.5196950892623062,0.02758878539105325,-0.16395097686049476,"H2,DD","H1,H2,OOS,CAGR"
A,ETF,ETFk12d14,U56,10.0,Q,0,1,False,0.554051877104288,0.02965588336753533,0.5678258144728684,-0.16406643198567905,0.7428306050551702,0.41573554088520126,0.6370663427949006,0.5147471505318933,0.027449347700561733,-0.1640664319856796,"H2,DD","H1,H2,OOS,CAGR"
A,ETF,ETFk12d14,U56,10.0,Q,0,2,False,0.5382479459561715,0.029931694697236777,0.5658937963518773,-0.16372088288198106,0.7009330676044871,0.44821408058668877,0.5956905844642608,0.5430321995557214,0.029362753444008627,-0.16372088288198094,"H2,DD","H1,H2,OOS,CAGR"
A,ETF,ETFk12d14,U56,10.0,Q,0,3,False,0.5321274893138719,0.03426058173669522,0.6666793323972539,-0.16357625495290085,0.8572949171344498,0.5136544154191361,0.755161953147924,0.604561532453285,0.03253510891897182,-0.16357625495290096,"H2,DD","H1,H2,OOS,CAGR"
A,ETF,ETFk12d14,U56,10.0,Q,0,4,False,0.5314690582343351,0.03469791614431483,0.6715662054663002,-0.16385056819470267,0.8623071341623658,0.5216733332207083,0.7611942927252653,0.6101085545723492,0.033195595268960654,-0.1638505681947029,"H2,DD","H1,H2,OOS,CAGR"
A,ETF,ETFk12d15,U56,10.0,D,0,0,True,4.061167579484885,0.030050520658331914,0.7185124327980268,-0.07555402222410335,0.663315546383091,0.7725479768963629,0.5212945655483162,0.8861267090442049,0.036917285886460594,-0.06170555208698714,-,"H1,H2,CAGR"
A,ETF,ETFk12d15,U56,10.0,2D,0,0,True,2.8778647409707947,0.0321233754196093,0.763099829168138,-0.07660361070879795,0.7383819984872335,0.787110823031759,0.5992513207241311,0.9011655445148402,0.037854014008617876,-0.06451671673563553,-,"H1,H2,CAGR"
A,ETF,ETFk12d15,U56,10.0,2D,1,0,False,2.9156989793571473,0.031364104298234885,0.7457571964884051,-0.072847129791895,0.6515310582769717,0.8378945988728991,0.509978195780584,0.9458216500326823,0.03969871249038892,-0.05202901568598728,-,"H1,CAGR"
A,ETF,ETFk12d15,U56,10.0,W,0,0,True,1.8202039994263315,0.03414880137467491,0.8051733583196057,-0.07143497801599341,0.7609430851414873,0.8477157534335661,0.6249549852752889,0.9547219825400067,0.04068627722024121,-0.07143497801599341,-,"H1,CAGR"
A,ETF,ETFk12d15,U56,10.0,W,0,1,False,1.8429285833509461,0.033274305174194385,0.7806880217339537,-0.0711646334498357,0.7323049761683745,0.8281039582898854,0.5918454009274908,0.9416711052934067,0.039887079623108335,-0.06784442965760773,-,"H1,H2,CAGR"
A,ETF,ETFk12d15,U56,10.0,W,0,2,False,1.836011198403586,0.032611068274394306,0.758946277950439,-0.08551938845423512,0.6881559963396633,0.8274582562555227,0.5583923573252437,0.9273246751889708,0.03989433218096927,-0.05719927156966986,-,"H1,H2,CAGR"
A,ETF,ETFk12d15,U56,10.0,W,0,3,False,1.8342348396590997,0.03304292580833068,0.7708904996376245,-0.07088884836119524,0.7574264589452888,0.7839542606537876,0.6229065912019484,0.8941791272665532,0.038408693201443134,-0.0685817053089477,-,"H1,H2,CAGR"
A,ETF,ETFk12d15,U56,10.0,W,0,4,False,1.7847021749507626,0.033654478138684274,0.7919657399648872,-0.06941707689247867,0.7491425250020883,0.833510926694955,0.6113013691206769,0.9438865598039196,0.04007757058324257,-0.05834616137468518,-,"H1,H2,CAGR"
A,ETF,ETFk12d15,U56,10.0,2W,0,0,True,1.2601857259264786,0.03425539678760425,0.7885306048673679,-0.08869933220983317,0.7893523701395729,0.7880504397387503,0.6612293366471874,0.8936687579039998,0.039012902122942394,-0.08869933220983339,-,"H1,H2,CAGR"
A,ETF,ETFk12d15,U56,10.0,2W,0,1,False,1.2558926552866654,0.03602673939195844,0.820666582774449,-0.08058992478876637,0.8685571633863659,0.7750771783471603,0.7423257121330561,0.8856706591208083,0.038885124793786474,-0.08058992478876537,-,"H1,H2,CAGR"
A,ETF,ETFk12d15,U56,10.0,2W,0,2,False,1.262658153547609,0.03402187747683638,0.7593315656225036,-0.09633923362664054,0.84179369157896,0.6855559643972967,0.7208924848660574,0.7899526735666151,0.03607096903778939,-0.09633923362664087,H2,"H1,H2,OOS,CAGR"
A,ETF,ETFk12d15,U56,10.0,2W,0,3,False,1.3110757530057782,0.03324849558940102,0.769374397249533,-0.07467438725733477,0.802239016569919,0.7384904507969149,0.6807023164993633,0.8422892189182893,0.036581128943819374,-0.07258545084621482,-,"H1,H2,OOS,CAGR"
A,ETF,ETFk12d15,U56,10.0,2W,0,4,False,1.3351426918025069,0.030628688081286937,0.7052298030445675,-0.08358556264164385,0.7071442015678945,0.7038066019741716,0.5776219939818494,0.8099013792845882,0.035486469538621446,-0.07905278561537243,-,"H1,H2,OOS,CAGR"
A,ETF,ETFk12d15,U56,10.0,2W,1,0,False,1.3251339432366316,0.03360224281010127,0.7844012020257267,-0.0659134438247001,0.754881033120635,0.8130134216947666,0.6244739595884777,0.9186853437237095,0.03931953148389544,-0.0659134438247001,-,"H1,H2,CAGR"
A,ETF,ETFk12d15,U56,10.0,2W,1,1,False,1.2918759498673238,0.03421553651233822,0.7956394525873919,-0.06349248586606193,0.7437126413490316,0.8466291292615161,0.6172469243632236,0.9479735050883312,0.040463644808993005,-0.06268278445804099,-,"H1,CAGR"
A,ETF,ETFk12d15,U56,10.0,2W,1,2,False,1.2706596678452284,0.03354832760197257,0.7739302682761481,-0.059964801052379224,0.7477562183081946,0.7993940432833287,0.6185000558016297,0.9054737236520971,0.03908282503335947,-0.058185023191112406,-,"H1,H2,CAGR"
A,ETF,ETFk12d15,U56,10.0,2W,1,3,False,1.278290261381809,0.035448282951880294,0.805446174260403,-0.06894076802668037,0.7664446450512927,0.8431729661807726,0.6355443619661725,0.9480139257884287,0.04171368050790902,-0.06894076802668048,-,"H1,CAGR"
A,ETF,ETFk12d15,U56,10.0,2W,1,4,False,1.2318289739902712,0.03445754175501792,0.7904170536812617,-0.07678612392900241,0.744801606309554,0.8343120508731667,0.6117996734990477,0.9391213820913801,0.04109113339282944,-0.07678612392900264,-,"H1,CAGR"
A,ETF,ETFk12d15,U56,10.0,M,0,0,True,0.8636478927372975,0.037025614100505644,0.8298024592274315,-0.08054479229581024,0.882465249501467,0.7784750249787886,0.769168867321212,0.8812231351701747,0.03893973449747401,-0.08054479229581046,-,"H1,H2,OOS,CAGR"
A,ETF,ETFk12d15,U56,10.0,M,0,1,False,0.8235049939885811,0.037652763944335144,0.8383958159329822,-0.07646116430781524,0.7993436244704902,0.8768089478458766,0.6849522490613549,0.9703653883001911,0.043079262800540086,-0.07646116430781502,-,"H1,CAGR"
A,ETF,ETFk12d15,U56,10.0,M,0,2,False,0.848341788196795,0.03498504167233718,0.7733735329347653,-0.08680314904629183,0.7661061675020465,0.7804769464642272,0.6541274693328593,0.8731375085971033,0.0394687170100092,-0.08680314904629227,-,"H1,H2,OOS,CAGR"
A,ETF,ETFk12d15,U56,10.0,M,0,3,False,0.8672437924425503,0.03334975446576882,0.7276665925616578,-0.09706865349561233,0.7103120294634324,0.7445642107229576,0.5831664440140002,0.8448441739439474,0.03930378899748255,-0.09706865349561256,-,"H1,H2,OOS,CAGR"
A,ETF,ETFk12d15,U56,10.0,M,0,4,False,0.8727541053842578,0.030880084742561875,0.6533600990789037,-0.13230132919947968,0.6769911986597735,0.6373124150368261,0.5464662951001166,0.7340522114574982,0.03652947395628803,-0.1323013291994798,H2,"H1,H2,OOS,CAGR"
A,ETF,ETFk12d15,U56,10.0,6W,0,0,True,0.7076853900328407,0.03718573828092464,0.8183338961058049,-0.08654698174477915,0.7313816975063002,0.9022566189390162,0.6050717593640249,0.9976107517652424,0.04537399201202952,-0.0865469817447787,-,"H1,CAGR"
A,ETF,ETFk12d15,U56,10.0,6W,0,1,False,0.6627648260987056,0.04039486594403696,0.8900966331214752,-0.08156694604516868,0.8376268957275054,0.9403272791606753,0.7153363093715516,1.0346694508735135,0.04722103613305095,-0.0815669460451689,-,"H1,CAGR"
A,ETF,ETFk12d15,U56,10.0,6W,0,2,False,0.6711516517808994,0.03900414391520379,0.8348856270734013,-0.09466211390717338,0.8321075802211463,0.8401837058164945,0.7078108484937526,0.9335609740531657,0.04517267548771842,-0.0946621139071736,-,"H1,CAGR"
A,ETF,ETFk12d15,U56,10.0,6W,0,3,False,0.6642422784838211,0.03938208102432372,0.8791962382565648,-0.07507847566381287,0.9075872776173183,0.8543878848089179,0.7875656763449264,0.9524438495538508,0.04344786158566727,-0.07507847566381276,-,"H1,CAGR"
A,ETF,ETFk12d15,U56,10.0,6W,0,4,False,0.6864299569068362,0.03721686347184705,0.831499182614727,-0.08146444143747866,0.866051043369672,0.8025984946744511,0.7398772369227127,0.9033865487499939,0.04161141603062668,-0.08146444143747911,-,"H1,H2,CAGR"
A,ETF,ETFk12d15,U56,10.0,6W,1,0,False,0.6970539992670689,0.03820579329554308,0.85044758153003,-0.08543958851312994,0.8655453600414552,0.8366987686769707,0.7443632629195402,0.937320707573991,0.04241928500779024,-0.0854395885131296,-,"H1,CAGR"
A,ETF,ETFk12d15,U56,10.0,6W,1,1,False,0.6753396104564378,0.03786135935902468,0.8451030340953674,-0.08207277730188745,0.8373544778396231,0.8532534179955501,0.7220713463321558,0.9441417280548462,0.042989083817215556,-0.08207277730188778,-,"H1,CAGR"
A,ETF,ETFk12d15,U56,10.0,6W,1,2,False,0.6884827939645313,0.036449459532309714,0.7928220133806859,-0.09095597536103883,0.8260879095320369,0.7635573182750572,0.7072718572499932,0.8612127958780208,0.04032891644639003,-0.09095597536103861,-,"H1,H2,OOS,CAGR"
A,ETF,ETFk12d15,U56,10.0,6W,1,3,False,0.691467823641474,0.03846291547874969,0.835420995701933,-0.10027817777568004,0.8807012232090741,0.7960249012682291,0.7629807710543278,0.892828814025128,0.04204777467013332,-0.10027817777568049,-,"H1,H2,CAGR"
A,ETF,ETFk12d15,U56,10.0,6W,1,4,False,0.7231884172456209,0.03490538401299159,0.7281092785800675,-0.13391023769619748,0.8512533677506201,0.6285047878778116,0.7322146644901705,0.7268630959300134,0.036502165497121375,-0.13391023769619748,H2,"H1,H2,OOS,CAGR"
A,ETF,ETFk12d15,U56,10.0,6W,2,0,False,0.7365589442800993,0.03264686256660343,0.6801851562078635,-0.13024175933384075,0.7767451723115131,0.5979906788873001,0.661096252668967,0.6954838577467137,0.034471437384437476,-0.13024175933384097,H2,"H1,H2,OOS,CAGR"
A,ETF,ETFk12d15,U56,10.0,6W,2,1,False,0.7485576025715588,0.03128468619988212,0.6487686733899166,-0.12898078855894646,0.7282380896783324,0.5776462269361978,0.6118518315001266,0.6782371065204442,0.033289676199691476,-0.128980788558946,H2,"H1,H2,OOS,CAGR"
A,ETF,ETFk12d15,U56,10.0,6W,2,2,False,0.699707931512125,0.03388449883670508,0.702044297542968,-0.12890401743758817,0.7737013268366155,0.6404511836632262,0.6542131654522532,0.7396576683415244,0.03672395560118291,-0.12890401743758761,H2,"H1,H2,OOS,CAGR"
A,ETF,ETFk12d15,U56,10.0,6W,2,3,False,0.7116048810181494,0.03408849668891967,0.7090809395934787,-0.12995443119898786,0.7647295099832185,0.6614114727799153,0.6479579562724099,0.7571322340702854,0.037421623256119974,-0.12995443119898809,H2,"H1,H2,OOS,CAGR"
A,ETF,ETFk12d15,U56,10.0,6W,2,4,False,0.7333595786573206,0.03230700907167017,0.6703458146497976,-0.1290858692134469,0.7165612094584907,0.6302216371202505,0.5952669586900735,0.7297815598324151,0.036023321815293,-0.12908586921344645,H2,"H1,H2,OOS,CAGR"
A,ETF,ETFk12d15,U56,10.0,6W,3,0,False,0.732638069988058,0.03170724668389879,0.6698469560695093,-0.1290843219522001,0.7273541707839912,0.6214783504811964,0.6030565835018952,0.7218800278549639,0.035329105325018206,-0.1290843219522002,H2,"H1,H2,OOS,CAGR"
A,ETF,ETFk12d15,U56,10.0,6W,3,1,False,0.7206545962214713,0.03481811962026904,0.7331358219441787,-0.12890308873728418,0.8064917008601155,0.6720955605477886,0.6882920889200466,0.7681827752679434,0.037837385935590495,-0.12890308873728396,H2,"H1,H2,OOS,CAGR"
A,ETF,ETFk12d15,U56,10.0,6W,3,2,False,0.7306853947009188,0.03305720208272844,0.697250734744632,-0.12878506471197282,0.7374742200173361,0.6630074708374534,0.6135798973329661,0.7630541120522946,0.037189864541602446,-0.1287850647119727,H2,"H1,H2,OOS,CAGR"
A,ETF,ETFk12d15,U56,10.0,6W,3,3,False,0.7080966431770418,0.034723781156603906,0.726546126425693,-0.1291847806649885,0.7788979373535143,0.6826368434530458,0.6562067529125147,0.7814771361354124,0.03855893946489286,-0.12918478066498873,H2,"H1,H2,OOS,CAGR"
A,ETF,ETFk12d15,U56,10.0,6W,3,4,False,0.7363242643960899,0.03132083402157959,0.676631696885384,-0.12996596226005952,0.820434270174075,0.5535977233285435,0.7054516523515179,0.655353925795394,0.03129173090328563,-0.12996596226005974,H2,"H1,H2,OOS,CAGR"
A,ETF,ETFk12d15,U56,10.0,6W,4,0,False,0.7763115616552982,0.02960478363152408,0.6403203734649476,-0.13305930626950802,0.8555722421607268,0.46116710052209764,0.745103504443533,0.5639186107297988,0.027043422541576545,-0.13305930626950913,H2,"H1,H2,OOS,CAGR"
A,ETF,ETFk12d15,U56,10.0,6W,4,1,False,0.769350389837386,0.030171041437869528,0.646862785883071,-0.12003408606770627,0.7983824850985661,0.519940307338358,0.6770188698006148,0.6253942383734087,0.03030502999341378,-0.12003408606770583,H2,"H1,H2,OOS,CAGR"
A,ETF,ETFk12d15,U56,10.0,6W,4,2,False,0.7469675861488102,0.031821728077257916,0.6811902728108898,-0.1257820162478509,0.7808512398999035,0.5983165809870971,0.6647295630258148,0.6946638668059852,0.03374154776785776,-0.12578201624785101,H2,"H1,H2,OOS,CAGR"
A,ETF,ETFk12d15,U56,10.0,6W,4,3,False,0.7399222678365824,0.03135795084395676,0.6781672992884246,-0.11440593465004667,0.8185581643102027,0.562484140104138,0.7012856975083334,0.6624654383831385,0.03196721989860518,-0.11440593465004689,H2,"H1,H2,OOS,CAGR"
A,ETF,ETFk12d15,U56,10.0,6W,4,4,False,0.7490515992659673,0.03190645095831535,0.6877851033646807,-0.1274843693711517,0.858336788817924,0.5458143897669754,0.7414581793355544,0.6490950377425059,0.031310086327000386,-0.1274843693711537,H2,"H1,H2,OOS,CAGR"
A,ETF,ETFk12d15,U56,10.0,6W,5,0,False,0.758416228792049,0.03234553969506537,0.7082352699197555,-0.10418817888068421,0.788536423972019,0.6398684024094041,0.6663865263837908,0.741058467870735,0.03495826129034696,-0.1041881788806841,H2,"H1,H2,OOS,CAGR"
A,ETF,ETFk12d15,U56,10.0,6W,5,1,False,0.7798246597335399,0.032908492967906655,0.728431360120852,-0.10617559505619689,0.7300622455724443,0.7275236933466598,0.605893454530203,0.8282759944104798,0.03785327989388465,-0.10617559505619345,-,"H1,H2,OOS,CAGR"
A,ETF,ETFk12d15,U56,10.0,6W,5,2,False,0.7687288349984889,0.0364087909669355,0.8056766375065053,-0.07804453638385134,0.7323199388202669,0.8753009371857959,0.6156327563106849,0.9614913051996113,0.04393346306017287,-0.07804453638385256,-,"H1,CAGR"
A,ETF,ETFk12d15,U56,10.0,6W,5,3,False,0.7582549572325777,0.03440853977469471,0.7499621729791257,-0.08179366329007298,0.6348171667754063,0.8601221869732371,0.5091452423508617,0.9506094358399343,0.043924305324863466,-0.0817936632900731,H1,"H1,CAGR"
A,ETF,ETFk12d15,U56,10.0,6W,5,4,False,0.7433359084213566,0.03547407713436179,0.7892377575083168,-0.07675439514111704,0.6917848589952292,0.8833587377332166,0.5687698180549828,0.974712136304739,0.04386162863929033,-0.07675439514111704,-,"H1,CAGR"
A,ETF,ETFk12d15,U56,10.0,Q,0,0,True,0.5267064218976838,0.031093244104441586,0.6308474079367915,-0.1510957132154671,0.7931681336262045,0.49638920870414044,0.6858382547490417,0.5909864992081801,0.030240724497512472,-0.15109571321546666,"H2,DD","H1,H2,OOS,CAGR"
A,ETF,ETFk12d15,U56,10.0,Q,0,1,False,0.542770031354332,0.031027472642367604,0.6218451272971408,-0.1521547675194752,0.7588089433170824,0.5114018174193696,0.6424152286789412,0.6085249905829659,0.031843813701130985,-0.1521547675194752,"H2,DD","H1,H2,OOS,CAGR"
A,ETF,ETFk12d15,U56,10.0,Q,0,2,False,0.5421382460844449,0.029897625578707565,0.5961536117406195,-0.15105805883386902,0.6947741936908556,0.5136244807575286,0.5904066657358542,0.601309497448463,0.03125368515759819,-0.1510580588338688,"H2,DD","H1,H2,OOS,CAGR"
A,ETF,ETFk12d15,U56,10.0,Q,0,3,False,0.5354779264638978,0.03307028176884197,0.6724596410030749,-0.15192181374575087,0.8534981661163112,0.5376623117014786,0.7423571890875715,0.6283270419570889,0.033027575455244707,-0.15192181374575164,"H2,DD","H1,H2,OOS,CAGR"
A,ETF,ETFk12d15,U56,10.0,Q,0,4,False,0.5380612848180605,0.030621831163191615,0.6308750896322809,-0.16469242882473034,0.8114789395495936,0.495826702782521,0.6968936476526406,0.5891971443300442,0.03056026891775665,-0.16469242882473,"H2,DD","H1,H2,OOS,CAGR"
A,ETF,ETFk24d00,U56,10.0,D,0,0,True,8.525834938969505,0.04947827281635564,0.7027151621338692,-0.11688103038252129,0.6420373683424077,0.7602191546340132,0.5753682412238452,0.8076365222460985,0.057506719663436234,-0.11583035674968767,-,"H1,H2,OOS,CAGR"
A,ETF,ETFk24d00,U56,10.0,2D,0,0,True,6.031181558322667,0.052074036515093125,0.7338598413833964,-0.12092023377544225,0.6796360857438069,0.7851047246908539,0.6082443874786871,0.8365583258280587,0.0601939970218357,-0.12092023377544303,-,"H1,H2,OOS,CAGR"
A,ETF,ETFk24d00,U56,10.0,2D,1,0,False,6.060188031057989,0.05146217714832679,0.7236794438350873,-0.11664190406247266,0.6398190940975378,0.8024972538592245,0.5755084816374941,0.8447832850395379,0.06104684642318503,-0.11664190406247454,H1,"H1,H2,OOS,CAGR"
A,ETF,ETFk24d00,U56,10.0,W,0,0,True,3.761381705490317,0.05355756800439071,0.749620786118161,-0.13127392184335884,0.683910534739964,0.8110438923632314,0.6239850292476168,0.8507622602596594,0.06205592748971789,-0.13127392184335873,-,"H1,H2,OOS,CAGR"
A,ETF,ETFk24d00,U56,10.0,W,0,1,False,3.7362663782827004,0.05846096131041545,0.809800626976351,-0.12108002880980939,0.7516084638862379,0.8649419986437249,0.6859573821600371,0.9115530148010993,0.06650485547135787,-0.12108002880980973,-,"H1,CAGR"
A,ETF,ETFk24d00,U56,10.0,W,0,2,False,3.7785973569835742,0.05865144970091207,0.8026168076041238,-0.1307332513922247,0.6814303349494929,0.9144437694195124,0.6236159700778676,0.9459282387397421,0.07097454912779688,-0.10298813867384671,-,"H1,CAGR"
A,ETF,ETFk24d00,U56,10.0,W,0,3,False,3.7415959355898885,0.05918137212504471,0.8103009866397942,-0.11277630938842564,0.7291910357315711,0.8863238097379333,0.675055584298238,0.9201184012425694,0.06834055184731547,-0.10400051280307576,-,"H1,CAGR"
A,ETF,ETFk24d00,U56,10.0,W,0,4,False,3.647187335863361,0.05504410552043604,0.7604795711652776,-0.12453483841971047,0.6428444612922422,0.8700599475277967,0.5784937758965696,0.9080315675593275,0.06715887990606251,-0.11137838577730319,-,"H1,CAGR"
A,ETF,ETFk24d00,U56,10.0,2W,0,0,True,2.5824520896693124,0.058329227487857294,0.7872987306771083,-0.14969046964355648,0.7106732018058505,0.8589755867925428,0.652654565761995,0.8963872932145902,0.06763526875447656,-0.14969046964355648,DD,"H1,CAGR"
A,ETF,ETFk24d00,U56,10.0,2W,0,1,False,2.6201625418568297,0.06063933186776982,0.8094672421784387,-0.13490321105776293,0.769540701526316,0.8473690427074069,0.7052406527112349,0.8920588021139083,0.06862714484002264,-0.13490321105776315,-,"H1,CAGR"
A,ETF,ETFk24d00,U56,10.0,2W,0,2,False,2.5752752644645405,0.06330746866159909,0.8294342140370772,-0.1508566712371575,0.8357023347692644,0.8280717110991278,0.7867393606999924,0.862950159300011,0.06843375518276962,-0.15085667123715707,DD,"H1,H2,OOS,CAGR"
A,ETF,ETFk24d00,U56,10.0,2W,0,3,False,2.705030811288492,0.05969553586321319,0.8075832292851282,-0.1255585044257428,0.787338955787251,0.8277059966849236,0.7446006231705026,0.8576342242749161,0.06484027160134676,-0.12555850442574235,-,"H1,H2,OOS,CAGR"
A,ETF,ETFk24d00,U56,10.0,2W,0,4,False,2.7543951150080406,0.05050101763432813,0.6860119952104241,-0.15062244158625915,0.6258019584075165,0.7415264326015185,0.5684044682111118,0.7778045206340852,0.059377738623524134,-0.1506224415862596,"H1,DD","H1,H2,OOS,CAGR"
A,ETF,ETFk24d00,U56,10.0,2W,1,0,False,2.7044954898938007,0.05809819194982291,0.8046504897057876,-0.12318875659905071,0.6964754934518699,0.9054410089178762,0.6305586801359834,0.9454453441888678,0.069734049563418,-0.12318875659904982,-,"H1,CAGR"
A,ETF,ETFk24d00,U56,10.0,2W,1,1,False,2.6144414253134607,0.06301584294843376,0.8602840392995114,-0.10838864969086481,0.7232724140248002,0.9904756087757891,0.673625146358139,1.015471047607434,0.07506690309021691,-0.10583661763908636,-,"H1,CAGR"
A,ETF,ETFk24d00,U56,10.0,2W,1,2,False,2.6197338341330654,0.05897912269836514,0.7953719921595116,-0.12204500171547528,0.6852735310152417,0.8975312437424645,0.6234730081474508,0.9338384834487685,0.0708914954904476,-0.10127414198322915,-,"H1,CAGR"
A,ETF,ETFk24d00,U56,10.0,2W,1,3,False,2.6057093681673615,0.05960159821226818,0.7902075734363747,-0.1331601192549866,0.6719883641422553,0.900353221656593,0.615641277092947,0.9320421528845122,0.07172811331444118,-0.12489902017889254,-,"H1,CAGR"
A,ETF,ETFk24d00,U56,10.0,2W,1,4,False,2.5261914503122838,0.05868818893821959,0.7868779361035609,-0.1488241460906523,0.6565023506777626,0.908135529374289,0.5974743528034346,0.9405941544811567,0.07168307027596521,-0.13325198596203258,DD,"H1,CAGR"
A,ETF,ETFk24d00,U56,10.0,M,0,0,True,1.7077332757233705,0.06872150815100753,0.9149137602202146,-0.1134117593071775,0.8806480335752381,0.947838503876867,0.8222033397460887,0.9920757761847349,0.07464398257616556,-0.11341175930717706,-,"H1,CAGR"
A,ETF,ETFk24d00,U56,10.0,M,0,1,False,1.7636594892935924,0.06739190959208496,0.8892298370240407,-0.12108804659999628,0.7896154017000838,0.9848668142790484,0.7433854009848622,1.012063173647711,0.07676426258931923,-0.12108804659999639,-,"H1,CAGR"
A,ETF,ETFk24d00,U56,10.0,M,0,2,False,1.7788351834146547,0.06420203066286567,0.8190201899321363,-0.1677921505261022,0.7699063643495698,0.8652384563540484,0.7255057622196509,0.8918408965574205,0.07248364016373321,-0.16779215052610208,DD,"H1,CAGR"
A,ETF,ETFk24d00,U56,10.0,M,0,3,False,1.7658015989227847,0.06223576569102485,0.7688920376331086,-0.20230000689936045,0.7525241468643037,0.7879648291000139,0.6999591269179312,0.8217184509868963,0.07002059178592468,-0.2023000068993609,DD,"H1,H2,OOS,CAGR"
A,ETF,ETFk24d00,U56,10.0,M,0,4,False,1.7305234627617665,0.06224308684796509,0.7618018346649413,-0.22973029319323934,0.7378523337970915,0.7896865539909177,0.6830002823927924,0.8211222205258888,0.07213568238134438,-0.22973029319323912,DD,"H1,H2,OOS,DD,CAGR"
A,ETF,ETFk24d00,U56,10.0,6W,0,0,True,1.456743927140584,0.0687161564219283,0.8841016242888949,-0.1465480023212049,0.726332135645884,1.0317459935619693,0.6693225340705448,1.0603997697734668,0.08383564091140538,-0.14654800232120468,DD,"H1,CAGR"
A,ETF,ETFk24d00,U56,10.0,6W,0,1,False,1.3963069355569708,0.07439181240434944,0.9491241975136616,-0.1430900820514972,0.8107362057965095,1.0762355779037707,0.75559935059818,1.10354574838351,0.08893016112623009,-0.1430900820514972,DD,"H1,CAGR"
A,ETF,ETFk24d00,U56,10.0,6W,0,2,False,1.404851936902772,0.07271960015417522,0.9104310463330437,-0.160486282333679,0.8527093986840593,0.9648291856540163,0.8092219160974629,0.9881488906939573,0.08265195388664415,-0.1604862823336788,DD,"H1,CAGR"
A,ETF,ETFk24d00,U56,10.0,6W,0,3,False,1.3837704864240359,0.07325324171720093,0.942313413543817,-0.13851631799580755,0.8980970668059376,0.9845862917878545,0.8545332493725359,1.0111413050073714,0.08114104487312113,-0.13851631799580777,DD,"H1,CAGR"
A,ETF,ETFk24d00,U56,10.0,6W,0,4,False,1.4557883870221586,0.0700823758132263,0.8950932420679404,-0.1460000395495774,0.8529750952462241,0.9362424860025491,0.811704890615047,0.9591413335937109,0.07880294377423813,-0.14600003954957785,DD,"H1,CAGR"
A,ETF,ETFk24d00,U56,10.0,6W,1,0,False,1.4288317821466001,0.07136621206859406,0.946128935263261,-0.11295895865605621,0.8757063099301907,1.013187138824588,0.8205373643712963,1.0502358922861237,0.0796609653455782,-0.11255259634661752,-,"H1,CAGR"
A,ETF,ETFk24d00,U56,10.0,6W,1,1,False,1.4324332477366772,0.07061923079136245,0.9281897945477191,-0.1249736203447791,0.8558299948369253,0.9963724427976182,0.806923053694169,1.0269146437218564,0.07920202758078698,-0.12497362034477932,-,"H1,CAGR"
A,ETF,ETFk24d00,U56,10.0,6W,1,2,False,1.44120063680268,0.06797273535015647,0.8587341189288771,-0.17046169354837337,0.8242355565411672,0.8929216910476993,0.7623072599275549,0.9327550995273436,0.07731096474478871,-0.17046169354837293,DD,"H1,CAGR"
A,ETF,ETFk24d00,U56,10.0,6W,1,3,False,1.433003092513673,0.07102462626300965,0.8721380600370968,-0.20431045389609437,0.8509364306033921,0.8962570330641041,0.7853478199337467,0.9382624110268221,0.08075252674178013,-0.20431045389609448,DD,"H1,DD,CAGR"
A,ETF,ETFk24d00,U56,10.0,6W,1,4,False,1.4078728876940185,0.06728109902461799,0.8099044060388609,-0.23057806882604281,0.8509357069048197,0.785309119221861,0.7849582973835456,0.8313007319909659,0.07358873254719955,-0.23057806882604304,DD,"H1,H2,OOS,DD,CAGR"
A,ETF,ETFk24d00,U56,10.0,6W,2,0,False,1.433165562470521,0.06398498324546398,0.7737334524711629,-0.22758119303884827,0.8399196365823177,0.7248444626141464,0.7780789969209599,0.7727377327924231,0.06710229835012749,-0.22758119303884816,DD,"H1,H2,OOS,DD,CAGR"
A,ETF,ETFk24d00,U56,10.0,6W,2,1,False,1.4872888543090046,0.060436306714297006,0.7380963739847428,-0.22656269659342676,0.7969342994928053,0.6938479526291249,0.7343418242194995,0.742562882699447,0.06359340763308619,-0.22656269659342698,DD,"H1,H2,OOS,DD,CAGR"
A,ETF,ETFk24d00,U56,10.0,6W,2,2,False,1.4407618318493514,0.06402264674646596,0.7751914592297822,-0.22670615260637772,0.8320331043843986,0.7358279945030118,0.769599037316035,0.7820190199181946,0.0682721810822462,-0.22670615260637828,DD,"H1,H2,OOS,DD,CAGR"
A,ETF,ETFk24d00,U56,10.0,6W,2,3,False,1.4428075942404757,0.0664611551867973,0.8036232584070134,-0.22691930774227564,0.8681383366607724,0.7578969164841141,0.8166075015392935,0.7970286767918234,0.06952000185179674,-0.22691930774227564,DD,"H1,H2,OOS,DD,CAGR"
A,ETF,ETFk24d00,U56,10.0,6W,2,4,False,1.4873273307928623,0.06307355655828539,0.7662026196537478,-0.22661187568674446,0.818480035131728,0.7305237085491298,0.7638389604007515,0.7706955280843325,0.06705952291994688,-0.22661187568674435,DD,"H1,H2,OOS,DD,CAGR"
A,ETF,ETFk24d00,U56,10.0,6W,3,0,False,1.512262336352165,0.060531294400686164,0.7409068873306273,-0.226611875686744,0.8291662669487239,0.6801692330820786,0.7748412592888488,0.7214155753157797,0.06284678645780728,-0.22661187568674468,"H2,DD","H1,H2,OOS,DD,CAGR"
A,ETF,ETFk24d00,U56,10.0,6W,3,1,False,1.4892310610631445,0.06315239229553304,0.76638841520451,-0.22657569097368302,0.8155037089009554,0.7362564874202556,0.7652040041115871,0.7713038392405209,0.06788865142851064,-0.22657569097368324,DD,"H1,H2,OOS,DD,CAGR"
A,ETF,ETFk24d00,U56,10.0,6W,3,2,False,1.5144835315746359,0.06076649970005432,0.7436181563793388,-0.2265897447440569,0.7900422220002321,0.7148361954798171,0.7287505045565315,0.7577750963864364,0.06606065150218177,-0.22658974474405658,DD,"H1,H2,OOS,DD,CAGR"
A,ETF,ETFk24d00,U56,10.0,6W,3,3,False,1.4809777581292023,0.06336464011214393,0.7690567236781756,-0.22712253797024395,0.7988163822634227,0.7525129627324075,0.7376235621076961,0.7946807196551287,0.06957985580686854,-0.22712253797024418,DD,"H1,H2,OOS,DD,CAGR"
A,ETF,ETFk24d00,U56,10.0,6W,3,4,False,1.5225014623428272,0.0544915865239477,0.6831999589775305,-0.22811860105848936,0.7402873369527158,0.642925174858911,0.6800987544196077,0.6879552312917584,0.05798764200384543,-0.22811860105848947,"H2,DD","H1,H2,OOS,DD,CAGR"
A,ETF,ETFk24d00,U56,10.0,6W,4,0,False,1.5474384317603085,0.054655063774458945,0.6832901358780101,-0.2227957317626328,0.8095520145616905,0.5909202055289285,0.7540317032795351,0.6374136373762234,0.05401335507652694,-0.22279573176263257,"H2,DD","H1,H2,OOS,DD,CAGR"
A,ETF,ETFk24d00,U56,10.0,6W,4,1,False,1.55884388049406,0.05630206891848455,0.7009043186209017,-0.21180264591457043,0.7629424992850415,0.6593185710791422,0.702392946086252,0.7033877430225786,0.06020018803639515,-0.21180264591457088,"H2,DD","H1,H2,OOS,DD,CAGR"
A,ETF,ETFk24d00,U56,10.0,6W,4,2,False,1.5135931119979495,0.06136908127342999,0.7647229526745865,-0.21511438390107118,0.8529846976503132,0.7038855933223638,0.796692237688263,0.7466160280317552,0.06388576363302834,-0.21511438390107163,DD,"H1,H2,OOS,DD,CAGR"
A,ETF,ETFk24d00,U56,10.0,6W,4,3,False,1.555036131884569,0.05553865175916006,0.7023640591543082,-0.20276757259575584,0.8628094670798323,0.5822925787588438,0.8111175886092947,0.6295110960675471,0.05247106112351796,-0.20276757259575617,"H2,DD","H1,H2,OOS,DD,CAGR"
A,ETF,ETFk24d00,U56,10.0,6W,4,4,False,1.530852268287048,0.05387354695370328,0.6805140985610333,-0.23037343543989341,0.8461739203925323,0.5532504184779806,0.7896007631368134,0.6055104462233797,0.050193237436263916,-0.2303734354398932,"H2,DD","H1,H2,OOS,DD,CAGR"
A,ETF,ETFk24d00,U56,10.0,6W,5,0,False,1.5667203743806029,0.05364374531891403,0.6921913840937761,-0.1797996789102294,0.7973160246661684,0.6113947054266943,0.7272371556716789,0.6689488992071346,0.05440371637547936,-0.17979967891022952,"H2,DD","H1,H2,OOS,CAGR"
A,ETF,ETFk24d00,U56,10.0,6W,5,1,False,1.5426208847398728,0.05917213945042343,0.7625769774643837,-0.18167685046403947,0.7932129015016263,0.7385216842176051,0.7289175219273272,0.7891785786440377,0.06307255332414541,-0.1816768504640398,DD,"H1,H2,OOS,CAGR"
A,ETF,ETFk24d00,U56,10.0,6W,5,2,False,1.5318707174068928,0.06432159797209813,0.8268678686417522,-0.12862490831412599,0.7478319621567553,0.9002708862362765,0.6913637632982547,0.9353181332879952,0.07452082387591652,-0.12862490831412587,-,"H1,CAGR"
A,ETF,ETFk24d00,U56,10.0,6W,5,3,False,1.4599258111354847,0.06731414608105313,0.854782603475755,-0.13591361074005182,0.7151221108554909,0.984341167808999,0.6663005628201778,1.007578577477243,0.0810737518324407,-0.13591361074005215,-,"H1,CAGR"
A,ETF,ETFk24d00,U56,10.0,6W,5,4,False,1.4667604200310531,0.06679178246891104,0.8634639346422248,-0.1328793274087936,0.7486590408981659,0.9706715864785054,0.6975304314616232,0.9987936313162589,0.07857398023533557,-0.13287932740879327,-,"H1,CAGR"
A,ETF,ETFk24d00,U56,10.0,Q,0,0,True,1.0537369466947453,0.05369114171045064,0.6335894623640148,-0.2637178712599606,0.8094790116036453,0.5028316251248226,0.7496797814644091,0.5560401724039098,0.049525027296029256,-0.2637178712599606,"H2,DD","H1,H2,OOS,DD,CAGR"
A,ETF,ETFk24d00,U56,10.0,Q,0,1,False,1.0840264110244082,0.05209985911862747,0.6103494217418732,-0.2638047410857668,0.7988137945245247,0.47346870583204975,0.7443592592207157,0.5228129261688175,0.047031586921389534,-0.2638047410857667,"H2,DD","H1,H2,OOS,DD,CAGR"
A,ETF,ETFk24d00,U56,10.0,Q,0,2,False,1.0429316627090914,0.05605530739465214,0.6489445553908756,-0.263593607325867,0.8123390433694273,0.5348887342724645,0.7596163300724426,0.5794806402293526,0.05334313786681477,-0.2635936073258669,"H2,DD","H1,H2,OOS,DD,CAGR"
A,ETF,ETFk24d00,U56,10.0,Q,0,3,False,1.015780495681757,0.06023132809337817,0.704768846761427,-0.26348724345138064,0.9003309756850617,0.5740773665003727,0.8471140835874847,0.6191281875321529,0.05695690725760083,-0.26348724345138075,"H2,DD","H1,H2,OOS,DD,CAGR"
A,ETF,ETFk24d00,U56,10.0,Q,0,4,False,1.0305544101839945,0.05614609426249095,0.6651411176696485,-0.2661424982430731,0.867255914338476,0.5308903804615701,0.8179176326319293,0.5737339892267859,0.05212501335501729,-0.2661424982430737,"H2,DD","H1,H2,OOS,DD,CAGR"
A,ETF,ETFk24d01,U56,10.0,D,0,0,True,8.680084999689432,0.04748630730956305,0.7433640822140706,-0.10502044166892877,0.6683379652835428,0.8142006065539188,0.5624660098856596,0.8912970010169363,0.05787592515616291,-0.09884061551044787,-,"H1,H2,CAGR"
A,ETF,ETFk24d01,U56,10.0,2D,0,0,True,6.012570746742639,0.050752971863477825,0.7879691155628114,-0.10689697800033382,0.720144385063227,0.851765403461101,0.6096105944056976,0.9325443786450092,0.06124285604287505,-0.10633198734103022,-,"H1,CAGR"
A,ETF,ETFk24d01,U56,10.0,2D,1,0,False,6.213786566429038,0.04930521879409966,0.7646568318103739,-0.1031919334753395,0.6653925443797287,0.8578877678776117,0.5607944823776475,0.9307583283791603,0.06117496904225894,-0.09772567066708782,-,"H1,CAGR"
A,ETF,ETFk24d01,U56,10.0,W,0,0,True,3.7129380541680352,0.05218657548852601,0.8051601645015908,-0.12695380692252167,0.7202529057309027,0.8839263992661185,0.6178912687384277,0.954290085047,0.06359864094918821,-0.1269538069225219,-,"H1,CAGR"
A,ETF,ETFk24d01,U56,10.0,W,0,1,False,3.8139756999283865,0.05497014696422986,0.8401172308508537,-0.12049195043393568,0.7736798371441603,0.9025868459066823,0.6681514709875851,0.9791746535780882,0.06533216192802649,-0.1204919504339359,-,"H1,CAGR"
A,ETF,ETFk24d01,U56,10.0,W,0,2,False,3.7864630715205356,0.0559873582450916,0.8439497615529059,-0.11719805395701399,0.7006789765146826,0.9762290449465152,0.6033503850058609,1.036438036885139,0.07073661106529672,-0.09582792825581721,-,"H1,CAGR"
A,ETF,ETFk24d01,U56,10.0,W,0,3,False,3.8353603312043507,0.055869739408092034,0.8439750562464327,-0.10360935935023607,0.7822267217891838,0.9022011760123565,0.6877145126155386,0.970716049059384,0.06537878309645229,-0.10360935935023596,-,"H1,CAGR"
A,ETF,ETFk24d01,U56,10.0,W,0,4,False,3.758550451289712,0.052678117589820994,0.804254964521338,-0.10417739727791542,0.727652372691315,0.8758858129132837,0.6248080401215113,0.9486872405322835,0.06356013982004027,-0.1041773972779153,-,"H1,CAGR"
A,ETF,ETFk24d01,U56,10.0,2W,0,0,True,2.625137844198025,0.055254890024063474,0.8223374132910443,-0.14688050458695046,0.7485577993426122,0.8910736157770303,0.650242508313038,0.9599472718333031,0.06614958505613733,-0.1468805045869498,DD,"H1,CAGR"
A,ETF,ETFk24d01,U56,10.0,2W,0,1,False,2.6444932259887817,0.05895991542682033,0.86915731577272,-0.13802181827295645,0.8492124669930722,0.8892909746865949,0.7427805937136559,0.9689085054848823,0.06763476654506806,-0.13802181827295668,-,"H1,CAGR"
A,ETF,ETFk24d01,U56,10.0,2W,0,2,False,2.612376581840104,0.05887288708821603,0.8475452179393966,-0.15661019045084157,0.8666332590780197,0.8353841991198941,0.7667148337444158,0.9099139324199349,0.06596196770717433,-0.15661019045084157,DD,"H1,CAGR"
A,ETF,ETFk24d01,U56,10.0,2W,0,3,False,2.6762401996689924,0.05571726221045448,0.8315279442863953,-0.12481913386793697,0.8199097280878508,0.8437526586555881,0.7304088473616513,0.9119821416654782,0.06255067770575984,-0.1248191338679372,-,"H1,CAGR"
A,ETF,ETFk24d01,U56,10.0,2W,0,4,False,2.689434268180655,0.048380720608757866,0.7213753828995548,-0.15163364971052984,0.7011648784172915,0.741902000834014,0.6019947271869615,0.8136744836194141,0.05680484366107086,-0.1516336497105294,DD,"H1,H2,OOS,CAGR"
A,ETF,ETFk24d01,U56,10.0,2W,1,0,False,2.6609754665798118,0.05589647677177423,0.8522907551562159,-0.10922580082440392,0.7629876839576034,0.9353465592550886,0.6523306741843307,1.012153785868508,0.06814427512594756,-0.10922580082440414,-,"H1,CAGR"
A,ETF,ETFk24d01,U56,10.0,2W,1,1,False,2.587574979560733,0.0585610406722854,0.8820336641023792,-0.11617776891514364,0.777284146729341,0.9802935092371782,0.6845283668868589,1.042511300598945,0.07050282436299704,-0.11617776891514364,-,"H1,CAGR"
A,ETF,ETFk24d01,U56,10.0,2W,1,2,False,2.619655368201778,0.05640514809276298,0.8405164420511224,-0.09739765578424342,0.7438991508345624,0.9303687576522799,0.646070913310582,0.9966038252302037,0.06853709685364517,-0.09739765578424331,-,"H1,CAGR"
A,ETF,ETFk24d01,U56,10.0,2W,1,3,False,2.6273426943310554,0.05751098809407984,0.8398506855778008,-0.12068136359947446,0.7330176992368224,0.9393310053928746,0.6342812150566076,1.0058061198279005,0.0704656133472561,-0.1206813635994749,-,"H1,CAGR"
A,ETF,ETFk24d01,U56,10.0,2W,1,4,False,2.5533868322993034,0.05587606394542233,0.8263286766653103,-0.1323123313318465,0.7228703245767861,0.9222389043731027,0.6215641488644571,0.9905341203378523,0.06873366924488367,-0.1323123313318464,-,"H1,CAGR"
A,ETF,ETFk24d01,U56,10.0,M,0,0,True,1.7403491322451712,0.061806138508106345,0.9062776759495322,-0.12828188637423565,0.9029495945662911,0.9103438915644276,0.8029645633062118,0.9903535006137573,0.06835165016769906,-0.128281886374236,-,"H1,CAGR"
A,ETF,ETFk24d01,U56,10.0,M,0,1,False,1.7429033507780305,0.06288790174228986,0.9064055233851913,-0.13673208431015993,0.8442317853570626,0.9649890307220783,0.7594926891304346,1.0252559944760973,0.07239904806020858,-0.13673208431016026,-,"H1,CAGR"
A,ETF,ETFk24d01,U56,10.0,M,0,2,False,1.8027488424993714,0.05845344752165982,0.825801908230943,-0.16003297863122257,0.7931884219804347,0.8576759190133857,0.7073717858800622,0.9174201685065412,0.06757402757226094,-0.16003297863122234,DD,"H1,CAGR"
A,ETF,ETFk24d01,U56,10.0,M,0,3,False,1.7508507189586309,0.057804050195513046,0.8041870623960166,-0.16894161600306967,0.7776439331784769,0.8310049286614247,0.6858680455781521,0.8950639594706333,0.06723958194623925,-0.1689416160030699,DD,"H1,H2,CAGR"
A,ETF,ETFk24d01,U56,10.0,M,0,4,False,1.7031879518544504,0.057229440945880006,0.7755919860751712,-0.20792339987841346,0.784338312855188,0.7777867586145795,0.6938917362562482,0.836991245769629,0.06649377128508527,-0.20792339987841368,DD,"H1,H2,OOS,DD,CAGR"
A,ETF,ETFk24d01,U56,10.0,6W,0,0,True,1.4994122068321636,0.06308605132777467,0.8951160092054666,-0.14229704067708382,0.7351648247650617,1.0436036475140906,0.6436912154141065,1.0985421511016253,0.07930273635264529,-0.14229704067708393,DD,"H1,CAGR"
A,ETF,ETFk24d01,U56,10.0,6W,0,1,False,1.4208255489066766,0.06933661975859873,0.9774531282975765,-0.14013857719574263,0.837254619618655,1.1055413436178043,0.7473109355067834,1.1587794563238711,0.08505760987584798,-0.14013857719574263,DD,"H1,CAGR"
A,ETF,ETFk24d01,U56,10.0,6W,0,2,False,1.3928969703896512,0.06789707017696589,0.9353935881763832,-0.15928585680377016,0.8761500042388194,0.9916398871142597,0.7873287170696016,1.046759202174944,0.08050165593447578,-0.15928585680376994,DD,"H1,CAGR"
A,ETF,ETFk24d01,U56,10.0,6W,0,3,False,1.3954456704546239,0.06697968838796209,0.9502052494430621,-0.13826066886296207,0.9421382661492561,0.96138077022288,0.8645405036584124,1.0166334170478568,0.07455156480114944,-0.13826066886296207,-,"H1,CAGR"
A,ETF,ETFk24d01,U56,10.0,6W,0,4,False,1.4333032736030626,0.06408512572787006,0.8966960723015988,-0.15932440191514463,0.9045837832399733,0.8971801453577583,0.8212526310345497,0.9544526316966832,0.07225941287359872,-0.1593244019151442,DD,"H1,CAGR"
A,ETF,ETFk24d01,U56,10.0,6W,1,0,False,1.4641266745723989,0.0637623560484637,0.9197518553179764,-0.1388018230305028,0.9025342269218999,0.9372660415302657,0.8021219132704024,1.0133709346046471,0.07194181035834513,-0.1388018230305026,DD,"H1,CAGR"
A,ETF,ETFk24d01,U56,10.0,6W,1,1,False,1.4347876036693186,0.0651810025652404,0.9361005199491869,-0.1403956621628868,0.9153414279345197,0.9571197583629028,0.8226294969290372,1.025667098842712,0.07343698003201671,-0.1403956621628869,DD,"H1,CAGR"
A,ETF,ETFk24d01,U56,10.0,6W,1,2,False,1.4736078265917667,0.061869366127984105,0.8624201052027577,-0.16248843138777336,0.8581829267306411,0.8709902209401525,0.7555328064556056,0.9440152827560382,0.07110902244170281,-0.16248843138777336,DD,"H1,CAGR"
A,ETF,ETFk24d01,U56,10.0,6W,1,3,False,1.4717856770606965,0.0643064872160315,0.8894588647967588,-0.1741071173340798,0.8958966060396024,0.8884092360022434,0.7947743722585938,0.9623519743988614,0.07269097420246995,-0.1741071173340799,DD,"H1,CAGR"
A,ETF,ETFk24d01,U56,10.0,6W,1,4,False,1.46856682990973,0.06118033022734237,0.8201049182244551,-0.21061302499883028,0.9020620720026513,0.7614998948167415,0.8031021917086048,0.8357007755164739,0.06625328232084193,-0.21061302499883017,DD,"H1,H2,OOS,DD,CAGR"
A,ETF,ETFk24d01,U56,10.0,6W,2,0,False,1.4869288783809342,0.05808851246406732,0.7795080106047972,-0.20602402098621775,0.8517947960153684,0.7247776229240084,0.7597402893815113,0.7960931884542652,0.06232282756535512,-0.20602402098621797,DD,"H1,H2,OOS,DD,CAGR"
A,ETF,ETFk24d01,U56,10.0,6W,2,1,False,1.5115745705953585,0.0562010725917137,0.7590444917388967,-0.20475378159588498,0.8048851580802813,0.7245106412600707,0.706627144057828,0.7997104014536639,0.06190806750238709,-0.20475378159588464,DD,"H1,H2,OOS,DD,CAGR"
A,ETF,ETFk24d01,U56,10.0,6W,2,2,False,1.4245695620219436,0.05993155985719789,0.8060302709443746,-0.2046460092718052,0.8402261086961198,0.7837604878348104,0.7414337885849445,0.8556429044606483,0.06718110687983936,-0.20464600927180487,DD,"H1,H2,OOS,DD,CAGR"
A,ETF,ETFk24d01,U56,10.0,6W,2,3,False,1.4412744801465145,0.06297687290984189,0.8460266618986928,-0.20496785834361952,0.9016983704774425,0.8059359083887416,0.8130609455003229,0.872542497375505,0.06837633086281825,-0.20496785834361986,DD,"H1,H2,OOS,DD,CAGR"
A,ETF,ETFk24d01,U56,10.0,6W,2,4,False,1.4649930943941103,0.059025308635267004,0.7955004310258288,-0.20452805762336412,0.8334098291702626,0.7697520880979092,0.7417217995033637,0.837158925901224,0.06545644638561621,-0.2045280576233639,DD,"H1,H2,OOS,DD,CAGR"
A,ETF,ETFk24d01,U56,10.0,6W,3,0,False,1.4775950767507924,0.05769297968359299,0.7876362205792066,-0.204528057623364,0.8391728697291738,0.7534165475882884,0.7432340416291706,0.8226492734652116,0.06413743623277046,-0.204528057623364,DD,"H1,H2,OOS,DD,CAGR"
A,ETF,ETFk24d01,U56,10.0,6W,3,1,False,1.471857103042765,0.06164087482144098,0.8327027634797248,-0.20448075930551146,0.8708941996353079,0.8104973340039698,0.7810735759439423,0.8731788978424911,0.06905307786587978,-0.20448075930551146,DD,"H1,H2,OOS,DD,CAGR"
A,ETF,ETFk24d01,U56,10.0,6W,3,2,False,1.5043037709786582,0.059112053009219956,0.7991409611955701,-0.20442919697234807,0.8227118226519385,0.7875940428287941,0.7221649570860719,0.8575016522300454,0.06763241861879554,-0.20442919697234785,DD,"H1,H2,OOS,DD,CAGR"
A,ETF,ETFk24d01,U56,10.0,6W,3,3,False,1.4578065214981697,0.06095338965540886,0.815700492359554,-0.20490233300574456,0.8235718175359161,0.8163496251440631,0.7215880815983607,0.8866168941432367,0.0704656478280219,-0.20490233300574445,DD,"H1,H2,DD,CAGR"
A,ETF,ETFk24d01,U56,10.0,6W,3,4,False,1.5123551509161304,0.05399877604701775,0.7486135980361182,-0.20708448923295475,0.8069297807523429,0.7076340788436113,0.712223535961429,0.7776070756331538,0.05948170532710706,-0.2070844892329552,DD,"H1,H2,OOS,DD,CAGR"
A,ETF,ETFk24d01,U56,10.0,6W,4,0,False,1.5360482824709611,0.052443334734279645,0.7276753528300958,-0.20450015296075108,0.8596068502039458,0.6295668725394757,0.7748530924954949,0.6979461168415388,0.05336805694602953,-0.20450015296075108,"H2,DD","H1,H2,OOS,DD,CAGR"
A,ETF,ETFk24d01,U56,10.0,6W,4,1,False,1.538849587519374,0.05277119484836845,0.7283277443561831,-0.1955958294482245,0.818533131468534,0.6629815758195128,0.7244688889977566,0.7344057745553867,0.05659594714771288,-0.1955958294482244,"H2,DD","H1,H2,OOS,CAGR"
A,ETF,ETFk24d01,U56,10.0,6W,4,2,False,1.496703443189706,0.056777464552124846,0.78054756585998,-0.1995019688719074,0.8355814099711422,0.7440901436540359,0.7420288952831061,0.8114833622357837,0.06299264954819872,-0.1995019688719082,DD,"H1,H2,OOS,CAGR"
A,ETF,ETFk24d01,U56,10.0,6W,4,3,False,1.5081571571367964,0.05259096231662719,0.7353341639613936,-0.1842458969984062,0.8569761858440836,0.6433657562249216,0.770479647202921,0.7133509710218432,0.05396574014917954,-0.184245896998406,"H2,DD","H1,H2,OOS,CAGR"
A,ETF,ETFk24d01,U56,10.0,6W,4,4,False,1.4889020811112597,0.05272235732727659,0.7375242617349247,-0.2027743339092526,0.8876563034180859,0.6222126113584038,0.800720286326885,0.6953846067340034,0.052420381855321274,-0.20277433390925248,"H2,DD","H1,H2,OOS,DD,CAGR"
A,ETF,ETFk24d01,U56,10.0,6W,5,0,False,1.5394685155845595,0.052852332875971575,0.7522263947230994,-0.1676747241728933,0.8277139454916956,0.6949610620676829,0.7255921167966144,0.7738875089991747,0.05727087908288775,-0.1676747241728933,DD,"H1,H2,OOS,CAGR"
A,ETF,ETFk24d01,U56,10.0,6W,5,1,False,1.5423127550201905,0.05526448640824744,0.7900437650109035,-0.16939968749341072,0.8113189230839976,0.7746093041224048,0.7136630348894925,0.8494699261245021,0.06160391321752745,-0.16939968749341083,DD,"H1,H2,OOS,CAGR"
A,ETF,ETFk24d01,U56,10.0,6W,5,2,False,1.5672854252348931,0.05947806368193587,0.8498161993487015,-0.12193229742360412,0.7701121200104261,0.9236406985568184,0.6792613477309716,0.9848440942744819,0.07102295994004071,-0.12193229742360412,-,"H1,CAGR"
A,ETF,ETFk24d01,U56,10.0,6W,5,3,False,1.473472305665063,0.06350083205379309,0.88824699051031,-0.1355619302171126,0.7417215176267992,1.022640617496756,0.6505418468261951,1.077291290013343,0.0794688132926269,-0.13556193021711238,-,"H1,CAGR"
A,ETF,ETFk24d01,U56,10.0,6W,5,4,False,1.5095877689712707,0.06234325018878639,0.8906989631026127,-0.13222980989646727,0.7604413583245191,1.011230245096587,0.6707931007759746,1.067323136594032,0.07663509259368007,-0.13222980989646704,-,"H1,CAGR"
A,ETF,ETFk24d01,U56,10.0,Q,0,0,True,1.0769698109845343,0.04962777837099441,0.6484491236278223,-0.24677584233428063,0.8587917604129627,0.49364997634992913,0.7709108758155846,0.568587896910458,0.046099151357267276,-0.24677584233428085,"H2,DD","H1,H2,OOS,DD,CAGR"
A,ETF,ETFk24d01,U56,10.0,Q,0,1,False,1.0981227214787745,0.05112411974714193,0.662541142956032,-0.24709701087748548,0.8537526817274332,0.5253710498440918,0.7611249785854647,0.6008020745626028,0.049532133812397294,-0.2470970108774856,"H2,DD","H1,H2,OOS,DD,CAGR"
A,ETF,ETFk24d01,U56,10.0,Q,0,2,False,1.0937048408204915,0.05096194619141459,0.6579977249669002,-0.24686442683415044,0.819455222262013,0.5406595270287226,0.730318171975425,0.6124869587665271,0.050540087252276766,-0.24686442683415055,"H2,DD","H1,H2,OOS,DD,CAGR"
A,ETF,ETFk24d01,U56,10.0,Q,0,3,False,1.0660813083725333,0.05605758156068319,0.7292576676151185,-0.2466665740629792,0.9429170369555789,0.5858869051703435,0.8528150277450264,0.6570464654538161,0.05476081894838525,-0.24666657406297932,"H2,DD","H1,H2,OOS,DD,CAGR"
A,ETF,ETFk24d01,U56,10.0,Q,0,4,False,1.05564646560633,0.05190730712410785,0.6819436582232274,-0.24684673180199934,0.9131871375414646,0.5285679709142301,0.823005105486912,0.6002294995430967,0.04961860232068638,-0.24684673180199934,"H2,DD","H1,H2,OOS,DD,CAGR"
A,ETF,ETFk24d02,U56,10.0,D,0,0,True,8.757630039420226,0.04471234646561695,0.6956142537606582,-0.10577685707528484,0.6181906901087325,0.7696745277292708,0.5002567494789679,0.8585281976101962,0.055741374546670164,-0.10001077785876966,H1,"H1,H2,OOS,CAGR"
A,ETF,ETFk24d02,U56,10.0,2D,0,0,True,6.095793106824738,0.04804634497873028,0.740811097414599,-0.10605703713695314,0.6816205762111088,0.7973535385132389,0.5615319501617444,0.8897788425301769,0.05826150908847061,-0.10605703713695325,-,"H1,H2,CAGR"
A,ETF,ETFk24d02,U56,10.0,2D,1,0,False,6.171430701683555,0.04720841984064905,0.7269180937770484,-0.1034599845178018,0.6150392077236363,0.8332832695393827,0.4987646419304504,0.916082511175006,0.06033400934970712,-0.1034599845178017,H1,"H1,H2,CAGR"
A,ETF,ETFk24d02,U56,10.0,W,0,0,True,3.7745285429240534,0.049401718784789495,0.7576384458410765,-0.12728454787454746,0.6667242048209312,0.8429300452022923,0.5556031031268838,0.9219107474054076,0.06134195403869591,-0.12728454787454724,-,"H1,CAGR"
A,ETF,ETFk24d02,U56,10.0,W,0,1,False,3.779333225290651,0.054216565541892026,0.8215616878061024,-0.12073087816326067,0.730653630697748,0.9080068545117302,0.6121626630048056,0.9950131507206532,0.0664185357947682,-0.12073087816326067,-,"H1,CAGR"
A,ETF,ETFk24d02,U56,10.0,W,0,2,False,3.8185102755633995,0.05408982622993119,0.8070797208355899,-0.10710145925608605,0.6820569472901651,0.9234570149980209,0.573409731745923,0.9959537889651332,0.06838277918385605,-0.09768728286033868,-,"H1,CAGR"
A,ETF,ETFk24d02,U56,10.0,W,0,3,False,3.8136311538824077,0.054346920011321576,0.8151733191998075,-0.09901794029241195,0.728970264920003,0.8973631163865049,0.6276012369022952,0.9710237678209442,0.06532341763435956,-0.09901794029241184,-,"H1,CAGR"
A,ETF,ETFk24d02,U56,10.0,W,0,4,False,3.776009086495708,0.05034717483602469,0.7623159517080249,-0.12134006503096384,0.632334169233605,0.8857521418161917,0.5161890175660627,0.9662197796578991,0.06476986671345131,-0.10528650557437147,H1,"H1,CAGR"
A,ETF,ETFk24d02,U56,10.0,2W,0,0,True,2.622970526200084,0.05371261252763304,0.7948058850380185,-0.14851658700116432,0.7040605667587337,0.8799907339462241,0.595260652568196,0.9574607442685727,0.0659286809127797,-0.1485165870011642,DD,"H1,CAGR"
A,ETF,ETFk24d02,U56,10.0,2W,0,1,False,2.615748780587015,0.05684240763838111,0.8324233858429492,-0.14195408396973896,0.7838980921140505,0.8782378760304491,0.668899428865493,0.9639756743483863,0.0672860278271854,-0.14195408396973874,DD,"H1,CAGR"
A,ETF,ETFk24d02,U56,10.0,2W,0,2,False,2.600640894999556,0.057376875249463,0.8144695012071335,-0.16831879832903707,0.8367557538723619,0.799181270748927,0.7399410143345141,0.8721117327241139,0.06401609283451792,-0.16831879832903707,DD,"H1,H2,OOS,CAGR"
A,ETF,ETFk24d02,U56,10.0,2W,0,3,False,2.681253237949261,0.054709704948637805,0.8091275107972775,-0.12815089479315844,0.7870183954444373,0.8305510270439111,0.6976021471118272,0.8997458184502337,0.06170047504835385,-0.12815089479315822,-,"H1,H2,CAGR"
A,ETF,ETFk24d02,U56,10.0,2W,0,4,False,2.741731265434034,0.04655257403910262,0.6911565004219792,-0.15118476291795346,0.6193694017865079,0.7575304932036188,0.5168300989705824,0.8293327964745479,0.05766085693874379,-0.15118476291795424,"H1,DD","H1,H2,OOS,CAGR"
A,ETF,ETFk24d02,U56,10.0,2W,1,0,False,2.6678349676567743,0.054904718560995436,0.8315223432999619,-0.1022222104954541,0.7160332285009138,0.9407085902939303,0.6036046895283981,1.019019290169173,0.06832727013378048,-0.10178479141240349,-,"H1,CAGR"
A,ETF,ETFk24d02,U56,10.0,2W,1,1,False,2.6264440756904133,0.05789395692283117,0.8660367016680107,-0.1107797189157741,0.7108304094912427,1.0144148837701097,0.6095798918015095,1.0803139997758562,0.07292410004749472,-0.1107797189157741,-,"H1,CAGR"
A,ETF,ETFk24d02,U56,10.0,2W,1,2,False,2.6326948049711696,0.05410358807489635,0.8008280634354552,-0.10600003694538418,0.6790861787939524,0.9150944892471405,0.5699411401520859,0.9895287382752206,0.06816005074275866,-0.09546834221038525,-,"H1,CAGR"
A,ETF,ETFk24d02,U56,10.0,2W,1,3,False,2.6232578471641377,0.05582569198135201,0.8120446274568122,-0.12258720158184133,0.6687511435047195,0.9477381882317081,0.5627556689404062,1.0185136571319713,0.07105739073600237,-0.11368242420264874,-,"H1,CAGR"
A,ETF,ETFk24d02,U56,10.0,2W,1,4,False,2.572060360359266,0.053977954949913975,0.7937891143855588,-0.1373384675465018,0.6480777953119945,0.9317547187522504,0.535823273731962,1.0074730000369603,0.06957115731346852,-0.12301651567043359,-,"H1,CAGR"
A,ETF,ETFk24d02,U56,10.0,M,0,0,True,1.8219289096619196,0.06065926854734105,0.8913252322127942,-0.11835466825101704,0.8513683475853838,0.9300921507492987,0.749235179992102,1.0122440886814668,0.06855415126552034,-0.11835466825101648,-,"H1,CAGR"
A,ETF,ETFk24d02,U56,10.0,M,0,1,False,1.822099292980088,0.061230488710887876,0.8852436653213179,-0.1348870565596494,0.7748399342106874,0.9918152690007819,0.6824008576852482,1.0569257964041865,0.07319810652788794,-0.1348870565596496,-,"H1,CAGR"
A,ETF,ETFk24d02,U56,10.0,M,0,2,False,1.8880718344791307,0.05868881117644187,0.8244125730763548,-0.15985734582036826,0.7444105579951983,0.8984749870250647,0.6588204372079591,0.9558689961066338,0.0700390377474518,-0.1598573458203686,DD,"H1,CAGR"
A,ETF,ETFk24d02,U56,10.0,M,0,3,False,1.822708235963548,0.056905576481256936,0.7878297811125974,-0.172600012643373,0.7007646909956167,0.8675926665872379,0.6045054245010474,0.9315232820210269,0.06979708990437605,-0.17260001264337277,DD,"H1,CAGR"
A,ETF,ETFk24d02,U56,10.0,M,0,4,False,1.7322163118561742,0.057397336143964583,0.7738317636611091,-0.20946392063208452,0.71084206251058,0.8322198760661681,0.6102038769984777,0.8948559394413454,0.07095064632420489,-0.20946392063208452,DD,"H1,H2,DD,CAGR"
A,ETF,ETFk24d02,U56,10.0,6W,0,0,True,1.4635828127015975,0.06232912973428495,0.88182936767938,-0.14419026777431165,0.7205415294016912,1.0344287098356295,0.6200840727869869,1.0988554451406976,0.07876345404293206,-0.14419026777431188,DD,"H1,CAGR"
A,ETF,ETFk24d02,U56,10.0,6W,0,1,False,1.4407219996750686,0.06699107496572676,0.9437578910055753,-0.14193735368430782,0.8055586203519287,1.072194741124532,0.7045236678181617,1.137135850532855,0.08260674578038874,-0.1419373536843077,DD,"H1,CAGR"
A,ETF,ETFk24d02,U56,10.0,6W,0,2,False,1.4460067715691052,0.06548621972529123,0.8918003928751541,-0.17097033407591877,0.8236118766486266,0.9550428282358191,0.7252433752975964,1.0179976384216378,0.0788092237201734,-0.17097033407591888,DD,"H1,CAGR"
A,ETF,ETFk24d02,U56,10.0,6W,0,3,False,1.4359690004948698,0.06596704289387345,0.9294884848566671,-0.14271800547346003,0.8854056510381951,0.9714474137633164,0.7965546752439399,1.0344625575338031,0.0755555048506451,-0.14271800547345992,DD,"H1,CAGR"
A,ETF,ETFk24d02,U56,10.0,6W,0,4,False,1.4792806105243104,0.06366156160975889,0.8951459170143671,-0.15029466117798673,0.8792872202116174,0.9136737578559886,0.787074928249305,0.9778238377894944,0.07292183203980818,-0.15029466117798695,DD,"H1,CAGR"
A,ETF,ETFk24d02,U56,10.0,6W,1,0,False,1.4819004159543594,0.06417457347533251,0.9292580119443953,-0.1236884736049444,0.8607150744833918,0.9950494010862331,0.7549047220158355,1.0753801252310835,0.07450543780535579,-0.12368847360494428,-,"H1,CAGR"
A,ETF,ETFk24d02,U56,10.0,6W,1,1,False,1.4700162534178982,0.06488603841714213,0.929558833770353,-0.13927745075674203,0.8605030032581865,0.9946491905732843,0.7570773817519036,1.0697443364071624,0.07593950135181626,-0.13927745075674214,DD,"H1,CAGR"
A,ETF,ETFk24d02,U56,10.0,6W,1,2,False,1.5028423655160694,0.061030938693536596,0.8463900573326935,-0.1657758415844871,0.8063081436809159,0.8849078736391907,0.6967097241021492,0.9618781964450699,0.07235301553446538,-0.1657758415844871,DD,"H1,CAGR"
A,ETF,ETFk24d02,U56,10.0,6W,1,3,False,1.4761429266794766,0.06654052118548126,0.9188976100145905,-0.17512115063535538,0.893783496853442,0.9446827592475108,0.7818651921940891,1.0247877279698396,0.07730589814967237,-0.1751211506353555,DD,"H1,CAGR"
A,ETF,ETFk24d02,U56,10.0,6W,1,4,False,1.4637105771250236,0.0607551372267674,0.8126924207353065,-0.21062961200215657,0.8715241496976385,0.7702218390101013,0.7554136392944687,0.8569580728856839,0.0676916920618007,-0.21062961200215669,DD,"H1,H2,OOS,DD,CAGR"
A,ETF,ETFk24d02,U56,10.0,6W,2,0,False,1.4660057291114708,0.05775675476691933,0.7666550570699724,-0.21962964670009988,0.8363836754517955,0.7148403854880735,0.7305939260868034,0.7952665208505161,0.06317459781739765,-0.21962964670010043,DD,"H1,H2,OOS,DD,CAGR"
A,ETF,ETFk24d02,U56,10.0,6W,2,1,False,1.537353712483694,0.054579211875706246,0.7270515083873013,-0.22078943867091916,0.7786282998243906,0.6888919403768484,0.6700574985941634,0.7709383631659489,0.06086292328677945,-0.22078943867091938,DD,"H1,H2,OOS,DD,CAGR"
A,ETF,ETFk24d02,U56,10.0,6W,2,2,False,1.4532175604270552,0.05858976277896977,0.7741788928576657,-0.21853135510036614,0.8175297624960393,0.7453371512475923,0.7107095086515314,0.8227959200278697,0.06605953210465221,-0.21853135510036548,DD,"H1,H2,OOS,DD,CAGR"
A,ETF,ETFk24d02,U56,10.0,6W,2,3,False,1.462812470499363,0.061281121340176936,0.8088423217391657,-0.2188970771053973,0.8871416028026069,0.7510480048177623,0.7921744376240513,0.8235690389562513,0.06585429824676936,-0.2188970771053974,DD,"H1,H2,OOS,DD,CAGR"
A,ETF,ETFk24d02,U56,10.0,6W,2,4,False,1.5071285381457402,0.05683849226469606,0.7531207837006814,-0.21853996057328795,0.7985469364211435,0.7218601004936337,0.7010193811956773,0.7934245667726741,0.06334448284563243,-0.21853996057328784,DD,"H1,H2,OOS,DD,CAGR"
A,ETF,ETFk24d02,U56,10.0,6W,3,0,False,1.529188497461616,0.05534357687154823,0.740107243397105,-0.21853996057328773,0.7975867492722128,0.7020329347879635,0.6984214817563187,0.7731508952346655,0.06178954669372305,-0.21853996057328806,DD,"H1,H2,OOS,DD,CAGR"
A,ETF,ETFk24d02,U56,10.0,6W,3,1,False,1.518357462027287,0.05848934734010158,0.7766155764800399,-0.2184642888141597,0.8200307133531108,0.7501261206836524,0.727063355655474,0.8154018090567563,0.06568561551156638,-0.2184642888141597,DD,"H1,H2,OOS,DD,CAGR"
A,ETF,ETFk24d02,U56,10.0,6W,3,2,False,1.5528184796267677,0.054832695831871225,0.7319649200347265,-0.21838914792294895,0.7666850079907506,0.7120185602865599,0.6613168172468247,0.785433401351206,0.06301540508261927,-0.21838914792294895,DD,"H1,H2,OOS,DD,CAGR"
A,ETF,ETFk24d02,U56,10.0,6W,3,3,False,1.4901776825521593,0.05780616730538246,0.765053920785783,-0.2188327644388839,0.7636556106366656,0.7736433812916551,0.6583945509265123,0.8444765053062758,0.0682371753193618,-0.2188327644388839,DD,"H1,H2,OOS,DD,CAGR"
A,ETF,ETFk24d02,U56,10.0,6W,3,4,False,1.5533570354173698,0.05019194732215326,0.6868906180770524,-0.2210279886809644,0.7401388625417764,0.6494503968550084,0.639354550368128,0.7236755493310462,0.056091550943521584,-0.22102798868096407,"H2,DD","H1,H2,OOS,DD,CAGR"
A,ETF,ETFk24d02,U56,10.0,6W,4,0,False,1.577525229794995,0.05002017670314607,0.6850662563712702,-0.21619025535396053,0.80530648169883,0.5956805350571452,0.7105895643853467,0.6703261391852186,0.05196620995590484,-0.2161902553539603,"H2,DD","H1,H2,OOS,DD,CAGR"
A,ETF,ETFk24d02,U56,10.0,6W,4,1,False,1.5505983910972683,0.05092099498412872,0.6955122772095457,-0.208032646097163,0.7486368239156125,0.6582970282749732,0.6430500492540624,0.7358844544163126,0.05721318544946663,-0.208032646097163,"H2,DD","H1,H2,OOS,DD,CAGR"
A,ETF,ETFk24d02,U56,10.0,6W,4,2,False,1.5269500109477192,0.0539073891742039,0.7320950558947659,-0.21266139923280636,0.7957157804848147,0.6867407912596538,0.6987330197776555,0.7588743955029701,0.05928106859924287,-0.21266139923280614,"H2,DD","H1,H2,OOS,DD,CAGR"
A,ETF,ETFk24d02,U56,10.0,6W,4,3,False,1.5682684188511846,0.0524331142512493,0.7245756743771951,-0.19591954130648215,0.8056939865499732,0.661816184036767,0.7111668627106498,0.7363400991310912,0.05593809582583131,-0.19591954130648248,"H2,DD","H1,H2,OOS,CAGR"
A,ETF,ETFk24d02,U56,10.0,6W,4,4,False,1.529716214339312,0.050113267556019636,0.6925062796062472,-0.21988489421473412,0.812270427355103,0.5973589919208054,0.7175868845688254,0.6758902030647675,0.05116298960733001,-0.21988489421473378,"H2,DD","H1,H2,OOS,DD,CAGR"
A,ETF,ETFk24d02,U56,10.0,6W,5,0,False,1.5816681836348492,0.050215836576603,0.7095491095208072,-0.17237579553214122,0.7672916492632582,0.663827778311475,0.658498930839514,0.7491596891422394,0.05530025064634403,-0.17237579553214144,"H2,DD","H1,H2,OOS,CAGR"
A,ETF,ETFk24d02,U56,10.0,6W,5,1,False,1.5713944612163468,0.05260871186470584,0.7464835514583367,-0.17371323236218394,0.7547978348539749,0.7412191607566558,0.649345270192896,0.8229836566823439,0.05972957512921462,-0.17371323236218394,DD,"H1,H2,OOS,CAGR"
A,ETF,ETFk24d02,U56,10.0,6W,5,2,False,1.601532738464168,0.05621439628705205,0.8002981565224233,-0.11348001138150421,0.7085293145888938,0.8865300373418716,0.6071744041975584,0.9581384164643432,0.06849409592318012,-0.11348001138150421,-,"H1,CAGR"
A,ETF,ETFk24d02,U56,10.0,6W,5,3,False,1.5154101059921898,0.059627944004196465,0.832287469572225,-0.12883973748801958,0.6688730591968898,0.9856664044974501,0.57704303181876,1.0419708397925367,0.07607493762878303,-0.12883973748801947,-,"H1,CAGR"
A,ETF,ETFk24d02,U56,10.0,6W,5,4,False,1.4970898695287094,0.06043245841147349,0.8593409461725867,-0.12592973437466437,0.720972577452427,0.9908157408762431,0.6288229513794825,1.051378682039824,0.07471302509448252,-0.12592973437466426,-,"H1,CAGR"
A,ETF,ETFk24d02,U56,10.0,Q,0,0,True,1.0917835048732456,0.049151535622893094,0.643426210431637,-0.24187972065664154,0.8107914403033178,0.5167675360017042,0.7154636036408271,0.5955912369685067,0.04799746272810501,-0.24187972065664132,"H2,DD","H1,H2,OOS,DD,CAGR"
A,ETF,ETFk24d02,U56,10.0,Q,0,1,False,1.1204874209419995,0.0504833191029288,0.6520623280212648,-0.24210017697399666,0.8071592698503832,0.5373662126412144,0.7034449251874795,0.6198046098836685,0.050978274697886405,-0.24210017697399644,"H2,DD","H1,H2,OOS,DD,CAGR"
A,ETF,ETFk24d02,U56,10.0,Q,0,2,False,1.1165717736896346,0.051485210054464936,0.6587149749381189,-0.24189591960720858,0.7749139735287648,0.5725512227931856,0.6847778179525406,0.6432058338464618,0.05324565126373071,-0.2418959196072089,"H2,DD","H1,H2,OOS,DD,CAGR"
A,ETF,ETFk24d02,U56,10.0,Q,0,3,False,1.0731891734844412,0.058097789218455986,0.7528126343015367,-0.2417596554785879,0.9195069054993966,0.6396944200751289,0.8309668423874209,0.7074124521092917,0.05895429055181056,-0.2417596554785877,"H2,DD","H1,H2,OOS,DD,CAGR"
A,ETF,ETFk24d02,U56,10.0,Q,0,4,False,1.078442679632019,0.053268035104648837,0.6928479999743622,-0.24196806078001443,0.875976941074984,0.5713382657788846,0.7849592119904995,0.6403956520839288,0.053440825521346325,-0.2419680607800142,"H2,DD","H1,H2,OOS,DD,CAGR"
A,ETF,ETFk24d03,U56,10.0,D,0,0,True,8.685353158534799,0.04169103248400874,0.6996577376947843,-0.09708675860829308,0.7066140603958018,0.6935314053794983,0.6039166719716712,0.7784429500658095,0.04674349144733614,-0.09029640469787326,-,"H1,H2,OOS,CAGR"
A,ETF,ETFk24d03,U56,10.0,2D,0,0,True,5.985532064585012,0.0451632873528538,0.752824907449455,-0.09866380900075755,0.7608348628819793,0.7458271942763786,0.6574298365834222,0.8311132379252905,0.050270994057763696,-0.09866380900075733,-,"H1,H2,OOS,CAGR"
A,ETF,ETFk24d03,U56,10.0,2D,1,0,False,6.113509721560004,0.04361185241541876,0.7245308944634737,-0.09260802459823425,0.7048934341138475,0.7435187135995168,0.6044229225455625,0.8227182529231598,0.050125615415542724,-0.09130774664108066,-,"H1,H2,OOS,CAGR"
A,ETF,ETFk24d03,U56,10.0,W,0,0,True,3.8172232301605513,0.045522059758257516,0.7510236498530998,-0.10252265612897993,0.7477044681540149,0.7550450113851169,0.6507536061488861,0.8321162805301541,0.05121724355548096,-0.10252265612898015,-,"H1,H2,OOS,CAGR"
A,ETF,ETFk24d03,U56,10.0,W,0,1,False,3.735488265948705,0.04810548625155353,0.7875627126981507,-0.1039143352527323,0.764900827223719,0.8094141180220281,0.6638460434848317,0.8898363864707903,0.05471637479061897,-0.10391433525273208,-,"H1,H2,CAGR"
A,ETF,ETFk24d03,U56,10.0,W,0,2,False,3.7658666145315203,0.047740990521294435,0.7700719973929019,-0.1056125114542732,0.7359836158383606,0.8025513965963688,0.6443868598177785,0.8706087684663436,0.055182297433412186,-0.09507452241817793,-,"H1,H2,OOS,CAGR"
A,ETF,ETFk24d03,U56,10.0,W,0,3,False,3.7230565801133992,0.05079445910459501,0.8260357028037334,-0.09501429748236412,0.8170533763969046,0.8350891379141484,0.7276633067632894,0.9066830112430788,0.056216828344564984,-0.09501429748236401,-,"H1,CAGR"
A,ETF,ETFk24d03,U56,10.0,W,0,4,False,3.726177621518701,0.047125911350944794,0.7706385383980499,-0.10838804176490802,0.700146173843068,0.8375070567922951,0.5981924916695429,0.9126056063770871,0.05647223679195612,-0.08854632907785553,-,"H1,CAGR"
A,ETF,ETFk24d03,U56,10.0,2W,0,0,True,2.624461626127528,0.04794110643766358,0.7710970763108266,-0.1250151053544697,0.7955735568862918,0.7495676887900531,0.7058893917503448,0.8237605055458681,0.051905743988558406,-0.1250151053544698,-,"H1,H2,OOS,CAGR"
A,ETF,ETFk24d03,U56,10.0,2W,0,1,False,2.558260441566497,0.04977847128359736,0.7894277895877727,-0.1235466405968405,0.8345903685413661,0.7497654325746996,0.7452181831982067,0.8247822456384302,0.05290992779406278,-0.12354664059684062,-,"H1,H2,OOS,CAGR"
A,ETF,ETFk24d03,U56,10.0,2W,0,2,False,2.5800307683921173,0.04963235161192148,0.7634021379059873,-0.1566873689089393,0.8992732692552418,0.6511209839214295,0.8243058916007229,0.7188366319791791,0.04836949340856744,-0.15668736890893897,"H2,DD","H1,H2,OOS,CAGR"
A,ETF,ETFk24d03,U56,10.0,2W,0,3,False,2.610763861900597,0.05015004793329103,0.8005947739302076,-0.11096708111969866,0.8754929900099429,0.7338027696962279,0.8003347865124824,0.8008423623885481,0.05091152268623467,-0.110967081119699,-,"H1,H2,OOS,CAGR"
A,ETF,ETFk24d03,U56,10.0,2W,0,4,False,2.6959386386336304,0.04443067639108311,0.7067118915311786,-0.1274844926471762,0.7333537385615491,0.684501153735535,0.6465855514533954,0.7543038631342976,0.04859455862106943,-0.12748449264717576,H2,"H1,H2,OOS,CAGR"
A,ETF,ETFk24d03,U56,10.0,2W,1,0,False,2.665115422021504,0.04917781173714442,0.7949617664599962,-0.10077982390016615,0.775277323451649,0.8140357589488454,0.6819083772369798,0.887749242255955,0.05542261742500121,-0.09980736998957451,-,"H1,H2,CAGR"
A,ETF,ETFk24d03,U56,10.0,2W,1,1,False,2.5283592337213827,0.052705322727216064,0.8467463489363473,-0.10076141983288278,0.7559203276091292,0.9340740282034695,0.6641640411283839,1.0001544857679312,0.06241404769811032,-0.0927060037755274,-,"H1,CAGR"
A,ETF,ETFk24d03,U56,10.0,2W,1,2,False,2.5569423752407574,0.04883408545340706,0.7761106650726072,-0.10313414109546548,0.7170866808030252,0.831908956070687,0.6220319069612993,0.9020142110746734,0.05756898227889806,-0.08811408365919338,-,"H1,H2,CAGR"
A,ETF,ETFk24d03,U56,10.0,2W,1,3,False,2.6149657310229335,0.051201522570057056,0.8113624251037646,-0.10039299726947104,0.7413794259911678,0.8780820193633855,0.6499748814731686,0.9454114077134242,0.060078313351379586,-0.08406790089538152,-,"H1,CAGR"
A,ETF,ETFk24d03,U56,10.0,2W,1,4,False,2.5949188668651244,0.047939293604265965,0.7660007511407014,-0.11454902617667229,0.6948794486515447,0.8330399232589878,0.5998705480982187,0.9018051257619402,0.05728694304808668,-0.10618925863528739,-,"H1,H2,CAGR"
A,ETF,ETFk24d03,U56,10.0,M,0,0,True,1.7204227483720171,0.054024174155403726,0.8424462887928778,-0.11103444729955647,0.8798575876691577,0.8065372787783571,0.7953791555503438,0.8821256026509824,0.05616099881305869,-0.11103444729955625,-,"H1,H2,CAGR"
A,ETF,ETFk24d03,U56,10.0,M,0,1,False,1.722736388436214,0.05599949579892982,0.8651730289164274,-0.11555323049387589,0.809333203979222,0.9197635474370974,0.735977194652476,0.9762841163554593,0.06255847555939309,-0.11555323049387611,-,"H1,CAGR"
A,ETF,ETFk24d03,U56,10.0,M,0,2,False,1.7735241309102632,0.052659280091567506,0.7965456578828816,-0.1399009635477011,0.775722311922366,0.81690773573081,0.6984285252344868,0.8755009146596722,0.058912021386233526,-0.13990096354770087,DD,"H1,H2,OOS,CAGR"
A,ETF,ETFk24d03,U56,10.0,M,0,3,False,1.784113465917785,0.051671507721002374,0.7680452889573116,-0.16054891202270372,0.7432294310837864,0.7928495314188271,0.65925605524059,0.8523468989127309,0.059584943810752744,-0.16054891202270372,DD,"H1,H2,OOS,CAGR"
A,ETF,ETFk24d03,U56,10.0,M,0,4,False,1.727493235719267,0.05062905868772094,0.735928544503918,-0.19467174965911982,0.7275167239836056,0.7492738167738915,0.6418842103499134,0.8064609224047872,0.05904172668389762,-0.19467174965912026,DD,"H1,H2,OOS,CAGR"
A,ETF,ETFk24d03,U56,10.0,6W,0,0,True,1.4176175975893393,0.0573631120720024,0.8808354412072759,-0.1249382393077042,0.799902262295585,0.9574517624067138,0.7064875303278734,1.0245993028243714,0.06741694948340027,-0.12493823930770387,-,"H1,CAGR"
A,ETF,ETFk24d03,U56,10.0,6W,0,1,False,1.3478306639172921,0.06050745700196747,0.918680309576794,-0.1253296104392767,0.8367381257259192,0.9954334248236064,0.7450276905198499,1.0592333046601374,0.07105623945591977,-0.12532961043927715,-,"H1,CAGR"
A,ETF,ETFk24d03,U56,10.0,6W,0,2,False,1.3694537009956536,0.058612159601239,0.8608519714740467,-0.1533772206946843,0.8848578118336755,0.8451913230178025,0.8019602688793721,0.9065813391059548,0.0644817564976945,-0.15337722069468462,DD,"H1,CAGR"
A,ETF,ETFk24d03,U56,10.0,6W,0,3,False,1.3490755637075613,0.05896451630693367,0.8992223883466158,-0.1248356724306402,0.9261943901857937,0.87652224061264,0.8463532595169055,0.9414271305686178,0.06289381249211168,-0.12483567243064009,-,"H1,CAGR"
A,ETF,ETFk24d03,U56,10.0,6W,0,4,False,1.4090531656701561,0.05699736476238337,0.8656188003896728,-0.13354058677888747,0.9112122912671202,0.8317505611026464,0.8250662484065154,0.8975973508167531,0.06179707170670534,-0.13354058677888736,-,"H1,H2,CAGR"
A,ETF,ETFk24d03,U56,10.0,6W,1,0,False,1.3942738074539112,0.05834020390745631,0.9074087994069207,-0.12033999053947597,0.878903288964199,0.9349873339841246,0.7869844384252125,1.009198500302088,0.06462867764448954,-0.1203399905394762,-,"H1,CAGR"
A,ETF,ETFk24d03,U56,10.0,6W,1,1,False,1.3957331551333263,0.058323473442742246,0.9063704939337813,-0.12439396610552822,0.8703296203632801,0.9409570844066149,0.7832640627900003,1.0084114429094957,0.06518641750548104,-0.124393966105528,-,"H1,CAGR"
A,ETF,ETFk24d03,U56,10.0,6W,1,2,False,1.4422293525297656,0.0552276995381602,0.8259050410805447,-0.14633661067762493,0.8295286531165841,0.8247392575797362,0.7355842592946206,0.8973752894058211,0.06156968803840024,-0.14633661067762527,DD,"H1,H2,CAGR"
A,ETF,ETFk24d03,U56,10.0,6W,1,3,False,1.4436595357676045,0.05775232189098056,0.8588369969167888,-0.1657229932937262,0.9122876445802103,0.8156560247289385,0.8178521788200857,0.8911152103207242,0.0620045706307375,-0.16572299329372642,DD,"H1,H2,CAGR"
A,ETF,ETFk24d03,U56,10.0,6W,1,4,False,1.455376187193915,0.05218739603442546,0.754833685133596,-0.19630678556564118,0.8776405238974728,0.6603145843748534,0.7832627841286717,0.7369079405237473,0.05367569128286753,-0.1963067855656414,"H2,DD","H1,H2,OOS,CAGR"
A,ETF,ETFk24d03,U56,10.0,6W,2,0,False,1.4332353676791367,0.050119057066855266,0.7184401738768386,-0.20402839099136538,0.8615950926982234,0.6072009219168184,0.7715677320664236,0.6825560214621866,0.050039684405750684,-0.20402839099136516,"H2,DD","H1,H2,OOS,DD,CAGR"
A,ETF,ETFk24d03,U56,10.0,6W,2,1,False,1.4724555951507732,0.050938670102191,0.7329592530886111,-0.2028628477151373,0.8682611319884443,0.6269502867536385,0.7829811868895498,0.6987795742642302,0.05090668225246375,-0.2028628477151374,"H2,DD","H1,H2,OOS,DD,CAGR"
A,ETF,ETFk24d03,U56,10.0,6W,2,2,False,1.4262387051745713,0.05404951354574972,0.7665926898948997,-0.2026819311047694,0.8868623465979338,0.6739456401167869,0.8006944914725933,0.7443519402759642,0.05518492891842519,-0.2026819311047694,"H2,DD","H1,H2,OOS,DD,CAGR"
A,ETF,ETFk24d03,U56,10.0,6W,2,3,False,1.4305072806740553,0.054290136575408265,0.7720722401354929,-0.20289676195063389,0.9084521894342651,0.6671075028308947,0.8306166838320986,0.7325868988964568,0.05418486000118761,-0.2028967619506341,"H2,DD","H1,H2,OOS,DD,CAGR"
A,ETF,ETFk24d03,U56,10.0,6W,2,4,False,1.4478171504876443,0.05362307179138881,0.7684357269899788,-0.20253550799610065,0.875036695011449,0.6882217280116398,0.795064559662974,0.752129086880578,0.055401794158012274,-0.20253550799610043,DD,"H1,H2,OOS,DD,CAGR"
A,ETF,ETFk24d03,U56,10.0,6W,3,0,False,1.4693410483658758,0.05047988727667563,0.7297515723509767,-0.20253550799610065,0.8729111439312783,0.6269284099825266,0.7892229085575441,0.693379020726509,0.05127711705193794,-0.20253550799610098,"H2,DD","H1,H2,OOS,DD,CAGR"
A,ETF,ETFk24d03,U56,10.0,6W,3,1,False,1.4639975143981887,0.05251151016375455,0.7529217849642365,-0.2025153132563393,0.8453719549484183,0.688742080062338,0.7644339308889279,0.7492045999081751,0.055891766602651494,-0.20251531325633865,DD,"H1,H2,OOS,DD,CAGR"
A,ETF,ETFk24d03,U56,10.0,6W,3,2,False,1.5028789523863497,0.04926599147203303,0.7104509879725345,-0.20239324688899762,0.8083565372632633,0.6402129975358201,0.7187721215496643,0.7082486522372856,0.052354399995851564,-0.20239324688899762,"H2,DD","H1,H2,OOS,DD,CAGR"
A,ETF,ETFk24d03,U56,10.0,6W,3,3,False,1.4594251832125291,0.05142019204802262,0.7366346283716555,-0.20295892899623358,0.8231444293406798,0.6745982064423729,0.7315658724291971,0.7436092546852799,0.05522104760151114,-0.20295892899623325,"H2,DD","H1,H2,OOS,DD,CAGR"
A,ETF,ETFk24d03,U56,10.0,6W,3,4,False,1.5290138051828186,0.04518379796601946,0.6683957807413287,-0.20421545928785267,0.7899038688037235,0.577136882152533,0.7058271940667286,0.6447411938552097,0.04612489491382865,-0.20421545928785256,"H2,DD","H1,H2,OOS,DD,CAGR"
A,ETF,ETFk24d03,U56,10.0,6W,4,0,False,1.5506640820155337,0.04498199040804751,0.6625947872855281,-0.20088245413787598,0.8721031378646353,0.5034529002269322,0.7879559290650259,0.5782409045032343,0.04138187635693891,-0.20088245413787575,"H2,DD","H1,H2,OOS,CAGR"
A,ETF,ETFk24d03,U56,10.0,6W,4,1,False,1.4874446458570079,0.04673084807783168,0.6861149764113297,-0.1974942860887886,0.8125928006079732,0.5901369959968307,0.7167170553498146,0.6670989892323905,0.048038800560178174,-0.19749428608878816,"H2,DD","H1,H2,OOS,CAGR"
A,ETF,ETFk24d03,U56,10.0,6W,4,2,False,1.4984705756725514,0.04884450954624153,0.7136558911126442,-0.2070216639709227,0.8717203344487735,0.5962127431988159,0.7833435569248232,0.6686953314538145,0.048603700854433995,-0.2070216639709228,"H2,DD","H1,H2,OOS,DD,CAGR"
A,ETF,ETFk24d03,U56,10.0,6W,4,3,False,1.495410649789003,0.04715476955639253,0.696973272735137,-0.18392890869387735,0.909538059577234,0.53423793596596,0.8231925962567954,0.6114160988702655,0.04356515509029579,-0.18392890869387746,"H2,DD","H1,H2,OOS,CAGR"
A,ETF,ETFk24d03,U56,10.0,6W,4,4,False,1.4950996330423507,0.04454420289340155,0.6563097621047027,-0.20622457224950652,0.8629401641870121,0.4928845904118323,0.7717399718385685,0.5753235882073845,0.040738838136033406,-0.2062245722495063,"H2,DD","H1,H2,OOS,DD,CAGR"
A,ETF,ETFk24d03,U56,10.0,6W,5,0,False,1.5152058903641366,0.04709987118760406,0.7032456844525645,-0.1583107062975444,0.792285830575429,0.6320886143529018,0.6955329151350972,0.7103904728975757,0.04964504233766709,-0.1583107062975445,"H2,DD","H1,H2,OOS,CAGR"
A,ETF,ETFk24d03,U56,10.0,6W,5,1,False,1.4761903115334027,0.049237786299549224,0.7410644835516218,-0.16087569940325563,0.7757793693774755,0.7119462567939607,0.6787074386718006,0.7904346554980546,0.053816668209826,-0.16087569940325597,DD,"H1,H2,OOS,CAGR"
A,ETF,ETFk24d03,U56,10.0,6W,5,2,False,1.4765495763121357,0.05355977180503824,0.8069783313087788,-0.1159409794893621,0.7545944387325201,0.8562109080783228,0.662666366548442,0.9227738783066134,0.06260663208557138,-0.11594097948936155,-,"H1,CAGR"
A,ETF,ETFk24d03,U56,10.0,6W,5,3,False,1.4352054206624203,0.05567442964014768,0.8423404218582018,-0.10008330800957121,0.7311073015878292,0.9469314726863576,0.6431173267881454,1.0058260053247796,0.06745900995651177,-0.1000833080095711,-,"H1,CAGR"
A,ETF,ETFk24d03,U56,10.0,6W,5,4,False,1.4457163923000536,0.055052171758849466,0.843635064723011,-0.11133017739143025,0.7619093020885616,0.9205795158427514,0.672370984767718,0.983840449576875,0.0650965299368158,-0.11133017739143047,-,"H1,CAGR"
A,ETF,ETFk24d03,U56,10.0,Q,0,0,True,1.0718959261833338,0.04304389054823332,0.5986581207086088,-0.23561423689909633,0.802794573045665,0.4424107082247608,0.7239446006876545,0.513062968089499,0.03861194581880345,-0.2356142368990961,"H2,DD","H1,H2,OOS,DD,CAGR"
A,ETF,ETFk24d03,U56,10.0,Q,0,1,False,1.0830925343455062,0.044867601263648416,0.6159218008929529,-0.23604776597369537,0.7930258320295945,0.4832359129977478,0.7106277076852759,0.5532067727842064,0.0425660934028913,-0.2360477659736956,"H2,DD","H1,H2,OOS,DD,CAGR"
A,ETF,ETFk24d03,U56,10.0,Q,0,2,False,1.0692008626418779,0.04618337478903478,0.6294856316006937,-0.2357939928381647,0.7827256851179911,0.518194374993064,0.7021955493456141,0.5832202048965682,0.04552042985591753,-0.2357939928381647,"H2,DD","H1,H2,OOS,DD,CAGR"
A,ETF,ETFk24d03,U56,10.0,Q,0,3,False,1.0601794512285365,0.04976471214315348,0.687452973597828,-0.2356065616825891,0.9078781535050903,0.5396375147803929,0.8281828393222744,0.6040035209326006,0.04732899349176156,-0.2356065616825891,"H2,DD","H1,H2,OOS,DD,CAGR"
A,ETF,ETFk24d03,U56,10.0,Q,0,4,False,1.0503422218322505,0.04635282970050936,0.6487874701625271,-0.23976751793447393,0.8810329969145861,0.49052875208300095,0.8052771056727877,0.5540895337798392,0.042644253534647625,-0.2397675179344736,"H2,DD","H1,H2,OOS,DD,CAGR"
A,ETF,ETFk24d04,U56,10.0,D,0,0,True,10.068883751929633,0.0485389841322903,0.679856969346958,-0.12256975112279866,0.6507692483112848,0.7081871848648059,0.5278762613755309,0.8090003273097883,0.057813598039156755,-0.11456039643673932,-,"H1,H2,OOS,CAGR"
A,ETF,ETFk24d04,U56,10.0,2D,0,0,True,6.878963801137763,0.05387384303794862,0.7467064496529134,-0.12245186209833403,0.7173917267211523,0.7751879728444195,0.5928997945369531,0.8769708853130622,0.0633315957497187,-0.11864212999083557,-,"H1,H2,OOS,CAGR"
A,ETF,ETFk24d04,U56,10.0,2D,1,0,False,6.944559974255277,0.05340362493534401,0.7382701805937396,-0.12158493333176879,0.6856117426383195,0.7892552465527272,0.5639862994254304,0.8851221080757617,0.06433796517415424,-0.10716271867614746,-,"H1,H2,CAGR"
A,ETF,ETFk24d04,U56,10.0,W,0,0,True,4.171639529216335,0.05778275242545372,0.7905263692805651,-0.12353592819438808,0.7405704875610789,0.8383530283887753,0.6182229810225052,0.9332481981861973,0.06897074156771721,-0.1235359281943883,-,"H1,CAGR"
A,ETF,ETFk24d04,U56,10.0,W,0,1,False,4.281852799760516,0.05971855082096056,0.8084883715625317,-0.12181850241601055,0.7840104444975957,0.8321885074379789,0.6648874406664464,0.9293901552093269,0.06877050058064138,-0.12181850241601055,-,"H1,H2,CAGR"
A,ETF,ETFk24d04,U56,10.0,W,0,2,False,4.217184210830632,0.05936712174389558,0.804213049509964,-0.1385566069215891,0.7143219924819356,0.8906669849704616,0.599570634060553,0.9754039585564929,0.07264625887595177,-0.10274981362206348,DD,"H1,CAGR"
A,ETF,ETFk24d04,U56,10.0,W,0,3,False,4.356989625368603,0.05755879594145208,0.7819515362503626,-0.11838792693865818,0.7538271906413025,0.809244724966354,0.6403683128231199,0.9017109637737901,0.06638015816240017,-0.11675925766928452,-,"H1,H2,CAGR"
A,ETF,ETFk24d04,U56,10.0,W,0,4,False,4.161316692115796,0.05643824388965868,0.7725398124659455,-0.1121594766152485,0.7122797289604479,0.8310634876608569,0.5894585613945552,0.9274985310969404,0.06795731765650692,-0.09772055608370489,-,"H1,H2,CAGR"
A,ETF,ETFk24d04,U56,10.0,2W,0,0,True,2.8878179945419253,0.06013186172522822,0.8039883600125194,-0.1425823224826137,0.7651223734157095,0.8414748881366814,0.6530323691707962,0.9305627232555023,0.06989618356766636,-0.14258232248261382,DD,"H1,CAGR"
A,ETF,ETFk24d04,U56,10.0,2W,0,1,False,2.859273473678227,0.06409155206877881,0.8420126674105055,-0.14047534481735824,0.8682558844688809,0.8174788729565181,0.7539242034457245,0.9148881510093374,0.06996862607041288,-0.14047534481735868,DD,"H1,H2,CAGR"
A,ETF,ETFk24d04,U56,10.0,2W,0,2,False,2.8531823117612896,0.06310196359473519,0.8254703756040234,-0.14410901179279167,0.870953251376553,0.7846152420784783,0.7619500853046072,0.876617600611823,0.06804674829025137,-0.1441090117927908,DD,"H1,H2,OOS,CAGR"
A,ETF,ETFk24d04,U56,10.0,2W,0,3,False,2.9889590631776617,0.05695861899966004,0.7638780387327091,-0.1234596162461864,0.7842090086796254,0.7447074160320979,0.676013486856912,0.8368457819160127,0.06264150974833571,-0.12345961624618607,-,"H1,H2,OOS,CAGR"
A,ETF,ETFk24d04,U56,10.0,2W,0,4,False,3.0004619908419405,0.054063295967985425,0.7301428138571253,-0.13438541222413014,0.706929455950233,0.7524836901431038,0.5874454119443978,0.8476716601640385,0.06356430661239654,-0.13265131811109598,-,"H1,H2,OOS,CAGR"
A,ETF,ETFk24d04,U56,10.0,2W,1,0,False,2.881817078560454,0.061016286685247945,0.8227586806630558,-0.11289116741977911,0.7813404429540017,0.8624868879191132,0.663914986298925,0.95436533452373,0.07145501582264968,-0.11289116741977945,-,"H1,CAGR"
A,ETF,ETFk24d04,U56,10.0,2W,1,1,False,2.943540879512156,0.059719528095046215,0.8015915197267434,-0.11724480688240335,0.7323067064824101,0.8691789483207374,0.626613026082359,0.9505592353647841,0.07078667574622632,-0.1172448068824038,-,"H1,CAGR"
A,ETF,ETFk24d04,U56,10.0,2W,1,2,False,2.9116739970118672,0.057730789290318274,0.7725215602433609,-0.10714601680425362,0.7247428191685232,0.8192074901054063,0.6109726409053567,0.9105735750412224,0.0678908821247921,-0.10641259047863638,-,"H1,H2,CAGR"
A,ETF,ETFk24d04,U56,10.0,2W,1,3,False,2.974684620911246,0.0600285512762615,0.7937781679974459,-0.11763015206770233,0.7174383346031478,0.8680859597611219,0.6085669624207918,0.9513017135724717,0.0720194788902051,-0.11763015206770233,-,"H1,CAGR"
A,ETF,ETFk24d04,U56,10.0,2W,1,4,False,2.8643304273758794,0.059374368426034385,0.7907282660768253,-0.13446805946321694,0.7227962531364929,0.8560810294693034,0.6093444741131518,0.9427072365554404,0.07129086705927912,-0.13446805946321672,-,"H1,CAGR"
A,ETF,ETFk24d04,U56,10.0,M,0,0,True,1.9675612871663168,0.06685455415394781,0.8745245062198012,-0.13433744113970658,0.8739730898943696,0.8749147792418046,0.7590843635463516,0.9741440811215742,0.07366472393084433,-0.1343374411397067,-,"H1,CAGR"
A,ETF,ETFk24d04,U56,10.0,M,0,1,False,1.9592545545953974,0.06647827221051306,0.8621867446670902,-0.13342179628661588,0.8249739286484451,0.8988282853455638,0.712108399354845,0.9920254423028305,0.07577349411847534,-0.1334217962866161,-,"H1,CAGR"
A,ETF,ETFk24d04,U56,10.0,M,0,2,False,1.9871266616991305,0.061568420678419944,0.7984221874021785,-0.13595464716684702,0.7837624740475561,0.812640239837224,0.6743620503252787,0.9033240164046475,0.06959805487152004,-0.13595464716684702,-,"H1,H2,CAGR"
A,ETF,ETFk24d04,U56,10.0,M,0,3,False,1.9387208941760936,0.059571166687342636,0.7558772074949119,-0.1711090907516073,0.7410726364863688,0.770581384013067,0.6264795670397313,0.8600986699995982,0.06927492252325917,-0.1711090907516073,DD,"H1,H2,OOS,CAGR"
A,ETF,ETFk24d04,U56,10.0,M,0,4,False,1.9405384203421054,0.057795548675609876,0.7165879540688653,-0.21614815151420663,0.7355812550867782,0.705045675186407,0.6129957751481468,0.7949852516065131,0.06769764293327207,-0.21614815151420708,DD,"H1,H2,OOS,DD,CAGR"
A,ETF,ETFk24d04,U56,10.0,6W,0,0,True,1.6271365045796902,0.06637265261672964,0.858918111518746,-0.14232563585513147,0.7673446512324233,0.947437603064676,0.6539926144275022,1.0320089637487408,0.08009479203304681,-0.14232563585513147,DD,"H1,CAGR"
A,ETF,ETFk24d04,U56,10.0,6W,0,1,False,1.5694474963407647,0.07123610660433788,0.9078650206734468,-0.140256032965677,0.8253693070922075,0.9869672495816685,0.7150090891987758,1.069046131853475,0.08450944745860367,-0.14025603296567746,DD,"H1,CAGR"
A,ETF,ETFk24d04,U56,10.0,6W,0,2,False,1.5629963820807813,0.0696252722885311,0.8805403560263297,-0.1482672142916931,0.8123096392853297,0.9445118995256748,0.7034416120903936,1.0227600410906694,0.08289463896777582,-0.1482672142916932,DD,"H1,CAGR"
A,ETF,ETFk24d04,U56,10.0,6W,0,3,False,1.539935603808127,0.06972238307419598,0.8945149802415556,-0.14034193232913983,0.8885323202759785,0.9007055559208705,0.7787090743789616,0.9897204558872367,0.07786612907610757,-0.1403419323291396,DD,"H1,CAGR"
A,ETF,ETFk24d04,U56,10.0,6W,0,4,False,1.5416234692335304,0.06721057989488632,0.8747431872918087,-0.13631529204391368,0.8767308664238918,0.8742487231644787,0.7685923116461902,0.959827751913222,0.07528015832068968,-0.13631529204391368,-,"H1,CAGR"
A,ETF,ETFk24d04,U56,10.0,6W,1,0,False,1.5422739633403266,0.06664769671515991,0.8624041679222271,-0.1384878691847018,0.8513899851422032,0.8731260757505742,0.7400668974580906,0.9649930595432249,0.07469175592026134,-0.13848786918470213,DD,"H1,CAGR"
A,ETF,ETFk24d04,U56,10.0,6W,1,1,False,1.5802822967796588,0.06556434109575116,0.848174080330719,-0.140611966923875,0.8172372127361313,0.8779550079208912,0.7083420997206418,0.964436796290898,0.07505337392326106,-0.14061196692387512,DD,"H1,CAGR"
A,ETF,ETFk24d04,U56,10.0,6W,1,2,False,1.5556307640299905,0.0636928542685058,0.8147616202499988,-0.14126436580003576,0.7946505424254924,0.8342118599395524,0.6757411017092565,0.931093130597148,0.07312027410237443,-0.14126436580003598,DD,"H1,CAGR"
A,ETF,ETFk24d04,U56,10.0,6W,1,3,False,1.6123292041381059,0.06619779495040556,0.8334861423457912,-0.17251923397749636,0.829139416550797,0.8385894841657955,0.7129192448614805,0.930710840300607,0.07536817314557198,-0.17251923397749647,DD,"H1,CAGR"
A,ETF,ETFk24d04,U56,10.0,6W,1,4,False,1.5844775818662284,0.06175751858835321,0.7478800281837835,-0.2170925328430644,0.8315095070835862,0.6788397423443349,0.7177205161762875,0.7717619672427427,0.06618085568687038,-0.21709253284306462,"H2,DD","H1,H2,OOS,DD,CAGR"
A,ETF,ETFk24d04,U56,10.0,6W,2,0,False,1.5941619602148116,0.05965247925864925,0.7196343843131416,-0.22439511191162143,0.800295934121718,0.6532798030293843,0.6927186766208818,0.7410181232347585,0.063784282054824,-0.22439511191162143,"H2,DD","H1,H2,OOS,DD,CAGR"
A,ETF,ETFk24d04,U56,10.0,6W,2,1,False,1.6253226574803616,0.059861491346306694,0.7250181405954551,-0.22326191383241223,0.8116933640023232,0.6514601253439509,0.7004975063024913,0.744512688904694,0.0633749936449437,-0.22326191383241245,"H2,DD","H1,H2,OOS,DD,CAGR"
A,ETF,ETFk24d04,U56,10.0,6W,2,2,False,1.5324855175037566,0.0632919310409461,0.7712934489878175,-0.20490405218218366,0.8307458614436839,0.7206000321920784,0.7218181571158437,0.8103185755606823,0.06836729031571531,-0.20490405218218433,DD,"H1,H2,OOS,DD,CAGR"
A,ETF,ETFk24d04,U56,10.0,6W,2,3,False,1.5909273122339083,0.06421063988615416,0.776955731205941,-0.22369923609688847,0.830796171271588,0.73336562803476,0.7210829847694388,0.8205104162107177,0.07040036621672141,-0.2236992360968887,DD,"H1,H2,OOS,DD,CAGR"
A,ETF,ETFk24d04,U56,10.0,6W,2,4,False,1.6324297996727135,0.06144945523197465,0.74672990879501,-0.22309633582917654,0.803740999446575,0.7004098049635081,0.6915547341124698,0.7896935997824048,0.0675086471744033,-0.22309633582917654,DD,"H1,H2,OOS,DD,CAGR"
A,ETF,ETFk24d04,U56,10.0,6W,3,0,False,1.6425847127142474,0.06093354206001056,0.748171790058442,-0.22309633582917698,0.8115615009194898,0.6992036996303935,0.7003791231690703,0.7853076253243978,0.06714761700032179,-0.22309633582917665,DD,"H1,H2,OOS,DD,CAGR"
A,ETF,ETFk24d04,U56,10.0,6W,3,1,False,1.6399815084063902,0.061865436874073865,0.753758887158468,-0.22293451563696953,0.8255290254887692,0.6966761974683776,0.7212025006404703,0.7795356188795132,0.06685989998071129,-0.22293451563696964,DD,"H1,H2,OOS,DD,CAGR"
A,ETF,ETFk24d04,U56,10.0,6W,3,2,False,1.6334913240066622,0.06029436036102287,0.7377536725876489,-0.22275233900444402,0.775499683579703,0.7092613288922821,0.6556036814198283,0.8007753357293237,0.06855373435936762,-0.2227523390044437,DD,"H1,H2,OOS,DD,CAGR"
A,ETF,ETFk24d04,U56,10.0,6W,3,3,False,1.5976530226739936,0.06229894262422997,0.7562513164803174,-0.22326925948773624,0.7965741330240487,0.7253066734223258,0.6830217544935495,0.8127079774465786,0.06994925270906682,-0.22326925948773613,DD,"H1,H2,OOS,DD,CAGR"
A,ETF,ETFk24d04,U56,10.0,6W,3,4,False,1.6382822391960994,0.0533823238128146,0.6705455694680917,-0.22401699349355197,0.7843287133218125,0.5746870740944235,0.6700960527899122,0.6716863360849169,0.05528020328219774,-0.22401699349355209,"H2,DD","H1,H2,OOS,DD,CAGR"
A,ETF,ETFk24d04,U56,10.0,6W,4,0,False,1.7023236377977984,0.054155248030048675,0.67897440480768,-0.22230359965105106,0.8506031508549776,0.5362028851895759,0.753531975633328,0.624496620215041,0.05142965060428373,-0.22230359965105084,"H2,DD","H1,H2,OOS,DD,CAGR"
A,ETF,ETFk24d04,U56,10.0,6W,4,1,False,1.6751423600458213,0.05329086705730535,0.6629235622971875,-0.2166921793511818,0.801438103694851,0.5485020931320517,0.690060823923183,0.643889775504849,0.05373296972491093,-0.2166921793511818,"H2,DD","H1,H2,OOS,DD,CAGR"
A,ETF,ETFk24d04,U56,10.0,6W,4,2,False,1.6484887467177376,0.05484261021887149,0.6883317051472784,-0.2209706703734846,0.8084991658726758,0.5911063949539206,0.7069598036440125,0.6762160180043986,0.056258004450082666,-0.22097067037348483,"H2,DD","H1,H2,OOS,DD,CAGR"
A,ETF,ETFk24d04,U56,10.0,6W,4,3,False,1.669615893475772,0.05273227022136995,0.6672279278450002,-0.201078946971203,0.8172858836333088,0.5424701716909912,0.7120514919078114,0.6349219608549899,0.0519728734060636,-0.20107894697120332,"H2,DD","H1,H2,OOS,CAGR"
A,ETF,ETFk24d04,U56,10.0,6W,4,4,False,1.6871350147577437,0.0510922871324222,0.6503047295745996,-0.21220805291722422,0.827586686047187,0.5008350400088772,0.7224679015813841,0.5969477500642312,0.04826075749980552,-0.2122080529172239,"H2,DD","H1,H2,OOS,DD,CAGR"
A,ETF,ETFk24d04,U56,10.0,6W,5,0,False,1.7377199029881447,0.05186662155684019,0.6646452605176713,-0.17906467865161368,0.7804768265183778,0.5662405306900501,0.6649817358189615,0.6651001091102943,0.05357762585352299,-0.17906467865161346,"H2,DD","H1,H2,OOS,CAGR"
A,ETF,ETFk24d04,U56,10.0,6W,5,1,False,1.6962381450888324,0.05676885045412483,0.7326040750910859,-0.17190920552267108,0.7710174196801785,0.6973240306830076,0.6627458665323617,0.7896662474748806,0.06180422359481863,-0.1719092055226712,DD,"H1,H2,OOS,CAGR"
A,ETF,ETFk24d04,U56,10.0,6W,5,2,False,1.7490131410859093,0.0597851037196413,0.7685739161754387,-0.12117458246748358,0.7202970638751142,0.8152919131187678,0.6125194458847039,0.9004859674654883,0.07021855698014212,-0.1211745824674837,-,"H1,H2,CAGR"
A,ETF,ETFk24d04,U56,10.0,6W,5,3,False,1.6469653580766839,0.06288184828379362,0.8025008732995107,-0.13605231885307545,0.7027047859994989,0.8984001954953212,0.5968866640424441,0.9751471781892663,0.07705152142888738,-0.13605231885307523,-,"H1,CAGR"
A,ETF,ETFk24d04,U56,10.0,6W,5,4,False,1.6157018379539203,0.06353130235299265,0.8277460239804831,-0.13581295000926508,0.7523598858772221,0.8998587072468959,0.6417520428960642,0.9826278219328499,0.07614926177068382,-0.1358129500092654,-,"H1,CAGR"
A,ETF,ETFk24d04,U56,10.0,Q,0,0,True,1.1380581720881133,0.05306759589544896,0.6330834813058245,-0.24962509035638103,0.8062238116272183,0.48954498670947716,0.6963177178090778,0.5869215072691047,0.050759941084228766,-0.24962509035638125,"H2,DD","H1,H2,OOS,DD,CAGR"
A,ETF,ETFk24d04,U56,10.0,Q,0,1,False,1.1929025113270806,0.0523742242650711,0.630488010062886,-0.2382745805763371,0.7830620470898,0.5014789386447148,0.668265365017712,0.6026400942440845,0.05155097243278939,-0.238274580576337,"H2,DD","H1,H2,OOS,DD,CAGR"
A,ETF,ETFk24d04,U56,10.0,Q,0,2,False,1.1715930151883096,0.05180107274067414,0.6238490446875414,-0.23528386786235356,0.75070429501168,0.5193238494796115,0.6401554698166707,0.6127899105113079,0.05282976845378484,-0.23528386786235345,"H2,DD","H1,H2,OOS,DD,CAGR"
A,ETF,ETFk24d04,U56,10.0,Q,0,3,False,1.1497379701592416,0.05729766480527965,0.687189810401199,-0.2527182562633913,0.8692666153494841,0.5502961379533687,0.7584748009850227,0.6412420052744197,0.05668211089422748,-0.25271825626338984,"H2,DD","H1,H2,OOS,DD,CAGR"
A,ETF,ETFk24d04,U56,10.0,Q,0,4,False,1.172534857842332,0.05413817467358739,0.655380681402625,-0.2681485962880593,0.832558450919765,0.5253083777781502,0.719920994280171,0.6154561535379899,0.054221820094650264,-0.2681485962880604,"H2,DD","H1,H2,OOS,DD,CAGR"
A,ETF,ETFk24d05,U56,10.0,D,0,0,True,9.835214107395988,0.049688314870473205,0.7246138599371751,-0.11545147981575898,0.7214999364081637,0.7275537061399091,0.602731926942338,0.8314755330315147,0.05613532414006439,-0.10326735925421926,-,"H1,H2,OOS,CAGR"
A,ETF,ETFk24d05,U56,10.0,2D,0,0,True,6.606068962752532,0.05380070417769667,0.7779585577206951,-0.11612824742542605,0.7877719343117914,0.7681135879915529,0.6669131054109174,0.8745561789217178,0.059642587347196185,-0.10936049236089651,-,"H1,H2,OOS,CAGR"
A,ETF,ETFk24d05,U56,10.0,2D,1,0,False,6.70425059267284,0.05381180210050496,0.7763763648002896,-0.11290031079364315,0.7420025383123554,0.8101418306151834,0.6199318950076959,0.912127930141361,0.06258839884993028,-0.09737863621263876,-,"H1,H2,CAGR"
A,ETF,ETFk24d05,U56,10.0,W,0,0,True,4.111999794890009,0.056522457516771984,0.8051436920778418,-0.12685469184430243,0.8095677494827976,0.8007344780112263,0.6911004702410327,0.903279552167109,0.06279721908093738,-0.12685469184430265,-,"H1,H2,CAGR"
A,ETF,ETFk24d05,U56,10.0,W,0,1,False,4.079230440121022,0.058611723909225644,0.8293367287999399,-0.12579120507380726,0.8173981582715383,0.8409727511090148,0.6969245033907245,0.9445724691805207,0.06587015200751711,-0.12579120507380703,-,"H1,CAGR"
A,ETF,ETFk24d05,U56,10.0,W,0,2,False,4.138328047073772,0.05762381078862577,0.8116331798396794,-0.12408410967527694,0.7634781469931434,0.8583044618497324,0.6494421854425027,0.9497384963497193,0.0672787718203891,-0.09547456383904451,-,"H1,CAGR"
A,ETF,ETFk24d05,U56,10.0,W,0,3,False,4.206408326084099,0.058395694192394654,0.8253941909879157,-0.10436602330927602,0.8314022083437589,0.8194940486178431,0.7229424462261286,0.9131550964911556,0.06403299369714444,-0.10436602330927625,-,"H1,H2,CAGR"
A,ETF,ETFk24d05,U56,10.0,W,0,4,False,4.099825544108462,0.05525858946696993,0.7865023973918643,-0.12381118888112685,0.7299040785627213,0.8425412972108622,0.6108255934786991,0.9402112730461883,0.06525325069602728,-0.09928241790491765,-,"H1,CAGR"
A,ETF,ETFk24d05,U56,10.0,2W,0,0,True,2.8341142305629545,0.05692093039073298,0.7913346446453452,-0.15178603444255945,0.839718429010528,0.7441545655152294,0.7282904876401939,0.8454726275104435,0.06009011416808363,-0.15178603444255956,DD,"H1,H2,OOS,CAGR"
A,ETF,ETFk24d05,U56,10.0,2W,0,1,False,2.817518942291125,0.05954182859530488,0.815799588371059,-0.14268121380687027,0.8776417581138859,0.7569595214592721,0.769870246237478,0.8543162632335851,0.06206043068927203,-0.1426812138068705,DD,"H1,H2,OOS,CAGR"
A,ETF,ETFk24d05,U56,10.0,2W,0,2,False,2.7442825798330515,0.06179451159511573,0.8295222724954624,-0.16142231300233711,0.9048914293625867,0.7624298949569168,0.8043660210445409,0.8496914668872655,0.06419836419409952,-0.16142231300233734,DD,"H1,H2,OOS,CAGR"
A,ETF,ETFk24d05,U56,10.0,2W,0,3,False,2.842574103518113,0.0582610854664698,0.8096819242728298,-0.13378722758406403,0.8771755340356878,0.7460312361824353,0.7732261330402465,0.8399357237746093,0.060333064974624984,-0.1337872275840638,-,"H1,H2,OOS,CAGR"
A,ETF,ETFk24d05,U56,10.0,2W,0,4,False,2.8968841091109394,0.054485521366712364,0.7543669703529758,-0.1426446990634157,0.7680712517437338,0.7415203212810508,0.6525616863806101,0.8397847553901522,0.06069275458384982,-0.14264469906341648,DD,"H1,H2,OOS,CAGR"
A,ETF,ETFk24d05,U56,10.0,2W,1,0,False,2.818761969140491,0.059849079291035334,0.8398880828634699,-0.1104028226835021,0.8410218478092979,0.8386123831531186,0.7287487234083221,0.9366693843834186,0.06575945147005013,-0.11040282268350166,-,"H1,CAGR"
A,ETF,ETFk24d05,U56,10.0,2W,1,1,False,2.726452648365103,0.06108499268440637,0.85286865686958,-0.11482672493879698,0.8002870001509499,0.9055283759334455,0.6862120000437562,1.0008486028968921,0.07028880698264506,-0.11482672493879698,-,"H1,CAGR"
A,ETF,ETFk24d05,U56,10.0,2W,1,2,False,2.8426975455316557,0.05787249805730421,0.8036600907679838,-0.12314906966335859,0.7760518145547538,0.8308909786334325,0.6607328675538618,0.9287421523739474,0.06592747590463732,-0.09126987834677691,-,"H1,H2,CAGR"
A,ETF,ETFk24d05,U56,10.0,2W,1,3,False,2.8406923514420153,0.05868195190700298,0.807056767864919,-0.12026644304333012,0.7818401114405523,0.8317827346581118,0.670825120357876,0.9255866293475988,0.06647297370859584,-0.12026644304333034,-,"H1,H2,CAGR"
A,ETF,ETFk24d05,U56,10.0,2W,1,4,False,2.8158170309410813,0.05740115241562527,0.798700997537462,-0.1329228822124393,0.7754479608244452,0.8215363960852939,0.6651736642416695,0.9151827830161547,0.06488492399572787,-0.12509702192684147,-,"H1,H2,CAGR"
A,ETF,ETFk24d05,U56,10.0,M,0,0,True,1.8604618744466712,0.0662505831718525,0.9029452904293863,-0.12507826239231412,0.9260818707782805,0.8791385639422874,0.8148493664901068,0.9842879469161562,0.06960581924198328,-0.1250782623923138,-,"H1,CAGR"
A,ETF,ETFk24d05,U56,10.0,M,0,1,False,1.8323241224208358,0.06523477160335855,0.880085025799219,-0.140085803379849,0.8802857367712738,0.879736379046845,0.7730800234095728,0.9768153434970605,0.0703300378877465,-0.140085803379849,DD,"H1,CAGR"
A,ETF,ETFk24d05,U56,10.0,M,0,2,False,1.8319917237457113,0.06283855338681921,0.8344249546577343,-0.15592226271047605,0.8648764462571925,0.8052530038535257,0.7574324418703319,0.8996647672480016,0.06734190302176701,-0.15592226271047593,DD,"H1,H2,CAGR"
A,ETF,ETFk24d05,U56,10.0,M,0,3,False,1.8339783708825563,0.06230754105826164,0.8075484329949358,-0.19126925186525878,0.8397707652549359,0.780431520233215,0.7247011073890494,0.8735178988403288,0.0689548050855453,-0.19126925186525845,DD,"H1,H2,OOS,CAGR"
A,ETF,ETFk24d05,U56,10.0,M,0,4,False,1.830490198421521,0.059480059812502706,0.7558304742602304,-0.22278247912849947,0.7988079270194433,0.7243112211122044,0.680385021823636,0.8136412061586901,0.06721119663608,-0.22278247912849958,DD,"H1,H2,OOS,DD,CAGR"
A,ETF,ETFk24d05,U56,10.0,6W,0,0,True,1.5561133026933918,0.06849848907804112,0.9130675629006708,-0.14842792569811147,0.8691190061735096,0.9554471527942183,0.7554625049719865,1.0465938852462489,0.07841220829470386,-0.14842792569811136,DD,"H1,CAGR"
A,ETF,ETFk24d05,U56,10.0,6W,0,1,False,1.4840550532166323,0.07050352902866153,0.9287426301428446,-0.14878001907136085,0.8952911806598387,0.9608462355977794,0.78156115556689,1.0506663383044905,0.0803649454465063,-0.14878001907136063,DD,"H1,CAGR"
A,ETF,ETFk24d05,U56,10.0,6W,0,2,False,1.4832429087634078,0.0698985527828897,0.9030574873525458,-0.16701276202359305,0.8869796633356666,0.9197484776564884,0.7834929348166361,0.9980665292645007,0.07925774081684778,-0.1670127620235935,DD,"H1,CAGR"
A,ETF,ETFk24d05,U56,10.0,6W,0,3,False,1.4480565701097314,0.06908858718399169,0.9137607094864098,-0.14394194995778586,0.9279440172590305,0.9006684086695088,0.8229228174411912,0.9896111556890105,0.07484206719710418,-0.1439419499577862,DD,"H1,CAGR"
A,ETF,ETFk24d05,U56,10.0,6W,0,4,False,1.5075614702646978,0.06607222342916086,0.8792200790334451,-0.14381810349409208,0.8898660767591066,0.8702706312887047,0.786501008726508,0.9549443686534047,0.07251291089957701,-0.14381810349409185,DD,"H1,CAGR"
A,ETF,ETFk24d05,U56,10.0,6W,1,0,False,1.4645247278015125,0.06798834124453301,0.9216658078271778,-0.12758987920821485,0.8971295837969473,0.9460194918652111,0.7934389897410764,1.0353453086153295,0.07475217132341072,-0.12758987920821507,-,"H1,CAGR"
A,ETF,ETFk24d05,U56,10.0,6W,1,1,False,1.5079060754443103,0.06754208751244417,0.9073093230314658,-0.13871131345426146,0.8737892476319,0.940217147271052,0.7741629210793198,1.0232885049120415,0.07510650979657596,-0.13871131345426135,DD,"H1,CAGR"
A,ETF,ETFk24d05,U56,10.0,6W,1,2,False,1.5021856588198255,0.06353161550024344,0.8360148256951726,-0.15650442785686913,0.847928716016922,0.8251060234143749,0.7392409484320057,0.9166796507893307,0.06982105057357546,-0.15650442785686935,DD,"H1,H2,CAGR"
A,ETF,ETFk24d05,U56,10.0,6W,1,3,False,1.542328272316277,0.06489605849522695,0.8323296439146887,-0.1911280192486654,0.8933884833817568,0.7787239840524631,0.7827381438254061,0.871985412753313,0.06922938861531724,-0.19112801924866607,DD,"H1,H2,OOS,CAGR"
A,ETF,ETFk24d05,U56,10.0,6W,1,4,False,1.4875547027119087,0.06226104134331356,0.7770808446786682,-0.22303467292946022,0.9049221436008258,0.6724373510524075,0.7924429425968936,0.766775784609724,0.06376015506926946,-0.22303467292946022,"H2,DD","H1,H2,OOS,DD,CAGR"
A,ETF,ETFk24d05,U56,10.0,6W,2,0,False,1.4923962587945492,0.06166198834391401,0.7626470843499287,-0.23144310110720923,0.9215808929836912,0.6294885340972298,0.8137842041582248,0.7246332603941656,0.0603100574594333,-0.23144310110720945,"H2,DD","H1,H2,OOS,DD,CAGR"
A,ETF,ETFk24d05,U56,10.0,6W,2,1,False,1.5647066759291883,0.060122026839567466,0.74746914351249,-0.2308009460029512,0.8914153774739538,0.6252386502337812,0.7864678295082436,0.718080163879966,0.05924805005841116,-0.2308009460029512,"H2,DD","H1,H2,OOS,DD,CAGR"
A,ETF,ETFk24d05,U56,10.0,6W,2,2,False,1.4798686939905394,0.06215316876835009,0.7660443852307056,-0.23074414823110234,0.9144579436744658,0.6437997713888169,0.8050094333461354,0.737848438621372,0.06193881197668549,-0.23074414823110212,"H2,DD","H1,H2,OOS,DD,CAGR"
A,ETF,ETFk24d05,U56,10.0,6W,2,3,False,1.5238446669637495,0.06451466286831509,0.8002007012883613,-0.2309410597018916,0.9244575067136694,0.6984432879554359,0.8182008124082327,0.7878190868640494,0.06583666787362352,-0.2309410597018915,DD,"H1,H2,OOS,DD,CAGR"
A,ETF,ETFk24d05,U56,10.0,6W,2,4,False,1.5276774950372127,0.06294911284786231,0.7830242023614338,-0.2307477316520734,0.8995518372946394,0.6883576471879882,0.7877628841667286,0.7807445385859655,0.06521732563316385,-0.23074773165207352,DD,"H1,H2,OOS,DD,CAGR"
A,ETF,ETFk24d05,U56,10.0,6W,3,0,False,1.5589222572118877,0.060992576949949306,0.7680633528700067,-0.23074773165207374,0.909070142124033,0.6580468570692929,0.7942978983682975,0.7513263080959418,0.0626602858151426,-0.23074773165207363,"H2,DD","H1,H2,OOS,DD,CAGR"
A,ETF,ETFk24d05,U56,10.0,6W,3,1,False,1.5473678467489642,0.06134751717052711,0.7695030652038111,-0.23075486764013398,0.8821993041928778,0.6818707311400788,0.7687628107637432,0.7721965674748407,0.06465847349350784,-0.2307548676401341,"H2,DD","H1,H2,OOS,DD,CAGR"
A,ETF,ETFk24d05,U56,10.0,6W,3,2,False,1.5479718346206663,0.059118493469330735,0.7438317594102791,-0.23062470510340438,0.8527557037130631,0.6568548556338099,0.7362324232992448,0.7510326852612588,0.06233840232424437,-0.23062470510340471,"H2,DD","H1,H2,OOS,DD,CAGR"
A,ETF,ETFk24d05,U56,10.0,6W,3,3,False,1.5198975188273336,0.06124739309640437,0.7659172271197499,-0.23104284317063895,0.8924484736500444,0.6639953825585416,0.7784703596855943,0.7580727435450942,0.06315020588172304,-0.23104284317063895,"H2,DD","H1,H2,OOS,DD,CAGR"
A,ETF,ETFk24d05,U56,10.0,6W,3,4,False,1.6052927456244925,0.05426331737561085,0.6959596325405646,-0.231568958064427,0.8500691257712413,0.5661071062987388,0.7353185508110168,0.6666220918541199,0.05344079581375216,-0.2315689580644269,"H2,DD","H1,H2,OOS,DD,CAGR"
A,ETF,ETFk24d05,U56,10.0,6W,4,0,False,1.6113544638005253,0.055764017240332864,0.7146321108341374,-0.22721996886062923,0.9537641502030052,0.5160860118507905,0.8403741051136813,0.6216365359055094,0.049794181972599105,-0.22721996886062923,"H2,DD","H1,H2,OOS,DD,CAGR"
A,ETF,ETFk24d05,U56,10.0,6W,4,1,False,1.5774126265221722,0.05741158369122701,0.7340061775570542,-0.21498316319800737,0.9238279823893497,0.5775883118759435,0.8020902537712743,0.6843524398181422,0.05535553935171067,-0.21498316319800692,"H2,DD","H1,H2,OOS,DD,CAGR"
A,ETF,ETFk24d05,U56,10.0,6W,4,2,False,1.5732806311852898,0.061329254658174515,0.7804799241986803,-0.22263842508550802,0.9602602398314098,0.6367376672291657,0.8467928223762037,0.7337828456232295,0.06012699532842647,-0.22263842508550757,"H2,DD","H2,OOS,DD,CAGR"
A,ETF,ETFk24d05,U56,10.0,6W,4,3,False,1.5857787750991483,0.05720636207554475,0.7378318904171188,-0.2077370869698355,0.9915494700434597,0.532733689569617,0.8781406874140582,0.6369376700003595,0.05110207628822794,-0.20773708696983562,"H2,DD","H2,OOS,DD,CAGR"
A,ETF,ETFk24d05,U56,10.0,6W,4,4,False,1.5911068637188404,0.05367678754213223,0.6910067055484369,-0.22711317529233044,0.9346003246352773,0.4857926837685763,0.8145733294698388,0.5982766957612713,0.04746300978985696,-0.22711317529232988,"H2,DD","H1,H2,OOS,DD,CAGR"
A,ETF,ETFk24d05,U56,10.0,6W,5,0,False,1.6073484650908447,0.05875481631813284,0.7719520438351613,-0.17031980641105293,0.897548127021916,0.6604937231394937,0.7763943509024825,0.7684807374687125,0.05938242133699889,-0.1703198064110527,"H2,DD","H1,H2,OOS,CAGR"
A,ETF,ETFk24d05,U56,10.0,6W,5,1,False,1.5959182248979003,0.06066178722986426,0.7990333756805857,-0.1790545511731212,0.9028554735327107,0.7027768275599213,0.782119952923954,0.8128184204612698,0.06181372909014993,-0.1790545511731213,DD,"H1,H2,OOS,CAGR"
A,ETF,ETFk24d05,U56,10.0,6W,5,2,False,1.5844124070172785,0.06517668562274492,0.8613549256285209,-0.12351701631636491,0.8871173367749983,0.8364969955235066,0.7766085357878768,0.9336811997661291,0.07004936189633026,-0.12351701631636502,-,"H1,CAGR"
A,ETF,ETFk24d05,U56,10.0,6W,5,3,False,1.5585135233507756,0.06669552063198547,0.8794367697210087,-0.13130361149287817,0.826698834688261,0.9302493192558573,0.7133589437693495,1.0202808679971536,0.07733209694250465,-0.13130361149287806,-,"H1,CAGR"
A,ETF,ETFk24d05,U56,10.0,6W,5,4,False,1.583206844081395,0.06484312038655138,0.8738686669142927,-0.1268783834455528,0.8510710591793295,0.8960595697193184,0.7405269381325708,0.9889431731557881,0.07264779354329098,-0.12687838344555258,-,"H1,CAGR"
A,ETF,ETFk24d05,U56,10.0,Q,0,0,True,1.1157500170475265,0.054472138189116226,0.6802535138951419,-0.23481725898925143,0.8307116708103784,0.5525785694860028,0.7285598495283725,0.6436434950739545,0.052766557181633145,-0.23481725898925154,"H2,DD","H1,H2,OOS,DD,CAGR"
A,ETF,ETFk24d05,U56,10.0,Q,0,1,False,1.140515090037896,0.05374970548543834,0.6648900420238388,-0.23497973832994634,0.8105645552631,0.543997114797491,0.7039074691558773,0.6363272606550366,0.05307866452877197,-0.23497973832994645,"H2,DD","H1,H2,OOS,DD,CAGR"
A,ETF,ETFk24d05,U56,10.0,Q,0,2,False,1.110020499687291,0.055110231660333575,0.6761755570218317,-0.2346524056557594,0.7996391025923171,0.5761256189171347,0.699869585701857,0.6596650944286804,0.05580624971139003,-0.23465240565575918,"H2,DD","H1,H2,OOS,DD,CAGR"
A,ETF,ETFk24d05,U56,10.0,Q,0,3,False,1.1015492217671081,0.0607584780567374,0.7535149763226071,-0.23454932905528536,0.9119199983516808,0.6310579803536881,0.8062501289603643,0.7180085383121471,0.060808975233790585,-0.23454932905528525,"H2,DD","H1,H2,OOS,DD,CAGR"
A,ETF,ETFk24d05,U56,10.0,Q,0,4,False,1.1208210483848602,0.056973670885187566,0.713386955525444,-0.24724477605714967,0.8778201234475201,0.5878039679267711,0.7699976758439149,0.6758496545274958,0.056875250400978405,-0.24724477605715056,"H2,DD","H1,H2,OOS,DD,CAGR"
A,ETF,ETFk24d06,U56,10.0,D,0,0,True,8.621026643603004,0.038520011583406344,0.6154523132296635,-0.11581096474232866,0.5477117001356514,0.6795846280531328,0.4763056336217263,0.7302329988824366,0.046272680783328246,-0.11581096474232955,"H1,H2","H1,H2,OOS,CAGR"
A,ETF,ETFk24d06,U56,10.0,2D,0,0,True,6.07094440189194,0.0417372927370141,0.6608690915784919,-0.11239044603913728,0.5912793477139338,0.7265734890842471,0.516470343928411,0.7794990953619689,0.049896508151917374,-0.11239044603913739,H1,"H1,H2,OOS,CAGR"
A,ETF,ETFk24d06,U56,10.0,2D,1,0,False,6.120855728982473,0.03992972743215528,0.6313118835508457,-0.11196456773230512,0.5409593228019337,0.7161648881865059,0.4726136855459365,0.7612138250782183,0.048969559515722016,-0.11196456773230556,H1,"H1,H2,OOS,CAGR"
A,ETF,ETFk24d06,U56,10.0,W,0,0,True,3.8497065432393094,0.04209259305449198,0.6597284535293714,-0.12538426144117165,0.5803489561246873,0.7334268004945749,0.517681148931157,0.7738567000095363,0.050537552811490194,-0.1253842614411722,H1,"H1,H2,OOS,CAGR"
A,ETF,ETFk24d06,U56,10.0,W,0,1,False,3.796384517482698,0.0461011791507715,0.715793916796488,-0.11227241764593843,0.6610631705771367,0.7674910187909135,0.5910811401249298,0.8178137243524171,0.05335712690232208,-0.1122724176459381,-,"H1,H2,OOS,CAGR"
A,ETF,ETFk24d06,U56,10.0,W,0,2,False,3.8619508081582663,0.047040404401822444,0.7246925053763457,-0.10584012850675684,0.5861639049454322,0.8526080365949424,0.5258353541589462,0.884552422499986,0.058914767360157994,-0.09981364260308423,H1,"H1,CAGR"
A,ETF,ETFk24d06,U56,10.0,W,0,3,False,3.8273419506395707,0.04771266966646359,0.7352502020864561,-0.09411530802931467,0.6291364311302448,0.8352861484265675,0.5717982728993999,0.8697028175214347,0.05717507996023863,-0.09411530802931523,H1,"H1,OOS,CAGR"
A,ETF,ETFk24d06,U56,10.0,W,0,4,False,3.73597248864742,0.045265188640462695,0.7025184336616944,-0.10402641555289682,0.5765000127578431,0.8206555067544716,0.5079201635142538,0.8617502918079907,0.05653694169560364,-0.09937929412679347,H1,"H1,H2,OOS,CAGR"
A,ETF,ETFk24d06,U56,10.0,2W,0,0,True,2.6871333977282763,0.04590477452760622,0.6941772481243236,-0.14542743947468806,0.6206225802072315,0.7626359120765579,0.5594414515364285,0.8027218971902502,0.054221546866474846,-0.14542743947468872,"H1,DD","H1,H2,OOS,CAGR"
A,ETF,ETFk24d06,U56,10.0,2W,0,1,False,2.7179853924031923,0.04817526927127802,0.7221863155646457,-0.13194263650003046,0.7004757640321891,0.7435830958727341,0.6314513254775408,0.7938164639523723,0.05443678910957028,-0.13194263650003046,-,"H1,H2,OOS,CAGR"
A,ETF,ETFk24d06,U56,10.0,2W,0,2,False,2.6668983569120477,0.05054921876070795,0.7497141733950204,-0.1384906561061775,0.7552423585397069,0.7475834677594184,0.7031415100790921,0.7863088530386678,0.05466639747949609,-0.1384906561061774,DD,"H1,H2,OOS,CAGR"
A,ETF,ETFk24d06,U56,10.0,2W,0,3,False,2.7469087373944983,0.04799647958316111,0.7278749891452416,-0.12030760194751455,0.7043768239565875,0.7505889169606292,0.6595466445665007,0.7827479425004195,0.05250496086600487,-0.12030760194751511,-,"H1,H2,OOS,CAGR"
A,ETF,ETFk24d06,U56,10.0,2W,0,4,False,2.7722519001937918,0.04117497862859287,0.6288054791032829,-0.14133739510794385,0.5949087860387213,0.660862217995054,0.5398224665863025,0.698498321219218,0.04724725755698089,-0.14133739510794396,"H1,H2,DD","H1,H2,OOS,CAGR"
A,ETF,ETFk24d06,U56,10.0,2W,1,0,False,2.7167300623178807,0.04801937133423562,0.7437244706660083,-0.11911638890024556,0.644157789522565,0.8365479350668715,0.5777850624987984,0.8780003922734595,0.05784644787399795,-0.11911638890024434,-,"H1,OOS,CAGR"
A,ETF,ETFk24d06,U56,10.0,2W,1,1,False,2.6659084127469446,0.05051239082940584,0.7746189236016027,-0.10235314413351848,0.6370765942526702,0.9046513900456403,0.5843840918553966,0.9318063476065871,0.06150073294494174,-0.096860366853747,H1,"H1,CAGR"
A,ETF,ETFk24d06,U56,10.0,2W,1,2,False,2.702786479439837,0.04753303931730812,0.7243552127387387,-0.10682006193429194,0.5745166633782172,0.8630584554426067,0.5083023757358621,0.8986175526824195,0.06049447070010383,-0.09677957318848285,H1,"H1,CAGR"
A,ETF,ETFk24d06,U56,10.0,2W,1,3,False,2.655873695416151,0.04957631266591256,0.7423749801904035,-0.12632371357272076,0.5637552190355226,0.9113070152435951,0.5031271362448183,0.9409436478471443,0.06374713104428054,-0.09877427228356928,H1,"H1,CAGR"
A,ETF,ETFk24d06,U56,10.0,2W,1,4,False,2.6064325609359207,0.04733750735157782,0.7151392257427,-0.13334489421431184,0.5471636348353485,0.872874471970583,0.4837510942146189,0.9056646176772917,0.061032234660305607,-0.11126304555783006,H1,"H1,CAGR"
A,ETF,ETFk24d06,U56,10.0,M,0,0,True,1.833999609621619,0.053201163425397935,0.7984231229503951,-0.11525947121249247,0.7467106904082812,0.8479814154399901,0.6835129532305246,0.894574098224818,0.05969365097338142,-0.1152594712124928,-,"H1,CAGR"
A,ETF,ETFk24d06,U56,10.0,M,0,1,False,1.8231647739105015,0.055220045701307674,0.81771192229312,-0.11908283724396984,0.7062278625069206,0.924276196280584,0.6586731628028247,0.9508822497519197,0.06446823284135883,-0.11908283724396984,-,"H1,CAGR"
A,ETF,ETFk24d06,U56,10.0,M,0,2,False,1.8679906848353973,0.05458982692894576,0.7935998509266646,-0.1319317019890588,0.6815268653428134,0.8973533735334587,0.634117317508283,0.9217724041426537,0.06486792731681734,-0.13193170198905857,-,"H1,CAGR"
A,ETF,ETFk24d06,U56,10.0,M,0,3,False,1.8499130716203815,0.05159771521745937,0.733311225769464,-0.15521763672342637,0.6354003567442476,0.8227935574250849,0.5768148448874257,0.8567497002270084,0.062278606508375134,-0.15521763672342603,"H1,DD","H1,H2,OOS,CAGR"
A,ETF,ETFk24d06,U56,10.0,M,0,4,False,1.818929383550264,0.05018989593870393,0.7023489034468802,-0.19308292537100868,0.6456499369990558,0.754740483732902,0.5865563329923272,0.789607540718015,0.059645379294092304,-0.19308292537100835,DD,"H1,H2,OOS,CAGR"
A,ETF,ETFk24d06,U56,10.0,6W,0,0,True,1.4881510649888816,0.05553033370619476,0.8033159029586476,-0.1417783483753845,0.6237191144367853,0.9713248367497055,0.5622494212187712,1.001430526800604,0.07047492213892093,-0.14177834837538483,"H1,DD","H1,CAGR"
A,ETF,ETFk24d06,U56,10.0,6W,0,1,False,1.4568100051407844,0.05942277720875766,0.8539365957789607,-0.13631698042609308,0.6859967245999897,1.0066122983400954,0.6233562019396739,1.0364780149131807,0.07455952915953823,-0.13631698042609341,-,"H1,CAGR"
A,ETF,ETFk24d06,U56,10.0,6W,0,2,False,1.4446579423297525,0.06004465422915306,0.856419769413801,-0.13532211449149134,0.7515952030429428,0.951965093729698,0.7044111687509905,0.9754959362532372,0.07076843081585982,-0.1353221144914909,-,"H1,CAGR"
A,ETF,ETFk24d06,U56,10.0,6W,0,3,False,1.423236219132589,0.05940565071621817,0.8600715385536497,-0.1374586086745493,0.7891423872950905,0.9259665222399603,0.7412107268844838,0.9542355569953697,0.06768338254915718,-0.13745860867454918,-,"H1,CAGR"
A,ETF,ETFk24d06,U56,10.0,6W,0,4,False,1.483197742727371,0.0573414844178497,0.823821811199993,-0.14088504398051938,0.7912046086716876,0.8562539910390918,0.7489552161479902,0.88150026017218,0.06416538426410057,-0.1408850439805197,DD,"H1,OOS,CAGR"
A,ETF,ETFk24d06,U56,10.0,6W,1,0,False,1.472835698211342,0.058001165125024956,0.8580266548932601,-0.1174289518861118,0.7774208028122129,0.9349223894166073,0.7199409185662033,0.9730937879086661,0.06605209738767392,-0.11742895188611135,-,"H1,CAGR"
A,ETF,ETFk24d06,U56,10.0,6W,1,1,False,1.4841398947804811,0.056051738153694686,0.8201991058044338,-0.13160491726776236,0.727137260531223,0.9074974360782315,0.6735360179236903,0.9397346537653547,0.06519753125361438,-0.13160491726776247,-,"H1,CAGR"
A,ETF,ETFk24d06,U56,10.0,6W,1,2,False,1.5011126447455188,0.055830134799390585,0.8053406025529498,-0.13699308108373232,0.707347349537484,0.8948063812490438,0.6393888205874885,0.9351256931701857,0.06720655781923401,-0.13699308108373254,-,"H1,CAGR"
A,ETF,ETFk24d06,U56,10.0,6W,1,3,False,1.4820907183279954,0.06075465716504236,0.8667053007421699,-0.15926162343791073,0.7747401379147386,0.9507715382073885,0.7025876830676484,0.9942780464208256,0.07243565296917209,-0.15926162343791095,DD,"H1,CAGR"
A,ETF,ETFk24d06,U56,10.0,6W,1,4,False,1.4625718500773284,0.05570974132325035,0.7701803727126849,-0.19578331382063952,0.7591158473240452,0.7849127675094938,0.6874185744173693,0.8331307833385544,0.06358332518336818,-0.19578331382063918,DD,"H1,H2,OOS,CAGR"
A,ETF,ETFk24d06,U56,10.0,6W,2,0,False,1.5098735456189079,0.05148736763179662,0.7050266637170609,-0.2022943689280331,0.7272283445254072,0.6908866038888928,0.6614356258742038,0.7389510413840782,0.056558022528824026,-0.20229436892803299,DD,"H1,H2,OOS,CAGR"
A,ETF,ETFk24d06,U56,10.0,6W,2,1,False,1.5482260156549181,0.04958571193398642,0.6869236663014178,-0.20106273498697702,0.7149935612524134,0.6674600452857125,0.6492658739586606,0.7163897795777052,0.05408759446397671,-0.2010627349869769,"H2,DD","H1,H2,OOS,CAGR"
A,ETF,ETFk24d06,U56,10.0,6W,2,2,False,1.4841111769211344,0.052675893833316945,0.7209614629267742,-0.20100425014367784,0.7253198260792564,0.7228760268437366,0.6573700310147279,0.769605332318481,0.059355604340854295,-0.20100425014367762,DD,"H1,H2,OOS,CAGR"
A,ETF,ETFk24d06,U56,10.0,6W,2,3,False,1.5064618453767908,0.055082325215358274,0.7538393299489488,-0.20117363711322278,0.7770062844716089,0.7403214519435226,0.7212126378978032,0.7798576865181289,0.05999169205237509,-0.2011736371132229,DD,"H1,H2,OOS,CAGR"
A,ETF,ETFk24d06,U56,10.0,6W,2,4,False,1.5348709376642333,0.05205090531783907,0.7179898816811452,-0.20087424800226716,0.7461034691802306,0.7009094122702475,0.6878307528090931,0.7422372005628106,0.05684997906103284,-0.20087424800226705,DD,"H1,H2,OOS,CAGR"
A,ETF,ETFk24d06,U56,10.0,6W,3,0,False,1.5677324376379402,0.0503519487799835,0.7019451026319822,-0.20087424800226727,0.7308057920369166,0.686306861830287,0.6711097971054821,0.7271046865620584,0.055657062622602504,-0.20087424800226672,"H2,DD","H1,H2,OOS,CAGR"
A,ETF,ETFk24d06,U56,10.0,6W,3,1,False,1.5767974547278873,0.05142729503482668,0.7112119096766452,-0.20083931042076808,0.7138195580944231,0.7164285404578545,0.6604198949951269,0.7505108279083961,0.05793681640053716,-0.2008393104207684,DD,"H1,H2,OOS,CAGR"
A,ETF,ETFk24d06,U56,10.0,6W,3,2,False,1.5821412052072357,0.04885980299854742,0.6819408883561411,-0.20087163976016165,0.6845997413416128,0.6869905413680002,0.6165374002105657,0.7314710295060788,0.05604067254918643,-0.20087163976016198,"H2,DD","H1,H2,OOS,CAGR"
A,ETF,ETFk24d06,U56,10.0,6W,3,3,False,1.5533542481132743,0.050101725280929266,0.6907285852192682,-0.20132533782806084,0.6536890254813473,0.7270340312779546,0.5837678408401985,0.7706837990474901,0.05944377258702138,-0.20132533782806084,DD,"H1,H2,OOS,CAGR"
A,ETF,ETFk24d06,U56,10.0,6W,3,4,False,1.5915820263853948,0.04357500029837369,0.6184862890810894,-0.20409885306010422,0.6208996996751021,0.6212208494181607,0.5584352510443948,0.6642522375421426,0.04939287566026529,-0.20409885306010422,"H1,H2,DD","H1,H2,OOS,DD,CAGR"
A,ETF,ETFk24d06,U56,10.0,6W,4,0,False,1.6227842052627621,0.04369414535948568,0.6181752930296021,-0.19880342164698095,0.7101836761346461,0.5501934845350436,0.6544649906791467,0.5950806321499709,0.04445809936180578,-0.19880342164698117,"H2,DD","H1,H2,OOS,CAGR"
A,ETF,ETFk24d06,U56,10.0,6W,4,1,False,1.6184001361621978,0.04373545760513431,0.6173391991798247,-0.19253355779362813,0.6455471773444893,0.5994533694103299,0.5785077776540393,0.647561685798079,0.0485292149756158,-0.19253355779362802,"H2,DD","H1,H2,OOS,CAGR"
A,ETF,ETFk24d06,U56,10.0,6W,4,2,False,1.5715870277454667,0.04830964407309146,0.6867753168756864,-0.19929800817318244,0.7361652971166818,0.6526155621360836,0.6737290479603544,0.6987348678223975,0.052021264143189416,-0.19929800817318288,"H2,DD","H1,H2,OOS,CAGR"
A,ETF,ETFk24d06,U56,10.0,6W,4,3,False,1.6151058980367834,0.04522395085626285,0.6464655486281706,-0.1827365982775233,0.7445516736192683,0.5708265880627958,0.6862358158281204,0.6196322712804809,0.0454573803844216,-0.18273659827752342,"H2,DD","H1,H2,OOS,CAGR"
A,ETF,ETFk24d06,U56,10.0,6W,4,4,False,1.5730480010017165,0.043610983432802675,0.6249084312533528,-0.20994123023198252,0.7527841098892452,0.5247288417049423,0.6925315578823031,0.5778319455580199,0.0421513132213156,-0.20994123023198374,"H2,DD","H1,H2,OOS,DD,CAGR"
A,ETF,ETFk24d06,U56,10.0,6W,5,0,False,1.6034624337571723,0.04196163567759981,0.6114764793800609,-0.15827868831210679,0.6671611963042883,0.5684312586553673,0.5898158650059171,0.628878325754546,0.045126600326621746,-0.158278688312107,"H2,DD","H1,H2,OOS,CAGR"
A,ETF,ETFk24d06,U56,10.0,6W,5,1,False,1.568805550321189,0.04595939155458617,0.6709722557171459,-0.1625528065756332,0.6728111091091931,0.6716458217816088,0.6007878316321764,0.7260029081102646,0.051288702980082146,-0.16255280657563298,"H2,DD","H1,H2,OOS,CAGR"
A,ETF,ETFk24d06,U56,10.0,6W,5,2,False,1.5819207590742603,0.0490528966538748,0.7112557135225005,-0.11873705679326096,0.6133621235654924,0.8017364382312254,0.5479419849992573,0.8423473184954109,0.05957185178705693,-0.11873705679326074,H1,"H1,H2,OOS,CAGR"
A,ETF,ETFk24d06,U56,10.0,6W,5,3,False,1.5192783237231593,0.05364912403155642,0.7678737863351468,-0.11912469951663762,0.59424459216754,0.9309925846125799,0.5400251432500314,0.9559747290894879,0.06787430691369867,-0.11611836091078664,H1,"H1,CAGR"
A,ETF,ETFk24d06,U56,10.0,6W,5,4,False,1.530063204326108,0.05373407553980769,0.7844158728175559,-0.11587711831199732,0.6209013858833727,0.9385433474765119,0.5628822581380569,0.9679662214221425,0.06720094376384256,-0.1157201739120336,H1,"H1,CAGR"
A,ETF,ETFk24d06,U56,10.0,Q,0,0,True,1.0976179580200351,0.0421471136515974,0.5583565585916319,-0.2558651049464833,0.6846709417527781,0.465457761845074,0.628769268740124,0.5119985711005374,0.040781799499361115,-0.2558651049464834,"H2,DD","H1,H2,OOS,DD,CAGR"
A,ETF,ETFk24d06,U56,10.0,Q,0,1,False,1.121842201668425,0.04390237038262623,0.5863174027072988,-0.2364415262899251,0.6726608536798631,0.5232220130399892,0.6123873755344894,0.5704154758853741,0.04517087384325147,-0.2364415262899252,"H2,DD","H1,H2,OOS,DD,CAGR"
A,ETF,ETFk24d06,U56,10.0,Q,0,2,False,1.1107463431466877,0.04521434295195115,0.5877599649013991,-0.2560166074222895,0.6577655091144253,0.5409671225919449,0.5984991204957454,0.5839831403502151,0.04806036827020299,-0.2560166074222895,"H2,DD","H1,H2,OOS,DD,CAGR"
A,ETF,ETFk24d06,U56,10.0,Q,0,3,False,1.0824976892852711,0.04969236687573808,0.6532546353736036,-0.2558301791698744,0.7831851277447945,0.5698450502397125,0.7229980223041252,0.6144480132330848,0.05070852543560145,-0.2558301791698746,"H2,DD","H1,H2,OOS,DD,CAGR"
A,ETF,ETFk24d06,U56,10.0,Q,0,4,False,1.0971570060823106,0.04465355074638233,0.5948352024679869,-0.2577816167745448,0.748545377295212,0.4929844265422294,0.6942859573102705,0.5361395651840424,0.043428496121960425,-0.25778161677454414,"H2,DD","H1,H2,OOS,DD,CAGR"
A,ETF,ETFk24d07,U56,10.0,D,0,0,True,8.910868531483311,0.03907910105726953,0.6473860924496248,-0.10795023324711328,0.686875474244999,0.6103562330934043,0.6219286490563612,0.668361876137719,0.04035883328387868,-0.10795023324711173,H2,"H1,H2,OOS,CAGR"
A,ETF,ETFk24d07,U56,10.0,2D,0,0,True,6.153835644483792,0.04241189265144696,0.6972695033009989,-0.10536449879731202,0.731656492138831,0.6650550888016667,0.663488747897866,0.7251596305853514,0.04412650549119834,-0.10536449879731213,H2,"H1,H2,OOS,CAGR"
A,ETF,ETFk24d07,U56,10.0,2D,1,0,False,6.201660550043306,0.04048044835227871,0.6627009413808662,-0.10622402426424626,0.6902918882466154,0.6374673927530005,0.627602555741322,0.6913574226672469,0.0424772480471165,-0.10622402426424793,H2,"H1,H2,OOS,CAGR"
A,ETF,ETFk24d07,U56,10.0,W,0,0,True,3.820702138061332,0.04358751265888228,0.7081430436379376,-0.11846114508965888,0.7694776579983762,0.652306550131923,0.7129915979600798,0.7041124125958088,0.04365176563939732,-0.11846114508965966,H2,"H1,H2,OOS,CAGR"
A,ETF,ETFk24d07,U56,10.0,W,0,1,False,3.850034586653828,0.046197381391185344,0.7439214635373789,-0.10724825859008214,0.7977567657572534,0.6938044384939566,0.7384992209823854,0.7482420660178746,0.04649478109098104,-0.10724825859008236,-,"H1,H2,OOS,CAGR"
A,ETF,ETFk24d07,U56,10.0,W,0,2,False,3.8461071890161134,0.045944987907091006,0.7350668533793286,-0.09584675878932636,0.716419256847214,0.7533500784133347,0.656540827941568,0.7981090433907035,0.0507760068057721,-0.09584675878932525,-,"H1,H2,OOS,CAGR"
A,ETF,ETFk24d07,U56,10.0,W,0,3,False,3.873640603728195,0.04777655352414545,0.7669240237343166,-0.09977689848224325,0.7903369887686229,0.7455617309081028,0.7357593325573882,0.792385554941737,0.04956621884568091,-0.09977689848224414,-,"H1,H2,OOS,CAGR"
A,ETF,ETFk24d07,U56,10.0,W,0,4,False,3.7829928745296755,0.04518558601978828,0.7273299452621453,-0.09224781046643371,0.7266243673367998,0.7287126914119423,0.6578219178882879,0.783951669415062,0.049192865633838734,-0.09224781046643338,-,"H1,H2,OOS,CAGR"
A,ETF,ETFk24d07,U56,10.0,2W,0,0,True,2.7222650332118388,0.04452006531039299,0.7077099840411298,-0.1366020108649716,0.763830373979702,0.6566510286135742,0.7075406692555531,0.7077406826923011,0.044825236484783426,-0.13660201086497203,H2,"H1,H2,OOS,CAGR"
A,ETF,ETFk24d07,U56,10.0,2W,0,1,False,2.762122574971935,0.045710745848107415,0.7170557119144406,-0.13601965880215872,0.8080366649763757,0.6361649459630837,0.752353068479627,0.6890378480878108,0.0444962774459734,-0.13601965880215905,H2,"H1,H2,OOS,CAGR"
A,ETF,ETFk24d07,U56,10.0,2W,0,2,False,2.677055748144401,0.04843908378479478,0.7476779922532281,-0.1450541585492745,0.8673688246758039,0.6456632486354315,0.8211571781273894,0.6916857829723165,0.04587453057851976,-0.14505415854927406,"H2,DD","H1,H2,OOS,CAGR"
A,ETF,ETFk24d07,U56,10.0,2W,0,3,False,2.7312043804683444,0.04673541888508126,0.7377609510100719,-0.11787858138088803,0.8363183842675489,0.6491892700378147,0.7898878181932654,0.6960770918126391,0.044512680295619944,-0.11787858138088836,H2,"H1,H2,OOS,CAGR"
A,ETF,ETFk24d07,U56,10.0,2W,0,4,False,2.717818860190777,0.04432536459503256,0.6998542783589827,-0.1281709927333342,0.7421130112096899,0.6640338638790415,0.691369804133605,0.7067696043259095,0.045784549352114956,-0.128170992733334,H2,"H1,H2,OOS,CAGR"
A,ETF,ETFk24d07,U56,10.0,2W,1,0,False,2.689951817215471,0.05001891301454453,0.7975639148541716,-0.10061132195734257,0.8183140198508657,0.779521562069987,0.7606799029059981,0.8273077514477066,0.05248307592572621,-0.10061132195734235,-,"H1,H2,OOS,CAGR"
A,ETF,ETFk24d07,U56,10.0,2W,1,1,False,2.6406106272168914,0.0518282001808672,0.8206194654534544,-0.0959505125932335,0.7888264680241819,0.8511265829335205,0.7410148448689711,0.8865070079389428,0.056152401140839414,-0.09595051259323406,-,"H1,CAGR"
A,ETF,ETFk24d07,U56,10.0,2W,1,2,False,2.6315086811259967,0.047063851642976884,0.7424515213247762,-0.09332501717151664,0.7308369930133638,0.754206717453664,0.6646684693374676,0.8051918289869763,0.05182962987923778,-0.09332501717151775,-,"H1,H2,OOS,CAGR"
A,ETF,ETFk24d07,U56,10.0,2W,1,3,False,2.6497179296491984,0.05077812410145599,0.7932296563344798,-0.09651104147462697,0.76769321697111,0.8178079124301697,0.7109236369346807,0.8603583779033744,0.05562968869089424,-0.09595468396172935,-,"H1,H2,OOS,CAGR"
A,ETF,ETFk24d07,U56,10.0,2W,1,4,False,2.6681112485488145,0.04625694849785633,0.7257668380785659,-0.12121393804952896,0.711009358897189,0.7403429123490249,0.644698273925305,0.7914520735945423,0.051136544297659015,-0.12121393804952862,-,"H1,H2,OOS,CAGR"
A,ETF,ETFk24d07,U56,10.0,M,0,0,True,1.7822040768009564,0.05294094879653333,0.8264076219643248,-0.10874561266711447,0.912095541090533,0.7457280123575347,0.8583879329870828,0.7996623584898847,0.0509498538694142,-0.10874561266711424,-,"H1,H2,OOS,CAGR"
A,ETF,ETFk24d07,U56,10.0,M,0,1,False,1.8135909716840621,0.052371355652688356,0.8102911801816312,-0.11680334066144749,0.8298349730706719,0.7920252514036695,0.7799547641787832,0.8354749595421253,0.053839754947210716,-0.11680334066144704,-,"H1,H2,OOS,CAGR"
A,ETF,ETFk24d07,U56,10.0,M,0,2,False,1.8311951619501048,0.05116513376331677,0.7727534878710672,-0.14662493877753602,0.7976781237019179,0.7520320997285874,0.7464392940991769,0.7937436203795796,0.05357136854008382,-0.1466249387775359,DD,"H1,H2,OOS,CAGR"
A,ETF,ETFk24d07,U56,10.0,M,0,3,False,1.7841632107491807,0.05051085653262599,0.747037542936854,-0.17069527369045112,0.793920882040764,0.7105173753083844,0.7356109337192426,0.7567443873215878,0.05311082805424894,-0.1706952736904509,DD,"H1,H2,OOS,CAGR"
A,ETF,ETFk24d07,U56,10.0,M,0,4,False,1.7525856715251997,0.048601816201776726,0.7015391004485766,-0.20370816176254247,0.7679533743917821,0.6550689952243923,0.7064571261712912,0.7011448199956075,0.0515703843870714,-0.20370816176254258,"H2,DD","H1,H2,OOS,DD,CAGR"
A,ETF,ETFk24d07,U56,10.0,6W,0,0,True,1.441544743263986,0.05379108948634648,0.8224542581350932,-0.1385469056775117,0.7538001336879769,0.8873522255611891,0.6925271931841258,0.9291956677715859,0.061380819188435076,-0.1385469056775115,DD,"H1,CAGR"
A,ETF,ETFk24d07,U56,10.0,6W,0,1,False,1.4210517701400078,0.057372765561023886,0.8671211516110668,-0.13389197537402642,0.7914623701510662,0.9376892728491941,0.732762338738885,0.9749689390785493,0.06584795584636871,-0.1338919753740262,-,"H1,CAGR"
A,ETF,ETFk24d07,U56,10.0,6W,0,2,False,1.418052976003795,0.05684431332408324,0.8478819755199768,-0.14009630749865898,0.8251353323549727,0.8710061523530516,0.778984684999654,0.9018321538546695,0.062427017785860794,-0.14009630749865898,DD,"H1,CAGR"
A,ETF,ETFk24d07,U56,10.0,6W,0,3,False,1.377508989770111,0.05749779351429729,0.8708184110944517,-0.13347002249474726,0.8933950527022074,0.8527697572926848,0.8466239239929423,0.8901263590524692,0.06003299800351303,-0.13347002249474704,-,"H1,CAGR"
A,ETF,ETFk24d07,U56,10.0,6W,0,4,False,1.4548825743670184,0.055031286278962366,0.8332720551135504,-0.1294543192182439,0.8760336622186585,0.8000252126587455,0.8353506289453059,0.8326773911457374,0.056895321467253845,-0.12945431921824402,-,"H1,H2,OOS,CAGR"
A,ETF,ETFk24d07,U56,10.0,6W,1,0,False,1.423063944464038,0.056665188120458065,0.8729556819524013,-0.11571200069119669,0.8792058751391804,0.8675566757704649,0.8301480140647843,0.9083077506875711,0.05897933510269593,-0.11571200069119625,-,"H1,CAGR"
A,ETF,ETFk24d07,U56,10.0,6W,1,1,False,1.441219161511135,0.05511014401750236,0.8422131630258266,-0.1274287144042081,0.8520281044414533,0.8341652690984733,0.8011917434822857,0.8754444789448833,0.057821255821999706,-0.1274287144042081,-,"H1,OOS,CAGR"
A,ETF,ETFk24d07,U56,10.0,6W,1,2,False,1.510151941341247,0.05218284748202251,0.7800411770367942,-0.15414804074614463,0.8143264986501939,0.7531677152237317,0.7496659457124473,0.8040991954491857,0.05555810275109985,-0.15414804074614452,DD,"H1,H2,OOS,CAGR"
A,ETF,ETFk24d07,U56,10.0,6W,1,3,False,1.4859365039725188,0.05482793320892365,0.8113607655077582,-0.17395333093593335,0.9012184280527173,0.7387037186712824,0.8329835285985805,0.7963820939326534,0.05585825452776905,-0.17395333093593301,DD,"H1,H2,OOS,CAGR"
A,ETF,ETFk24d07,U56,10.0,6W,1,4,False,1.4535073345295493,0.05237667551716618,0.7471577510089444,-0.2059134655515591,0.9286774148116597,0.6068510493623462,0.8578171790993466,0.6710328055199218,0.04939925322171734,-0.2059134655515592,"H2,DD","H1,H2,OOS,DD,CAGR"
A,ETF,ETFk24d07,U56,10.0,6W,2,0,False,1.4616696262166544,0.04786861243413787,0.6783596322831289,-0.21244615341541162,0.8686272217102904,0.5285232021461463,0.8022667466022023,0.5912380130038588,0.04348764341292766,-0.21244615341541162,"H2,DD","H1,H2,OOS,DD,CAGR"
A,ETF,ETFk24d07,U56,10.0,6W,2,1,False,1.5240370763676703,0.04521057721473554,0.6448245047104353,-0.2122516307571195,0.8133942842496662,0.5104737587732332,0.7460835417611206,0.5728126768771034,0.04175174972328599,-0.2122516307571196,"H2,DD","H1,H2,OOS,DD,CAGR"
A,ETF,ETFk24d07,U56,10.0,6W,2,2,False,1.4828981746580947,0.04915775377235421,0.6932505195897998,-0.2138526978336438,0.8328145649986292,0.5878839286754639,0.7623752579050157,0.6471645458814451,0.04842304355940774,-0.21385269783364347,"H2,DD","H1,H2,OOS,DD,CAGR"
A,ETF,ETFk24d07,U56,10.0,6W,2,3,False,1.520112834654398,0.051656505723347346,0.7274719009833419,-0.21414359582167775,0.8974319237060057,0.5972934039310825,0.8425910980454586,0.6484923060359726,0.04836379080524744,-0.21414359582167786,"H2,DD","H1,H2,OOS,DD,CAGR"
A,ETF,ETFk24d07,U56,10.0,6W,2,4,False,1.5182271646347114,0.050806438141756116,0.7165859796680423,-0.2111303393950167,0.8453400717553914,0.6192550999279178,0.7856738338155987,0.6701455593185641,0.05006259765894283,-0.2111303393950167,"H2,DD","H1,H2,OOS,DD,CAGR"
A,ETF,ETFk24d07,U56,10.0,6W,3,0,False,1.5278721697579485,0.04956147941446809,0.7056430313255124,-0.2111303393950169,0.8588094078805866,0.5931489268631666,0.7994644428994103,0.6443120444136617,0.048023616885793485,-0.21113033939501702,"H2,DD","H1,H2,OOS,DD,CAGR"
A,ETF,ETFk24d07,U56,10.0,6W,3,1,False,1.5451735930725203,0.05087281729905091,0.7200407737033552,-0.21102458402881563,0.8629002294138676,0.6154746562654376,0.8136003678724814,0.6588454526421557,0.04939411383485526,-0.21102458402881563,"H2,DD","H1,H2,OOS,DD,CAGR"
A,ETF,ETFk24d07,U56,10.0,6W,3,2,False,1.5223247883541016,0.04802128931736749,0.6865631359194948,-0.2109286381876243,0.8215140420431998,0.5896312164817843,0.7578698314184452,0.6415762209792081,0.047843235319778854,-0.2109286381876242,"H2,DD","H1,H2,OOS,DD,CAGR"
A,ETF,ETFk24d07,U56,10.0,6W,3,3,False,1.5076911046728025,0.04936347648195194,0.7021387184513636,-0.21139882323963033,0.8173247452315603,0.6187579546791943,0.7509831041464596,0.6716740023335603,0.050215079688813,-0.21139882323963077,"H2,DD","H1,H2,OOS,DD,CAGR"
A,ETF,ETFk24d07,U56,10.0,6W,3,4,False,1.559275845699302,0.04309053148624953,0.634010377896292,-0.2131371753976118,0.7754435006314915,0.5252624847989448,0.7160621778604205,0.5777699093358193,0.04121511504396835,-0.2131371753976118,"H2,DD","H1,H2,OOS,DD,CAGR"
A,ETF,ETFk24d07,U56,10.0,6W,4,0,False,1.5871879735674355,0.041288439485190453,0.6085397982660156,-0.21223776315398868,0.8482154534909567,0.424657537025011,0.7956696829672291,0.4806174328044555,0.033990375311891974,-0.2122377631539888,"H2,DD","H1,H2,OOS,DD,CAGR"
A,ETF,ETFk24d07,U56,10.0,6W,4,1,False,1.5462205610583935,0.04193077267157186,0.6156744720084145,-0.2095121675851609,0.7967949941725085,0.4767616521424906,0.7318749650238805,0.5363590758121073,0.03833151476756491,-0.20951216758516122,"H2,DD","H1,H2,OOS,DD,CAGR"
A,ETF,ETFk24d07,U56,10.0,6W,4,2,False,1.5291964820371593,0.04466852854158776,0.6571687565330953,-0.2181506631001553,0.8728768254086904,0.49305251621216883,0.8107484669845396,0.5532226172471694,0.03952133321976414,-0.21815066310015518,"H2,DD","H1,H2,OOS,DD,CAGR"
A,ETF,ETFk24d07,U56,10.0,6W,4,3,False,1.5268941106680267,0.042850120917762746,0.634913427821392,-0.19378010145638458,0.9045554006235412,0.4244963315824944,0.8516328412147504,0.4844285670609093,0.03387445889313101,-0.19378010145638414,"H2,DD","H1,H2,OOS,CAGR"
A,ETF,ETFk24d07,U56,10.0,6W,4,4,False,1.5200832828240762,0.04285290300202038,0.6336007702896781,-0.22035835623198397,0.8958859221838545,0.42888044803267605,0.840951164689959,0.4895297533670492,0.034330236884395404,-0.22035835623198374,"H2,DD","H1,H2,OOS,DD,CAGR"
A,ETF,ETFk24d07,U56,10.0,6W,5,0,False,1.5170580811744645,0.04497850569883921,0.6781055649733596,-0.16102253996357407,0.8204421486956262,0.5633557610686669,0.75013587752642,0.626552944021952,0.043217597652495554,-0.1610225399635743,"H2,DD","H1,H2,OOS,CAGR"
A,ETF,ETFk24d07,U56,10.0,6W,5,1,False,1.5160240933080193,0.046745697164038535,0.70891202266512,-0.15329149421259525,0.8219566124468428,0.6108385790984029,0.7537493521449699,0.6742217571394015,0.04533809654502252,-0.15329149421259514,"H2,DD","H1,H2,OOS,CAGR"
A,ETF,ETFk24d07,U56,10.0,6W,5,2,False,1.5290944924545113,0.04875621529502405,0.7395274799003715,-0.1085920631066144,0.7505831968241625,0.7309308527417543,0.6824622716834865,0.7851383443942347,0.052738919590808786,-0.10859206310661462,-,"H1,H2,OOS,CAGR"
A,ETF,ETFk24d07,U56,10.0,6W,5,3,False,1.4356590513326402,0.05365711291239128,0.8081293300003279,-0.1115463429297805,0.7182970259778477,0.8919711266785205,0.6615235862450896,0.9267980226379138,0.06265918991254882,-0.11154634292978038,-,"H1,CAGR"
A,ETF,ETFk24d07,U56,10.0,6W,5,4,False,1.4842102212295265,0.05248782200718827,0.7980859773987081,-0.12253056951365116,0.7437589550205815,0.8492029908682176,0.6844265011052499,0.8899644336351025,0.05950708270190952,-0.1225305695136516,-,"H1,CAGR"
A,ETF,ETFk24d07,U56,10.0,Q,0,0,True,1.0858738247903132,0.042729417725364094,0.5980906328470109,-0.2342176893549741,0.8433023075378777,0.41368370067914106,0.789407112983059,0.46890835701872485,0.03494278827941466,-0.23421768935497433,"H2,DD","H1,H2,OOS,DD,CAGR"
A,ETF,ETFk24d07,U56,10.0,Q,0,1,False,1.121887607094029,0.04249343194802946,0.5901320311693415,-0.23461597000855305,0.817246643455676,0.4235927129022982,0.7558585381466246,0.48154563578250753,0.03653763723255565,-0.23461597000855328,"H2,DD","H1,H2,OOS,DD,CAGR"
A,ETF,ETFk24d07,U56,10.0,Q,0,2,False,1.0834807952484329,0.04471166288197659,0.6130645792391685,-0.23437439107725389,0.7789362171420688,0.4929366529554395,0.7149586622740095,0.5473632414351284,0.04240297288704298,-0.23437439107725344,"H2,DD","H1,H2,OOS,DD,CAGR"
A,ETF,ETFk24d07,U56,10.0,Q,0,3,False,1.066994258922991,0.0487889745676926,0.6743780504075957,-0.23412726589730415,0.9171065203135542,0.5078772881390439,0.8563683987309113,0.562668332332901,0.043713565447578207,-0.23412726589730437,"H2,DD","H1,H2,OOS,DD,CAGR"
A,ETF,ETFk24d07,U56,10.0,Q,0,4,False,1.068854121687984,0.043769911418692464,0.6117620540341876,-0.23819549564999876,0.8497413845006959,0.44899865328512356,0.7906053972639553,0.5024188505790274,0.03853468676531624,-0.23819549564999776,"H2,DD","H1,H2,OOS,DD,CAGR"
A,ETF,ETFk24d08,U56,10.0,D,0,0,True,9.798442187227598,0.046519541793436314,0.6799491906697879,-0.11866209202830225,0.6658261270955431,0.6937602098729885,0.5740043098706963,0.7718415304919344,0.05219791791000805,-0.11866209202830325,-,"H1,H2,OOS,CAGR"
A,ETF,ETFk24d08,U56,10.0,2D,0,0,True,6.884519961043613,0.04853768455858343,0.7046856463296768,-0.12170992234066502,0.7012745007014659,0.7079338638415629,0.6070250956830066,0.7889538342840996,0.05377040369904962,-0.12170992234066702,-,"H1,H2,OOS,CAGR"
A,ETF,ETFk24d08,U56,10.0,2D,1,0,False,6.835132714949255,0.04977693090709279,0.718936964410585,-0.11945336335141288,0.6799645986913957,0.7570232749580267,0.5862541374923169,0.8331023944838083,0.05727365164688791,-0.11945336335141377,-,"H1,H2,OOS,CAGR"
A,ETF,ETFk24d08,U56,10.0,W,0,0,True,4.146303753385966,0.050932867201489485,0.7309791015207512,-0.11947025732245553,0.719815880958928,0.7418086019386461,0.6317350265018264,0.8155421893801628,0.05649575567115406,-0.11947025732245531,-,"H1,H2,OOS,CAGR"
A,ETF,ETFk24d08,U56,10.0,W,0,1,False,4.1859822679214025,0.05358748684546066,0.7631609617354431,-0.11380179925296185,0.7494419770899017,0.7765742614255725,0.6557216305150989,0.8567286628510845,0.05930628497719104,-0.11380179925296141,-,"H1,H2,OOS,CAGR"
A,ETF,ETFk24d08,U56,10.0,W,0,2,False,4.230165942880596,0.05442577696856099,0.7706154509049681,-0.12481648378980348,0.7006611393724983,0.8383902337664998,0.6181090829110624,0.9003424382020959,0.06347624759530901,-0.11213337227886311,-,"H1,CAGR"
A,ETF,ETFk24d08,U56,10.0,W,0,3,False,4.237563355299103,0.05621171662349678,0.7936960934234721,-0.10421306935268149,0.7676158213007389,0.8190724948187452,0.6854039403047231,0.8864503730751531,0.06227837305487083,-0.10348664473411706,-,"H1,H2,CAGR"
A,ETF,ETFk24d08,U56,10.0,W,0,4,False,4.158742515306319,0.05357093679360392,0.7622626011399132,-0.11399256997205331,0.6829421409209008,0.8401111537938594,0.5892396049720751,0.9117202853015257,0.06365122962357095,-0.09233820431643236,-,"H1,CAGR"
A,ETF,ETFk24d08,U56,10.0,2W,0,0,True,2.877045560344887,0.05694801500111213,0.7926471956735264,-0.13165976014370084,0.7799919586564044,0.8049295112991819,0.6962560529471582,0.8752983525986867,0.06231368431279405,-0.13165976014370073,-,"H1,H2,OOS,CAGR"
A,ETF,ETFk24d08,U56,10.0,2W,0,1,False,2.90061242134652,0.05849033029204942,0.8045872231666736,-0.12265545111384879,0.8119061444400585,0.7976511974333885,0.7274130516067692,0.8698665648888804,0.06290406338821586,-0.12265545111384879,-,"H1,H2,OOS,CAGR"
A,ETF,ETFk24d08,U56,10.0,2W,0,2,False,2.8469055795409193,0.06028493437030269,0.8188721147397326,-0.13212358222821352,0.8555230364222187,0.7856202368950873,0.7861531042539196,0.8455099513673487,0.06262482270367054,-0.13212358222821452,-,"H1,H2,OOS,CAGR"
A,ETF,ETFk24d08,U56,10.0,2W,0,3,False,2.959916868455852,0.05623113406598601,0.7816179682192913,-0.11450396303971389,0.8060482726441176,0.75832002805749,0.734737748597632,0.8210470732828605,0.05874291157710121,-0.11450396303971566,-,"H1,H2,OOS,CAGR"
A,ETF,ETFk24d08,U56,10.0,2W,0,4,False,3.0019569672745128,0.050052730941042345,0.7015037367322373,-0.12465789176222752,0.6720708860268199,0.7298179449341947,0.5909635622590143,0.7942001172297692,0.05680389305247813,-0.11992841100808893,-,"H1,H2,OOS,CAGR"
A,ETF,ETFk24d08,U56,10.0,2W,1,0,False,2.9196253181209117,0.05455975794194745,0.7702495085252637,-0.1142558135726418,0.7247337832176965,0.81467186386962,0.6328918340630386,0.8883265110090668,0.06247828117355669,-0.11425581357264203,-,"H1,H2,CAGR"
A,ETF,ETFk24d08,U56,10.0,2W,1,1,False,2.921588026631616,0.055768590567779164,0.7821634300297643,-0.11768857258163579,0.697306320468268,0.8670115146704183,0.6152087313774101,0.9296646535245809,0.06520586305834697,-0.10639133793156141,-,"H1,CAGR"
A,ETF,ETFk24d08,U56,10.0,2W,1,2,False,2.8934920727554374,0.05494351555330068,0.765515600330158,-0.1201293080198712,0.680796440725247,0.8489700931204618,0.5904774929021269,0.9175527621643683,0.06529625317908527,-0.10222878949052694,-,"H1,CAGR"
A,ETF,ETFk24d08,U56,10.0,2W,1,3,False,2.9136149050491,0.058801162693008946,0.8121875745894799,-0.11261079931340223,0.7379005226029032,0.8846937603115186,0.653080063794011,0.9489840205084599,0.06828026700533085,-0.10884963686075222,-,"H1,CAGR"
A,ETF,ETFk24d08,U56,10.0,2W,1,4,False,2.8614434324523716,0.0555489707486585,0.7738438145797865,-0.12793339468341836,0.7128337608434795,0.8333304434191012,0.6236355711617453,0.9029227342803603,0.06442793038430428,-0.12062689052075681,-,"H1,H2,CAGR"
A,ETF,ETFk24d08,U56,10.0,M,0,0,True,1.9038670793224806,0.0629878558529624,0.8623932658359402,-0.11485268660735948,0.8786419335537494,0.8457434047939925,0.794513484575237,0.9241112828613144,0.06539926865934076,-0.11485268660735604,-,"H1,CAGR"
A,ETF,ETFk24d08,U56,10.0,M,0,1,False,1.9409311490974177,0.06277978220080294,0.8469259839275528,-0.11783251930751037,0.7956018076565055,0.8988472722312404,0.7276020689150392,0.9544295676826833,0.06885914877159038,-0.11783251930751015,-,"H1,CAGR"
A,ETF,ETFk24d08,U56,10.0,M,0,2,False,1.9509871701449228,0.06150450895499815,0.8249642877674611,-0.12088788512318038,0.7727242209788464,0.8766887066211158,0.7080406952083904,0.9276552932562355,0.06797918779197021,-0.12088788512318027,-,"H1,CAGR"
A,ETF,ETFk24d08,U56,10.0,M,0,3,False,1.9537565563746502,0.05875305749741666,0.777020375995664,-0.15371208008820703,0.7403546096148045,0.8119904981607371,0.6644801754556655,0.8697178656285802,0.06638868504212359,-0.15371208008820703,DD,"H1,H2,OOS,CAGR"
A,ETF,ETFk24d08,U56,10.0,M,0,4,False,1.9177507392138875,0.0569790231457743,0.733107599003748,-0.20029063096442545,0.7259309207123147,0.7427376150194919,0.6465320322414714,0.8000280622894573,0.06475920307341743,-0.20029063096442534,DD,"H1,H2,OOS,CAGR"
A,ETF,ETFk24d08,U56,10.0,6W,0,0,True,1.5969166009254356,0.0661921209339913,0.8882856384257456,-0.1290247808477677,0.7985264983879243,0.9757808076174924,0.7174046958747419,1.0352975589972195,0.07663850556690277,-0.12902478084776758,-,"H1,CAGR"
A,ETF,ETFk24d08,U56,10.0,6W,0,1,False,1.5517684807462886,0.06997049066146244,0.9284047822398876,-0.12278448784947427,0.8207860930490047,1.032486195086806,0.7399386849149681,1.0889641409119053,0.08191635282070209,-0.12278448784947449,-,"H1,CAGR"
A,ETF,ETFk24d08,U56,10.0,6W,0,2,False,1.5022176091016406,0.06810167473082918,0.8909731682106246,-0.13173327904781185,0.843927473216267,0.9356705616334197,0.7743196196192572,0.9865042257539969,0.07623827419558582,-0.13173327904781196,-,"H1,CAGR"
A,ETF,ETFk24d08,U56,10.0,6W,0,3,False,1.5064940455235287,0.06773036669782395,0.9042469691132144,-0.12382142598765644,0.891941161292793,0.916288386695925,0.8218959983351033,0.9731148485085988,0.07281507408558507,-0.12382142598765655,-,"H1,CAGR"
A,ETF,ETFk24d08,U56,10.0,6W,0,4,False,1.5712624951192466,0.06462950901467401,0.8659843933808318,-0.12689985881977595,0.8568430959431872,0.8753949952885656,0.7892360913407023,0.9286398301123141,0.06995645860497945,-0.1268998588197745,-,"H1,CAGR"
A,ETF,ETFk24d08,U56,10.0,6W,1,0,False,1.5481272599696339,0.06564178074962146,0.8919606566702157,-0.11127901102741733,0.8667068788756013,0.9168878409076627,0.7886658331629494,0.9828696392037711,0.07092916084838796,-0.11127901102741722,-,"H1,CAGR"
A,ETF,ETFk24d08,U56,10.0,6W,1,1,False,1.5347328573929373,0.06483385435886113,0.8694370420751552,-0.12667764052085795,0.8532269303658924,0.8851720017964418,0.7789336719589308,0.946988811689051,0.06992403185541418,-0.12667764052085773,-,"H1,CAGR"
A,ETF,ETFk24d08,U56,10.0,6W,1,2,False,1.552028859588466,0.06511772054364395,0.8630980770544368,-0.1274476199434016,0.8338405368902655,0.8912698214478266,0.7498292246057674,0.9578934173890681,0.07237747097513325,-0.12744761994340148,-,"H1,CAGR"
A,ETF,ETFk24d08,U56,10.0,6W,1,3,False,1.5611069157891417,0.06811914473384761,0.892171767022681,-0.1557907225214903,0.8717042695794976,0.9120603988167315,0.7816929609437506,0.9831850855441385,0.07565952956662936,-0.15579072252149018,DD,"H1,CAGR"
A,ETF,ETFk24d08,U56,10.0,6W,1,4,False,1.5369613318872288,0.06314315816509031,0.7971394743404084,-0.20180767826286627,0.8614929249968587,0.7434682662169736,0.7716954629499426,0.8173926231179165,0.06663069507010766,-0.20180767826286627,DD,"H1,H2,OOS,CAGR"
A,ETF,ETFk24d08,U56,10.0,6W,2,0,False,1.5393265026568608,0.060584195887703585,0.7591873878466934,-0.2090569343776829,0.8524204453591133,0.6791811072538131,0.7666277716937776,0.7537178454153819,0.06152138352513359,-0.2090569343776828,"H2,DD","H1,H2,OOS,DD,CAGR"
A,ETF,ETFk24d08,U56,10.0,6W,2,1,False,1.6097161170913707,0.057357767644069746,0.7258163929385069,-0.2085742652333752,0.8139425832390069,0.6493888153989537,0.7292399127016577,0.7233354882039832,0.05830842003369341,-0.2085742652333752,"H2,DD","H1,H2,OOS,DD,CAGR"
A,ETF,ETFk24d08,U56,10.0,6W,2,2,False,1.5390659595729186,0.06276272926558102,0.7816523966507744,-0.20816008630742378,0.8508393210480737,0.724054921744039,0.7675156848692207,0.793140362350208,0.0655195907004964,-0.20816008630742389,DD,"H1,H2,OOS,DD,CAGR"
A,ETF,ETFk24d08,U56,10.0,6W,2,3,False,1.5774942060451742,0.06319810317349606,0.7873935866970623,-0.20848482216169628,0.8578459393521304,0.7282541228351929,0.7872430555963414,0.7879806452081397,0.06489425045375818,-0.20848482216169617,DD,"H1,H2,OOS,DD,CAGR"
A,ETF,ETFk24d08,U56,10.0,6W,2,4,False,1.6184578378934995,0.05971660047334937,0.7493913008437226,-0.20816215153225848,0.8234179955709321,0.6878745661582906,0.7499888750290734,0.7495453697474703,0.06147757141728949,-0.2081621515322587,DD,"H1,H2,OOS,DD,CAGR"
A,ETF,ETFk24d08,U56,10.0,6W,3,0,False,1.6418246884496464,0.05650511269499514,0.7199598936480053,-0.2081621515322588,0.8159274415491732,0.6434943597084459,0.7386690237068535,0.7074821907197344,0.05781978438836122,-0.20816215153225892,"H2,DD","H1,H2,OOS,DD,CAGR"
A,ETF,ETFk24d08,U56,10.0,6W,3,1,False,1.6464157647184265,0.057692728478330624,0.7325830171075471,-0.20801484585341745,0.7874919291269796,0.689690813452772,0.7146715371601138,0.7472569808491656,0.06124819379817903,-0.2080148458534169,DD,"H1,H2,OOS,DD,CAGR"
A,ETF,ETFk24d08,U56,10.0,6W,3,2,False,1.6931222223001854,0.05588004837968974,0.7128468584819541,-0.2078863262288858,0.7765018882720638,0.6627729585529817,0.6918461844453516,0.7298406530694249,0.05960968956972135,-0.20788632622888592,"H2,DD","H1,H2,OOS,DD,CAGR"
A,ETF,ETFk24d08,U56,10.0,6W,3,3,False,1.618395017691483,0.059037906772012594,0.7481336954684427,-0.20848175612349773,0.8041340566102462,0.7039619590976807,0.71783209107843,0.7721329879993986,0.06333196004755037,-0.2084817561234975,DD,"H1,H2,OOS,DD,CAGR"
A,ETF,ETFk24d08,U56,10.0,6W,3,4,False,1.6560374621039036,0.05099150611733494,0.6653178021920003,-0.20975749428720203,0.7373963447303418,0.6051733320406033,0.6513559033838346,0.676632704018867,0.053455558449344576,-0.20975749428720247,"H2,DD","H1,H2,OOS,DD,CAGR"
A,ETF,ETFk24d08,U56,10.0,6W,4,0,False,1.6993338176207509,0.05139850328848228,0.6700254892610414,-0.2062375624165934,0.8295349019205361,0.5377997612900256,0.7494135113978642,0.6115734343266591,0.048345280469873186,-0.2062375624165934,"H2,DD","H1,H2,OOS,DD,CAGR"
A,ETF,ETFk24d08,U56,10.0,6W,4,1,False,1.701168386617395,0.05280409339648928,0.683848076115712,-0.20232571385944764,0.7698116379685982,0.6136461207448488,0.6832286466403994,0.6852766924348638,0.0548431714039983,-0.20232571385944753,"H2,DD","H1,H2,OOS,DD,CAGR"
A,ETF,ETFk24d08,U56,10.0,6W,4,2,False,1.6838596022983519,0.05591022509949428,0.7271797098479528,-0.20787149233165503,0.86620630656808,0.6142823472494504,0.7874538096876018,0.6838284506874125,0.05455432047286557,-0.20787149233165492,"H2,DD","H1,H2,OOS,DD,CAGR"
A,ETF,ETFk24d08,U56,10.0,6W,4,3,False,1.6848143784416163,0.05279501460262015,0.6919922926994184,-0.1907037227019086,0.8685180512537392,0.5448106945643155,0.7947918564182959,0.6156957001635927,0.04824925080265707,-0.19070372270190838,"H2,DD","H1,H2,OOS,CAGR"
A,ETF,ETFk24d08,U56,10.0,6W,4,4,False,1.6768548974185515,0.05173654577970743,0.6771621122540424,-0.21433661394190984,0.8528709396332864,0.5285193599093776,0.7758588555769859,0.6028043710938963,0.047087498429496444,-0.21433661394190928,"H2,DD","H1,H2,OOS,DD,CAGR"
A,ETF,ETFk24d08,U56,10.0,6W,5,0,False,1.6951063422397548,0.05117910742882659,0.6781929025129125,-0.1690997537079444,0.7677461913116621,0.5998487023758006,0.6773361962638715,0.679025771672795,0.05221706691167061,-0.16909975370794406,"H2,DD","H1,H2,OOS,CAGR"
A,ETF,ETFk24d08,U56,10.0,6W,5,1,False,1.6836617714028417,0.05262046410225296,0.6993869128572612,-0.17158427384494146,0.7550464383601211,0.6473639450717781,0.6655443466218323,0.7273882149087565,0.054734531176201084,-0.17158427384494135,"H2,DD","H1,H2,OOS,CAGR"
A,ETF,ETFk24d08,U56,10.0,6W,5,2,False,1.6895483305254042,0.05731037331069766,0.7590145618302183,-0.12056451914782651,0.7059771176166858,0.8105744282606487,0.6271145043815364,0.8721116634441427,0.06548867429257421,-0.12056451914782595,-,"H1,H2,OOS,CAGR"
A,ETF,ETFk24d08,U56,10.0,6W,5,3,False,1.6316793705737371,0.06155652204187634,0.8146883586000914,-0.12832673131081562,0.7272905501232058,0.8984869835942985,0.6546760470933772,0.9494534858345971,0.07195257709594749,-0.12832673131081562,-,"H1,CAGR"
A,ETF,ETFk24d08,U56,10.0,6W,5,4,False,1.6213459150825635,0.06203248547132123,0.8362588742878273,-0.1257119196487161,0.7791358631129819,0.8915203100124421,0.7044788167634471,0.9485255727319248,0.0700518908524077,-0.12571191964871586,-,"H1,CAGR"
A,ETF,ETFk24d08,U56,10.0,Q,0,0,True,1.1431754617214809,0.05100020997722754,0.6283554087370903,-0.24007861419646137,0.7975308202846876,0.48935302538902525,0.7149628421852088,0.5647464506413851,0.047158061307229104,-0.24007861419646115,"H2,DD","H1,H2,OOS,DD,CAGR"
A,ETF,ETFk24d08,U56,10.0,Q,0,1,False,1.168083352088216,0.05189949360150403,0.6375316954839003,-0.22084260474209128,0.7657702396539895,0.5314654163971498,0.6877684314589279,0.6004863693751392,0.05035364444516999,-0.22084260474209183,"H2,DD","H1,H2,OOS,DD,CAGR"
A,ETF,ETFk24d08,U56,10.0,Q,0,2,False,1.1520620330175437,0.053660932946279605,0.660153341824879,-0.2206246595365895,0.7617414170448207,0.5787969765559053,0.6897490756535467,0.6393618947716188,0.05396943372640295,-0.22062465953658938,"H2,DD","H1,H2,OOS,DD,CAGR"
A,ETF,ETFk24d08,U56,10.0,Q,0,3,False,1.1372031571080319,0.057796724898345087,0.7150260808650913,-0.22042974900272194,0.8526802485767746,0.6095150356765652,0.7775122625083082,0.6725526836090316,0.05705687254665204,-0.2204297490027214,"H2,DD","H1,H2,OOS,DD,CAGR"
A,ETF,ETFk24d08,U56,10.0,Q,0,4,False,1.1558063829018197,0.052252964685590486,0.6443617957468292,-0.24528937159913455,0.821342076657892,0.5114906185090484,0.7482131202448608,0.5747199736609196,0.04903133913557278,-0.24528937159913622,"H2,DD","H1,H2,OOS,DD,CAGR"
A,ETF,ETFk24d09,U56,10.0,D,0,0,True,8.640355454680869,0.047737259561624557,0.8137460387081282,-0.08884320353927011,0.7421582967896565,0.8806696201173135,0.6117473946338713,0.9750788492770549,0.058707882775729914,-0.0825141565405828,-,"H1,CAGR"
A,ETF,ETFk24d09,U56,10.0,2D,0,0,True,5.965556282864622,0.050526314904833614,0.8552442215374415,-0.08856333099745395,0.8071470809791104,0.9006552394514478,0.6764310338457886,0.9973964054100727,0.06051285985305066,-0.08856333099745395,-,"H1,CAGR"
A,ETF,ETFk24d09,U56,10.0,2D,1,0,False,6.010468657817757,0.04989158675541594,0.842782674123984,-0.08321719132384908,0.7555190536223113,0.9240315689203176,0.633578879109279,1.0096192823876002,0.061389221801873894,-0.08114437139249575,-,"H1,CAGR"
A,ETF,ETFk24d09,U56,10.0,W,0,0,True,3.7577182447400252,0.05098971407405317,0.8585846658743603,-0.10039847216881415,0.7616268643623393,0.9477611771882651,0.6451383369737795,1.0258243582110125,0.06309793971594879,-0.1003984721688147,-,"H1,CAGR"
A,ETF,ETFk24d09,U56,10.0,W,0,1,False,3.763236629073356,0.05436997950087541,0.9058544757467651,-0.10380435275614763,0.8204335653291545,0.9853562475133802,0.6976649343563863,1.0713475574541063,0.0661069428973382,-0.10380435275614808,-,"H1,CAGR"
A,ETF,ETFk24d09,U56,10.0,W,0,2,False,3.7373033072432866,0.05527441632349195,0.9058306053767398,-0.09302748720827414,0.8152443179629629,0.9891077974438731,0.6969931430698052,1.0683691211466932,0.06771886500611668,-0.08509583397792364,-,"H1,CAGR"
A,ETF,ETFk24d09,U56,10.0,W,0,3,False,3.6836769904097157,0.05580273896089727,0.917855975368037,-0.08316561145228174,0.8591769278496438,0.9730400412125477,0.7500693851155905,1.051523006776485,0.06553260482215739,-0.08316561145228185,-,"H1,CAGR"
A,ETF,ETFk24d09,U56,10.0,W,0,4,False,3.6701365885463626,0.05174739458620414,0.8618839601244432,-0.103096913178783,0.7452872545264578,0.9700372724395497,0.6296661800984975,1.0473232894934896,0.06461384419912264,-0.07946054355931731,-,"H1,CAGR"
A,ETF,ETFk24d09,U56,10.0,2W,0,0,True,2.7081708962947624,0.051664375064353285,0.8435754709692659,-0.12233327383132897,0.7749939772600231,0.9071941266768484,0.6642785367242529,0.9838979395571553,0.062381407114862286,-0.12233327383132941,-,"H1,CAGR"
A,ETF,ETFk24d09,U56,10.0,2W,0,1,False,2.6226716786254576,0.05531093265685372,0.8893866282335212,-0.12090072135198804,0.8769837313080618,0.9036183423131401,0.761802087582784,0.9882044780637441,0.06385394630567509,-0.12090072135198815,-,"H1,CAGR"
A,ETF,ETFk24d09,U56,10.0,2W,0,2,False,2.589584928968946,0.05731361996709761,0.895197186130271,-0.14276114420170705,0.9269163890918835,0.8754850916548567,0.8172298743887086,0.9548065573390291,0.06468525814759118,-0.14276114420170694,DD,"H1,CAGR"
A,ETF,ETFk24d09,U56,10.0,2W,0,3,False,2.6409754112798454,0.05537895597412512,0.894306153916222,-0.11105098693205784,0.8984104672222022,0.8937831141583651,0.7924317067596786,0.9735360568676116,0.06247216838835001,-0.11105098693205795,-,"H1,CAGR"
A,ETF,ETFk24d09,U56,10.0,2W,0,4,False,2.657528229179995,0.0480633850897052,0.7786459630010161,-0.12264826218057756,0.7054384401365916,0.8457713452191697,0.5872885642022561,0.925613372739154,0.05976981418760463,-0.12264826218057812,-,"H1,CAGR"
A,ETF,ETFk24d09,U56,10.0,2W,1,0,False,2.5824385196782123,0.05578943185057561,0.9274568551174766,-0.09261958337935672,0.7980020740965982,1.0465112002435129,0.6763552432386202,1.1254878539644084,0.06997882751039186,-0.09258081053151257,-,"H1,CAGR"
A,ETF,ETFk24d09,U56,10.0,2W,1,1,False,2.5493573690977973,0.05886748382846352,0.9695117148742629,-0.0936552542927841,0.8148559694527523,1.1138488796506503,0.6958516302820263,1.1903381150057384,0.07396918890092197,-0.09365525429278387,-,"H1,CAGR"
A,ETF,ETFk24d09,U56,10.0,2W,1,2,False,2.59121044984284,0.05551599054164447,0.901177975983329,-0.08309179302048042,0.8114017904217735,0.9842676741034727,0.689205659795274,1.0684774807240272,0.06793199959011953,-0.08309179302047998,-,"H1,CAGR"
A,ETF,ETFk24d09,U56,10.0,2W,1,3,False,2.6100885237914544,0.05543476177508988,0.8884135633937373,-0.09902492827806919,0.7672285998573124,1.0002467472859327,0.6557489365998862,1.0733369792222485,0.06897993087309406,-0.09902492827806963,-,"H1,CAGR"
A,ETF,ETFk24d09,U56,10.0,2W,1,4,False,2.5871807679849237,0.054570817670666294,0.8894150222193149,-0.09997995826772788,0.7549718294394128,1.0133820946596541,0.6488644112618199,1.0807121772709096,0.06828711171283164,-0.09749587440629681,-,"H1,CAGR"
A,ETF,ETFk24d09,U56,10.0,M,0,0,True,1.7228335005272069,0.05933503910858495,0.9420527497752761,-0.11544199128306021,0.907564713082869,0.9751637097657928,0.789475237424594,1.0645114094487638,0.06844032834051528,-0.11544199128305987,-,"H1,CAGR"
A,ETF,ETFk24d09,U56,10.0,M,0,1,False,1.7643179185402618,0.05865720433201571,0.928760435250477,-0.1116282263155447,0.8123014902214631,1.0390443828915512,0.7040816222061514,1.1135006624544788,0.07126895675027156,-0.11162822631554503,-,"H1,CAGR"
A,ETF,ETFk24d09,U56,10.0,M,0,2,False,1.8185825166613165,0.05766981316643793,0.8862400826407225,-0.13646897045725226,0.8464228382395631,0.9247943241378195,0.7403656102045355,0.9981811927864886,0.06788813977982455,-0.1364689704572526,-,"H1,CAGR"
A,ETF,ETFk24d09,U56,10.0,M,0,3,False,1.7977675075736015,0.05547350212490265,0.8374044667965262,-0.15911576629882695,0.7937731499544173,0.8800190431509471,0.6860595600800501,0.9503799955677485,0.06690072863100793,-0.1591157662988273,DD,"H1,CAGR"
A,ETF,ETFk24d09,U56,10.0,M,0,4,False,1.7252899024676533,0.05614961966310017,0.8495518899998045,-0.16665765947742228,0.8052297188879517,0.8941138000318785,0.7029222475102902,0.9571419434085632,0.06809182692507187,-0.16665765947742217,DD,"H1,CAGR"
A,ETF,ETFk24d09,U56,10.0,6W,0,0,True,1.4845184950753765,0.060640925046938854,0.9464727278024194,-0.12169785306830683,0.8049365820967279,1.0746348974401516,0.6948244569698444,1.1418937658099515,0.07622712058039727,-0.12169785306830705,-,"H1,CAGR"
A,ETF,ETFk24d09,U56,10.0,6W,0,1,False,1.4213450076636198,0.06590554954116179,1.0153226859998967,-0.12394717873869032,0.894245026101438,1.1246649567380353,0.7893824173915114,1.1874968383807882,0.08099122042529139,-0.12394717873869054,-,"H1,CAGR"
A,ETF,ETFk24d09,U56,10.0,6W,0,2,False,1.3785190860535346,0.0645778042380234,0.9700152941092334,-0.1457202653509604,0.8988275821672224,1.0375109989155908,0.7940170449967492,1.0989273726734086,0.07882949393803274,-0.1457202653509605,DD,"H1,CAGR"
A,ETF,ETFk24d09,U56,10.0,6W,0,3,False,1.3900202750110155,0.06503549431778888,0.9988402232389155,-0.12716552167688588,0.9561545491753712,1.0411142954465107,0.8555645147413247,1.107422367762471,0.07600832753197939,-0.12716552167688577,-,"H1,CAGR"
A,ETF,ETFk24d09,U56,10.0,6W,0,4,False,1.4651224141295824,0.060657921227582845,0.9349816843128022,-0.137239560310356,0.906461529203323,0.9669307857818544,0.8022869358991961,1.0335820598550487,0.07180962385700584,-0.1372395603103559,-,"H1,CAGR"
A,ETF,ETFk24d09,U56,10.0,6W,1,0,False,1.423467967472503,0.062277346838727876,0.9816401512306677,-0.1291018873802513,0.8853813232668958,1.0706262633947512,0.7716234250259679,1.1468183119939395,0.07518289765785835,-0.1291018873802513,-,"H1,CAGR"
A,ETF,ETFk24d09,U56,10.0,6W,1,1,False,1.4192073523862991,0.06340214715310966,1.002457444656262,-0.12416393962977401,0.8889482767405803,1.1072735577648134,0.7697787019347412,1.1862095787178133,0.07743167001812679,-0.12416393962977412,-,"H1,CAGR"
A,ETF,ETFk24d09,U56,10.0,6W,1,2,False,1.4371969518736514,0.06112439045930884,0.9335768479693589,-0.14091060638168718,0.8525541052028041,1.0079856196896662,0.729785732868139,1.087963423831004,0.07505900870901461,-0.14091060638168718,DD,"H1,CAGR"
A,ETF,ETFk24d09,U56,10.0,6W,1,3,False,1.4632561410432523,0.06276064109574953,0.9417276648170105,-0.1625312707295461,0.9184032145163459,0.9679389729325469,0.8006696523474665,1.0476706457964575,0.07404003356347455,-0.16253127072954632,DD,"H1,CAGR"
A,ETF,ETFk24d09,U56,10.0,6W,1,4,False,1.4568002749313658,0.05949856890020677,0.8854726289213988,-0.1692869517949983,0.8776498563961893,0.898680381109526,0.7578296142324124,0.9811831626892521,0.07002367312207891,-0.1692869517949982,DD,"H1,CAGR"
A,ETF,ETFk24d09,U56,10.0,6W,2,0,False,1.468443887488447,0.0573849438669769,0.8576515948958533,-0.16419038652117102,0.8488559918714944,0.8703757294806724,0.7297846844903844,0.9544458246566226,0.06732827416854259,-0.16419038652117102,DD,"H1,CAGR"
A,ETF,ETFk24d09,U56,10.0,6W,2,1,False,1.509215727702688,0.05731988159667689,0.8590321017872098,-0.16298760219021013,0.870330787816182,0.8539412038971304,0.7500623797434514,0.9423813385191865,0.06588892063112217,-0.16298760219021025,DD,"H1,CAGR"
A,ETF,ETFk24d09,U56,10.0,6W,2,2,False,1.419749643396235,0.06015341935280527,0.8964709782232773,-0.16272419664765936,0.8936548801928886,0.904707289563159,0.7738129028280176,0.9893165438423405,0.07005025194113479,-0.16272419664765925,DD,"H1,CAGR"
A,ETF,ETFk24d09,U56,10.0,6W,2,3,False,1.4536166359538418,0.061085047387423375,0.911852788018145,-0.16301473605463557,0.9254388539278185,0.9059738849851497,0.8069532108187267,0.9918018217414412,0.0698910387697167,-0.16301473605463568,DD,"H1,CAGR"
A,ETF,ETFk24d09,U56,10.0,6W,2,4,False,1.4655871245068763,0.05992780935783393,0.8975443062840223,-0.16244765064915956,0.8662903738355775,0.9296596636322259,0.7452112283073064,1.0125357831087545,0.07137279140462693,-0.16244765064915945,DD,"H1,CAGR"
A,ETF,ETFk24d09,U56,10.0,6W,3,0,False,1.5072957973645538,0.057883602167091874,0.879047471334898,-0.16244765064915967,0.8719529324498395,0.8928857906442454,0.7438576999857824,0.9793754106556819,0.06897085265377845,-0.16244765064915956,DD,"H1,CAGR"
A,ETF,ETFk24d09,U56,10.0,6W,3,1,False,1.476207558378611,0.06143233104368684,0.9225071527575195,-0.1625153559793473,0.9150724019238714,0.9377254922513446,0.7919101909909553,1.019385343243219,0.07283048798850311,-0.16251535597934696,DD,"H1,CAGR"
A,ETF,ETFk24d09,U56,10.0,6W,3,2,False,1.5011399388233555,0.05908550235968235,0.8891298106674291,-0.1622899630390744,0.8909879770699338,0.896621609450839,0.7676665144900745,0.9793486083108494,0.06981583196970198,-0.16228996303907417,DD,"H1,CAGR"
A,ETF,ETFk24d09,U56,10.0,6W,3,3,False,1.4618497193520217,0.06064916911739693,0.90289756264363,-0.16292125306281358,0.8794653314639083,0.9298863134903621,0.7565058772882063,1.0118054086293606,0.072495306008173,-0.16292125306281335,DD,"H1,CAGR"
A,ETF,ETFk24d09,U56,10.0,6W,3,4,False,1.520319003136896,0.05578811303476061,0.8529724131942227,-0.1646229026433288,0.8703444905450771,0.8467140871026124,0.7527645669357299,0.9281532496271439,0.06481671938809863,-0.16462290264332902,DD,"H1,CAGR"
A,ETF,ETFk24d09,U56,10.0,6W,4,0,False,1.5589209038242855,0.054381304205529446,0.829133250646269,-0.16413713758459725,0.9133990539542907,0.7700570775036862,0.7965960096961353,0.8561956700883346,0.06001454538306672,-0.16413713758459714,DD,"H1,H2,OOS,CAGR"
A,ETF,ETFk24d09,U56,10.0,6W,4,1,False,1.5118534945694186,0.054415054375426264,0.8254321161183005,-0.16086816773573143,0.8808895608719145,0.7878299604582925,0.75447269383042,0.8795899374885997,0.06180687756366021,-0.16086816773573132,DD,"H1,H2,OOS,CAGR"
A,ETF,ETFk24d09,U56,10.0,6W,4,2,False,1.523603161625585,0.05556018177822586,0.8389821044149114,-0.16383519013999925,0.8743931301813035,0.818861233431116,0.7560402776905911,0.9016797992586151,0.0639209533668994,-0.16383519013999848,DD,"H1,H2,CAGR"
A,ETF,ETFk24d09,U56,10.0,6W,4,3,False,1.5227365963682646,0.05396585387568864,0.8253130726455605,-0.14833956609397858,0.9101156009578661,0.7646605693319501,0.7919513364304048,0.8527585867280135,0.05944598972673276,-0.14833956609397936,DD,"H1,H2,OOS,CAGR"
A,ETF,ETFk24d09,U56,10.0,6W,4,4,False,1.5181476519004333,0.05049643870473197,0.767385574666667,-0.15942828934053843,0.8818796350925732,0.6791843519573701,0.7637647093798509,0.7726222271593058,0.053670980135519075,-0.15942828934053954,"H2,DD","H1,H2,OOS,CAGR"
A,ETF,ETFk24d09,U56,10.0,6W,5,0,False,1.528695856913759,0.053178662141894595,0.826910691268256,-0.13135248142767342,0.8714789375134562,0.7957389513249183,0.7466970727922405,0.8879942992945193,0.060370915424796445,-0.13135248142767342,-,"H1,H2,CAGR"
A,ETF,ETFk24d09,U56,10.0,6W,5,1,False,1.5252602754347735,0.058170250782059396,0.9051275081041718,-0.13400765916219404,0.8759082164059765,0.9343371100427093,0.7570720902602268,1.0194574931315388,0.0682291524077645,-0.13400765916219426,-,"H1,CAGR"
A,ETF,ETFk24d09,U56,10.0,6W,5,2,False,1.5277421099897996,0.06166223177337815,0.958947546887531,-0.09574951188165348,0.8576374682749344,1.0522271875642462,0.7370213432064778,1.1332982408296777,0.0754052973099677,-0.09574951188165337,-,"H1,CAGR"
A,ETF,ETFk24d09,U56,10.0,6W,5,3,False,1.4458317875037876,0.0640254645450482,0.9875903581820524,-0.10013007317352052,0.8130354146647538,1.1458903648186312,0.7013384654047823,1.2116122739753326,0.0816374140340197,-0.10013007317352018,-,"H1,CAGR"
A,ETF,ETFk24d09,U56,10.0,6W,5,4,False,1.511815609611474,0.06113691853306613,0.9670936422927165,-0.09740793835709338,0.8130597717207148,1.1078458939818183,0.7056550103239817,1.1731746360864028,0.07672884652318013,-0.09740793835709294,-,"H1,CAGR"
A,ETF,ETFk24d09,U56,10.0,Q,0,0,True,1.108445688464887,0.04610955922372173,0.6586014129818615,-0.218005725375905,0.8248600530094501,0.5368666185475501,0.7197006112696254,0.6205396398208348,0.046340179305521145,-0.2180057253759049,"H2,DD","H1,H2,OOS,DD,CAGR"
A,ETF,ETFk24d09,U56,10.0,Q,0,1,False,1.1486396728758705,0.0461031000605594,0.6579352772809445,-0.21833401928386176,0.8188493741169907,0.5413998273963265,0.7090933695309722,0.6273719795952004,0.04706939143591815,-0.2183340192838613,"H2,DD","H1,H2,OOS,DD,CAGR"
A,ETF,ETFk24d09,U56,10.0,Q,0,2,False,1.125489677207387,0.048393037912671355,0.6808599625983393,-0.21800597619930606,0.8108675649089206,0.5900338226817071,0.7086969810116012,0.6668133013952907,0.05097565877648247,-0.21800597619930573,"H2,DD","H1,H2,OOS,DD,CAGR"
A,ETF,ETFk24d09,U56,10.0,Q,0,3,False,1.0964205311813928,0.052473369690478666,0.7523852473169219,-0.21788802538355845,0.933878222286895,0.6336399845901572,0.8304714710849975,0.71038216459044,0.05409409580618707,-0.21788802538355878,"H2,DD","H1,H2,OOS,DD,CAGR"
A,ETF,ETFk24d09,U56,10.0,Q,0,4,False,1.0903209464742205,0.04942782597669071,0.7159930041294664,-0.22286577611926883,0.9139184229765758,0.5867079676692187,0.8150749695365332,0.6612676720202868,0.04988367568492369,-0.22286577611926983,"H2,DD","H1,H2,OOS,DD,CAGR"
A,ETF,ETFk24d10,U56,10.0,D,0,0,True,8.901042761904183,0.052932813526277434,0.7733369445212246,-0.10887995810904316,0.7294390579620047,0.8154412069745944,0.6207707760473783,0.9005434606204741,0.06202782384869465,-0.09368144817716251,-,"H1,H2,CAGR"
A,ETF,ETFk24d10,U56,10.0,2D,0,0,True,6.211295364373845,0.05561200912505826,0.8066533481720702,-0.1112290645091848,0.7730588984161921,0.8388558338419083,0.6595456430154648,0.9283741126564183,0.06456424332840549,-0.10488440571050384,-,"H1,CAGR"
A,ETF,ETFk24d10,U56,10.0,2D,1,0,False,6.303386302326403,0.05453265044218947,0.7913230546044688,-0.10768355769149374,0.7192132338732751,0.8599696312618109,0.6154247850359881,0.9369628018313878,0.06526030780066283,-0.09658865638439329,-,"H1,CAGR"
A,ETF,ETFk24d10,U56,10.0,W,0,0,True,3.903432539729365,0.0555949067736925,0.7990123660588745,-0.12211382612828658,0.7415594891083951,0.8532967186320471,0.6411164031090302,0.9277047304740436,0.06561323666432273,-0.1221138261282867,-,"H1,CAGR"
A,ETF,ETFk24d10,U56,10.0,W,0,1,False,3.8006585535736814,0.0608184469894506,0.8658313322955672,-0.12226549441795886,0.8278570210988109,0.902163628418652,0.7221402631425596,0.9843819871662908,0.06977875482230833,-0.12226549441795886,-,"H1,CAGR"
A,ETF,ETFk24d10,U56,10.0,W,0,2,False,3.9121233939145257,0.059465754751320654,0.840981417107122,-0.12081348311897322,0.7426234133268248,0.9332152398684561,0.6361504452504164,1.0076489932485178,0.07266525231573717,-0.09376810980947492,-,"H1,CAGR"
A,ETF,ETFk24d10,U56,10.0,W,0,3,False,3.8817870933016523,0.06088254667735127,0.8617833894545306,-0.10518660449968975,0.8179528300166261,0.9035308163687913,0.7207236160825073,0.977372962364707,0.0698867550098996,-0.09520526443659927,-,"H1,CAGR"
A,ETF,ETFk24d10,U56,10.0,W,0,4,False,3.789844015065516,0.0589674176385282,0.8421709789897502,-0.10491356260533902,0.735221003628628,0.9438038918418564,0.6317891988620327,1.0164654948776426,0.07202207182427789,-0.0929871364839503,-,"H1,CAGR"
A,ETF,ETFk24d10,U56,10.0,2W,0,0,True,2.7339544969342167,0.05857371827039315,0.8165959883027987,-0.14387951967716317,0.7860848337259883,0.8458312688534491,0.6877244257808216,0.921260978335952,0.06714520896427678,-0.14387951967716328,DD,"H1,CAGR"
A,ETF,ETFk24d10,U56,10.0,2W,0,1,False,2.63507872997123,0.061927427490735765,0.8525659667392946,-0.1399397061116855,0.8793113723659431,0.8296859806164953,0.7792043304602291,0.911368310619697,0.06740560640706095,-0.13993970611168527,DD,"H1,H2,CAGR"
A,ETF,ETFk24d10,U56,10.0,2W,0,2,False,2.6885902580346963,0.06343791841868085,0.8588366104380251,-0.14990184185122613,0.8941256578391618,0.8307642634789331,0.7975449641321698,0.9069327849278453,0.06912048100475143,-0.1499018418512258,DD,"H1,H2,CAGR"
A,ETF,ETFk24d10,U56,10.0,2W,0,3,False,2.71280910234153,0.06089604765786327,0.846553067820374,-0.13086528420998256,0.8698334046694398,0.8268733262409588,0.7705016239941938,0.9073890739920991,0.06654398862859301,-0.13086528420998267,-,"H1,H2,CAGR"
A,ETF,ETFk24d10,U56,10.0,2W,0,4,False,2.789504690148041,0.054280802930409155,0.7593956497038673,-0.14403275296589457,0.7279418915367041,0.7895215163447108,0.6262871562963134,0.8649050422421847,0.06360469141814429,-0.14403275296589457,DD,"H1,H2,OOS,CAGR"
A,ETF,ETFk24d10,U56,10.0,2W,1,0,False,2.717088216366535,0.05980152503029301,0.848043300215439,-0.11035161843111307,0.7697935873683495,0.9223124467414496,0.6642265864685228,0.9997753428052194,0.071338799633198,-0.10426460608759902,-,"H1,CAGR"
A,ETF,ETFk24d10,U56,10.0,2W,1,1,False,2.5957689787003617,0.06366866706318541,0.8952381417943882,-0.11136359062991918,0.7937638523327398,0.9923705163200902,0.6894855183964749,1.0674242758944492,0.07641231777206836,-0.11136359062991918,-,"H1,CAGR"
A,ETF,ETFk24d10,U56,10.0,2W,1,2,False,2.636329377084096,0.060902848120647946,0.8511401784019121,-0.11131897294237769,0.7706101851840259,0.9277664653729736,0.662103703215272,1.0078343630637023,0.0728726590919051,-0.09189275241370831,-,"H1,CAGR"
A,ETF,ETFk24d10,U56,10.0,2W,1,3,False,2.6986710718620124,0.0623541624532149,0.8601558231396718,-0.11292150421962721,0.7613400286370269,0.9539760996467208,0.6620521815466346,1.0243234291577024,0.07508936335477867,-0.10770685808455538,-,"H1,CAGR"
A,ETF,ETFk24d10,U56,10.0,2W,1,4,False,2.612984227481343,0.06090535180953638,0.8506668017663742,-0.12801768372771938,0.7268096487556129,0.9690037501338575,0.6275043417398445,1.0373267223802212,0.07491817865986716,-0.10837034048606731,-,"H1,CAGR"
A,ETF,ETFk24d10,U56,10.0,M,0,0,True,1.8311861202533817,0.06572796244112866,0.9007397581849832,-0.12440823245072208,0.9015102500429296,0.90001243438611,0.7950359362917613,0.9906540592302027,0.07182441786499782,-0.12440823245072197,-,"H1,CAGR"
A,ETF,ETFk24d10,U56,10.0,M,0,1,False,1.8084314559061219,0.06787730254245372,0.9197973135794587,-0.13293103336403267,0.8500543811009018,0.9875608053600015,0.7559938313689919,1.0596681366321683,0.07784793125534195,-0.13293103336403223,-,"H1,CAGR"
A,ETF,ETFk24d10,U56,10.0,M,0,2,False,1.862779927735013,0.0658367951077441,0.8813862501111294,-0.14709569569487668,0.8403473178295173,0.9204373644148583,0.7445793368052458,0.9923521549202524,0.07537480556766729,-0.1470956956948768,DD,"H1,CAGR"
A,ETF,ETFk24d10,U56,10.0,M,0,3,False,1.8106287459386963,0.06442705266284587,0.8407562152473096,-0.18193682434741065,0.8233526600899005,0.8591638903551212,0.7230756084160945,0.9324421467611018,0.07409607146680974,-0.18193682434741065,DD,"H1,CAGR"
A,ETF,ETFk24d10,U56,10.0,M,0,4,False,1.7635300868492596,0.06348186445120318,0.8201980973927755,-0.20374679965872955,0.8060438417444223,0.8374930000193331,0.706550770314461,0.9063750754060987,0.07398018056699085,-0.20374679965872966,DD,"H1,DD,CAGR"
A,ETF,ETFk24d10,U56,10.0,6W,0,0,True,1.5184427562730527,0.06762128490578267,0.9038826124963428,-0.14342752291648475,0.7970569064774803,1.0030411329062543,0.6951827418203669,1.0718373144373388,0.08218923011767854,-0.14342752291648508,DD,"H1,CAGR"
A,ETF,ETFk24d10,U56,10.0,6W,0,1,False,1.437892781520352,0.07290948225574412,0.9610684868721133,-0.1451266443264232,0.868230758602822,1.0468512977897668,0.7678602831099258,1.1140845200847365,0.0871611190059427,-0.14512664432642297,DD,"H1,CAGR"
A,ETF,ETFk24d10,U56,10.0,6W,0,2,False,1.4498181667835865,0.0721800112247113,0.9416896193860629,-0.1577440175410486,0.888301742462916,0.9923273758769892,0.7978104546965128,1.0524169305036535,0.08428742585909488,-0.1577440175410486,DD,"H1,CAGR"
A,ETF,ETFk24d10,U56,10.0,6W,0,3,False,1.4198991762205344,0.07169208462026178,0.9511768604987817,-0.14612141259363098,0.9499617065917597,0.9548721625837997,0.858048344052645,1.0247212563783485,0.07937050782530486,-0.14612141259363043,DD,"H1,CAGR"
A,ETF,ETFk24d10,U56,10.0,6W,0,4,False,1.4501844608891439,0.06956674740622937,0.927515354031705,-0.1485882445741855,0.9127120847694756,0.9443090917774617,0.8257901521070946,1.0064113268697488,0.07846203281326258,-0.14858824457418518,DD,"H1,CAGR"
A,ETF,ETFk24d10,U56,10.0,6W,1,0,False,1.4412607409325624,0.07090806075629374,0.9632653612405238,-0.12963050903527285,0.897344335365201,1.026789925372516,0.7983928421005122,1.1023332129053462,0.08115956653405099,-0.1296305090352734,-,"H1,CAGR"
A,ETF,ETFk24d10,U56,10.0,6W,1,1,False,1.4689044827874569,0.069373512760599,0.9335758016368293,-0.14213105544886528,0.8652937440195817,0.9983750731452035,0.7624786422896436,1.0745384702626581,0.08075242378780811,-0.14213105544886517,DD,"H1,CAGR"
A,ETF,ETFk24d10,U56,10.0,6W,1,2,False,1.4986177346295033,0.06738192003927068,0.8959153967486252,-0.1503306338755498,0.8468491993257081,0.9422687834416343,0.7371942853752976,1.0226316610115425,0.07889946283919214,-0.15033063387555,DD,"H1,CAGR"
A,ETF,ETFk24d10,U56,10.0,6W,1,3,False,1.5049360369289408,0.07002391713188838,0.9090683429589096,-0.18449684005797107,0.9072048744853167,0.9139403827192031,0.7990798347812017,0.994889208805787,0.07937032164669056,-0.18449684005797162,DD,"H1,CAGR"
A,ETF,ETFk24d10,U56,10.0,6W,1,4,False,1.4572226374542208,0.06772477420176948,0.8601403427234801,-0.20505877785601345,0.9061463684369114,0.8245861881265574,0.7980298453947957,0.9084500673265892,0.07444198895554788,-0.20505877785601367,DD,"H1,H2,DD,CAGR"
A,ETF,ETFk24d10,U56,10.0,6W,2,0,False,1.4643202182526311,0.0642223929704464,0.8116539384370073,-0.21291175449789346,0.8739097685129508,0.7623603461633717,0.7727550606620289,0.8422587368564759,0.06934360732493494,-0.21291175449789312,DD,"H1,H2,OOS,DD,CAGR"
A,ETF,ETFk24d10,U56,10.0,6W,2,1,False,1.5000106960339448,0.06341065884631214,0.8100975783782258,-0.21167307125367196,0.9013793987397525,0.7359436806839728,0.8019443499683837,0.817430960549205,0.06642144105234915,-0.21167307125367218,DD,"H1,H2,OOS,DD,CAGR"
A,ETF,ETFk24d10,U56,10.0,6W,2,2,False,1.4232895863181962,0.06637214282703141,0.8326815196414827,-0.21169918489599326,0.9009601937367901,0.7801771825767304,0.8007215789769364,0.858192414270296,0.07155426654235053,-0.2116991848959935,DD,"H1,H2,OOS,DD,CAGR"
A,ETF,ETFk24d10,U56,10.0,6W,2,3,False,1.4578692363950163,0.0679613712696483,0.8556915617369087,-0.2118549575746156,0.9394682601645843,0.7902387459127587,0.8430431878898448,0.8668481467091426,0.07192333580479282,-0.21185495757461514,DD,"H1,H2,OOS,DD,CAGR"
A,ETF,ETFk24d10,U56,10.0,6W,2,4,False,1.5072385465806992,0.06544427687969989,0.8304864870006009,-0.21150701033484298,0.8988297245806961,0.7779439529819805,0.8013505300280164,0.853893383039422,0.07038579476872964,-0.2115070103348431,DD,"H1,H2,OOS,DD,CAGR"
A,ETF,ETFk24d10,U56,10.0,6W,3,0,False,1.5479938079709388,0.06344526925547034,0.8142825849440285,-0.21150701033484287,0.8788627535126686,0.7678001892528297,0.7758547818935382,0.8448586679422194,0.06961541543056038,-0.2115070103348431,DD,"H1,H2,OOS,DD,CAGR"
A,ETF,ETFk24d10,U56,10.0,6W,3,1,False,1.5051744008137355,0.06663276883281699,0.8470922137016949,-0.21152037874413432,0.8883822277199246,0.8205018086039483,0.7879817810793962,0.8928113205982308,0.0744969129475821,-0.21152037874413465,DD,"H1,H2,DD,CAGR"
A,ETF,ETFk24d10,U56,10.0,6W,3,2,False,1.522931914815958,0.06387823934453274,0.8161295993510342,-0.2114248682245614,0.8508725315271582,0.7942631316904153,0.7460835406998488,0.8696826361952914,0.07215557446728438,-0.21142486822456175,DD,"H1,H2,OOS,DD,CAGR"
A,ETF,ETFk24d10,U56,10.0,6W,3,3,False,1.501991032020184,0.06675160134851721,0.845995520019566,-0.21199414152461682,0.8653853511074882,0.8363801786993659,0.7626168985119901,0.9094793601533708,0.07590186212086936,-0.2119941415246167,DD,"H1,DD,CAGR"
A,ETF,ETFk24d10,U56,10.0,6W,3,4,False,1.5589175635006571,0.058673249580784015,0.7638919881729149,-0.21250633084989234,0.8059033643969883,0.7336661819022177,0.704874255483487,0.8093897592258169,0.0653176608781798,-0.21250633084989223,DD,"H1,H2,OOS,DD,CAGR"
A,ETF,ETFk24d10,U56,10.0,6W,4,0,False,1.5820213151277767,0.05858977183243663,0.7631377228021706,-0.2090022846154268,0.8930233007730896,0.6629798453780443,0.7898822999982025,0.7463964564135126,0.06033313644958094,-0.20900228461542725,"H2,DD","H1,H2,OOS,DD,CAGR"
A,ETF,ETFk24d10,U56,10.0,6W,4,1,False,1.56444429336235,0.05983958516482146,0.7750358371990784,-0.19907452431229855,0.8576034852659516,0.7117082571639326,0.7445118421127515,0.7995222950568835,0.0648981106142319,-0.19907452431229888,DD,"H1,H2,OOS,CAGR"
A,ETF,ETFk24d10,U56,10.0,6W,4,2,False,1.5503186186567073,0.06293538975302604,0.8166234439959279,-0.20446840113787768,0.895466148537574,0.7587895846377212,0.7859814718362174,0.841610054461856,0.0686223098100609,-0.20446840113787712,DD,"H1,H2,OOS,DD,CAGR"
A,ETF,ETFk24d10,U56,10.0,6W,4,3,False,1.5142489283932667,0.06199733657501305,0.8105478415202542,-0.19068761742337215,0.9299673607894028,0.7192656946161644,0.8161786813696768,0.8092462187313324,0.06530632896647504,-0.19068761742337215,DD,"H1,H2,OOS,CAGR"
A,ETF,ETFk24d10,U56,10.0,6W,4,4,False,1.5279559917762597,0.05663945822291483,0.7414275176649684,-0.20854526199402657,0.9156115428987752,0.6028800436617038,0.8022225974405455,0.6992018640779109,0.055843870561189,-0.20854526199402712,"H2,DD","H1,H2,OOS,DD,CAGR"
A,ETF,ETFk24d10,U56,10.0,6W,5,0,False,1.5591839299700907,0.05704004269408647,0.7562319048920956,-0.16295249185956184,0.8392788836657628,0.6892408324404042,0.7207964178228722,0.7841400095687762,0.06161657594334535,-0.16295249185956184,DD,"H1,H2,OOS,CAGR"
A,ETF,ETFk24d10,U56,10.0,6W,5,1,False,1.5149910124973245,0.06163655731314743,0.8205208039263221,-0.1667882534328735,0.8541344681538069,0.7922424001116639,0.7416641892662875,0.8831925002029994,0.06791166811378169,-0.1667882534328735,DD,"H1,H2,CAGR"
A,ETF,ETFk24d10,U56,10.0,6W,5,2,False,1.5150192267535236,0.06654723102560567,0.8843342226421885,-0.11644181202327641,0.8309586501269888,0.9349166182826747,0.7235155729077919,1.0159722376074647,0.07754976950025783,-0.11644181202327664,-,"H1,CAGR"
A,ETF,ETFk24d10,U56,10.0,6W,5,3,False,1.5143968260806762,0.069850168421413,0.9219371521163504,-0.11757834301719894,0.8131473369695817,1.0238775989286655,0.7091874709501919,1.0956254478182639,0.08454550442324815,-0.11757834301719905,-,"H1,CAGR"
A,ETF,ETFk24d10,U56,10.0,6W,5,4,False,1.5338562117010326,0.06644992339944689,0.8998324542148548,-0.11361048553851072,0.7815618337386547,1.0115061907033756,0.6797412046637508,1.0815564888894211,0.08097455136532061,-0.11361048553851116,-,"H1,CAGR"
A,ETF,ETFk24d10,U56,10.0,Q,0,0,True,1.1027310398676913,0.05154034767797944,0.6331874581478232,-0.2614664521625495,0.844006137114332,0.4718912298369779,0.7472785134733247,0.5555250841241172,0.047356019921653836,-0.26146645216254905,"H2,DD","H1,H2,OOS,DD,CAGR"
A,ETF,ETFk24d10,U56,10.0,Q,0,1,False,1.1101909951702207,0.0556185956625177,0.6858714071359111,-0.23599327126730463,0.8416502484208901,0.5644059676014163,0.7403887840627236,0.648805396580169,0.055164136056351065,-0.23599327126730496,"H2,DD","H1,H2,OOS,DD,CAGR"
A,ETF,ETFk24d10,U56,10.0,Q,0,2,False,1.0903599894809444,0.05599291388494776,0.6830289252770425,-0.2417882538365549,0.8297609122816388,0.5739630811779568,0.7334402478577015,0.6510168842633871,0.056556803488286844,-0.24178825383655456,"H2,DD","H1,H2,OOS,DD,CAGR"
A,ETF,ETFk24d10,U56,10.0,Q,0,3,False,1.0827321883448888,0.060065253545569464,0.7298335571110208,-0.2612350509885656,0.9329402746353369,0.5879978189616256,0.8327345864105139,0.6672160513468575,0.05898338619528398,-0.26123505098856514,"H2,DD","H1,H2,OOS,DD,CAGR"
A,ETF,ETFk24d10,U56,10.0,Q,0,4,False,1.071654059983543,0.05682239168169256,0.7044343750202278,-0.24547096668926882,0.9088953275698243,0.5581502306081803,0.8120155319297534,0.6369053725222908,0.05488170554895122,-0.24547096668926782,"H2,DD","H1,H2,OOS,DD,CAGR"
A,ETF,ETFk24d11,U56,10.0,D,0,0,True,8.76614195058536,0.045362330610092316,0.674925540785867,-0.1106427914141016,0.6341213815048572,0.7135228297086055,0.5171033700216647,0.8024197487987317,0.055151011902764946,-0.1070810070343945,H1,"H1,H2,OOS,CAGR"
A,ETF,ETFk24d11,U56,10.0,2D,0,0,True,6.042779551400595,0.04882720210846814,0.7199144104298999,-0.11329359110933612,0.68345375420718,0.7545113920981213,0.5640862218301258,0.8452798891613745,0.05867463926685401,-0.11196368403805457,-,"H1,H2,OOS,CAGR"
A,ETF,ETFk24d11,U56,10.0,2D,1,0,False,6.155941913397472,0.04752121665114184,0.6994711388309962,-0.10857562646677543,0.6345111383402554,0.7601473773724506,0.5226659918771852,0.8410952190468888,0.058712784739881174,-0.10815702660570092,H1,"H1,H2,OOS,CAGR"
A,ETF,ETFk24d11,U56,10.0,W,0,0,True,3.758087245755229,0.0504606704333499,0.7375476560908546,-0.12596655991582706,0.665564242285108,0.8040779130784017,0.5565732765422404,0.8798722552858873,0.06234674694602571,-0.12596655991582684,-,"H1,H2,OOS,CAGR"
A,ETF,ETFk24d11,U56,10.0,W,0,1,False,3.7673248956198213,0.05345409162906112,0.7733580078598488,-0.12331988883191425,0.7286492906093451,0.8155985138663477,0.6150798819321963,0.9004834477753252,0.06371268377424277,-0.12331988883191425,-,"H1,H2,CAGR"
A,ETF,ETFk24d11,U56,10.0,W,0,2,False,3.8321385694541585,0.05396034449724629,0.7726010865893573,-0.12676083576761898,0.6888289222404006,0.849860983753384,0.5807691590137899,0.9238106776973011,0.06677496840924468,-0.10278740657790453,-,"H1,CAGR"
A,ETF,ETFk24d11,U56,10.0,W,0,3,False,3.7858725238491275,0.05415426197661111,0.7783350373029125,-0.10651408293108833,0.7325204657024228,0.8215993490211574,0.6269686390477661,0.8998417066179715,0.06407443404218438,-0.0993562523102186,-,"H1,H2,CAGR"
A,ETF,ETFk24d11,U56,10.0,W,0,4,False,3.8141854630789838,0.04990367795129247,0.7244642181512848,-0.11981251815041749,0.6367477076837712,0.8060741299776466,0.5257355191008521,0.8837293411271666,0.06260365264283618,-0.1023260505068816,H1,"H1,H2,CAGR"
A,ETF,ETFk24d11,U56,10.0,2W,0,0,True,2.6383307088256385,0.05459613317006795,0.7728400404228453,-0.1437868377630661,0.696879876438927,0.8432315256018508,0.5909890692395796,0.9170205724731707,0.06683193215380534,-0.1437868377630659,DD,"H1,CAGR"
A,ETF,ETFk24d11,U56,10.0,2W,0,1,False,2.5930227120016682,0.05648191408933645,0.789340916623247,-0.13981824464025705,0.7917534173006853,0.7900264415833623,0.6778666564148239,0.8759585375278607,0.06506155746178521,-0.1398182446402575,DD,"H1,H2,OOS,CAGR"
A,ETF,ETFk24d11,U56,10.0,2W,0,2,False,2.607402289579105,0.05737923584536486,0.7858254972474251,-0.1627082703199888,0.8327039711495752,0.7501925506314789,0.7337259346707116,0.8262862479769318,0.06313069585831177,-0.16270827031998847,DD,"H1,H2,OOS,CAGR"
A,ETF,ETFk24d11,U56,10.0,2W,0,3,False,2.698130104638569,0.053126836318607706,0.754159586199465,-0.1253071306342053,0.7725869962580162,0.7396503434747052,0.6785762662846119,0.8136213300020988,0.05900140813589738,-0.1253071306342054,-,"H1,H2,OOS,CAGR"
A,ETF,ETFk24d11,U56,10.0,2W,0,4,False,2.756214498688652,0.04565625517632621,0.6511644863572116,-0.14776901839725443,0.6099559168829091,0.6897786408900847,0.5052646805820457,0.7640969339953634,0.05588980867278859,-0.14776901839725376,"H1,DD","H1,H2,OOS,CAGR"
A,ETF,ETFk24d11,U56,10.0,2W,1,0,False,2.638381211345624,0.054884178755173485,0.7921024096620043,-0.10913314901014515,0.7024739720504715,0.8752359331328329,0.5904308297783833,0.9525966313002066,0.06801958575909328,-0.10913314901014526,-,"H1,CAGR"
A,ETF,ETFk24d11,U56,10.0,2W,1,1,False,2.65486708879346,0.05634585287300653,0.8053015127663722,-0.10802212812872714,0.6789361105850401,0.9245566566040131,0.5801934151751388,0.9898870505339077,0.07052139995225026,-0.10802212812872702,-,"H1,CAGR"
A,ETF,ETFk24d11,U56,10.0,2W,1,2,False,2.6300743291513147,0.05321696012264887,0.7545709044656321,-0.11059134319186958,0.6726832419842479,0.8307351317046474,0.5647521114840375,0.906501622479978,0.06572608165213101,-0.09513280195152418,-,"H1,H2,CAGR"
A,ETF,ETFk24d11,U56,10.0,2W,1,3,False,2.6656412214444396,0.05530849506193425,0.7706918152600323,-0.1255220137168498,0.6621162672418499,0.8724857038472964,0.5567004653857158,0.9450343942451105,0.06928234470778238,-0.11000045914482759,-,"H1,CAGR"
A,ETF,ETFk24d11,U56,10.0,2W,1,4,False,2.6243073773493713,0.05305083607482808,0.7493854902553638,-0.13504119738501064,0.6326586167026022,0.8576102266081361,0.5256016030025225,0.9292178198093078,0.06767203441557834,-0.1251097859917364,H1,"H1,CAGR"
A,ETF,ETFk24d11,U56,10.0,M,0,0,True,1.769297944072447,0.059862295439157664,0.8337570060859422,-0.12426872722446025,0.7960145899220349,0.8698276635724179,0.6899273779076328,0.9519801068048387,0.06913569214360638,-0.12426872722446036,-,"H1,CAGR"
A,ETF,ETFk24d11,U56,10.0,M,0,1,False,1.770816509204317,0.05967449983910589,0.827469049618271,-0.12671502834890602,0.7531159510673566,0.8985050465005009,0.6564201805447849,0.9697335766913333,0.07051631370864975,-0.12671502834890558,-,"H1,CAGR"
A,ETF,ETFk24d11,U56,10.0,M,0,2,False,1.7943771113632763,0.05691895486584286,0.7712489599162772,-0.14699497705348918,0.7303832020747794,0.809893588880271,0.6390972834209804,0.8756619095209055,0.06660041983850284,-0.14699497705348874,DD,"H1,H2,OOS,CAGR"
A,ETF,ETFk24d11,U56,10.0,M,0,3,False,1.766919366052649,0.054341061390211554,0.7147616178849915,-0.18155057165861554,0.6537603992280941,0.770870349969485,0.5539256138297078,0.8379441555864607,0.06686522260838523,-0.18155057165861577,DD,"H1,H2,OOS,CAGR"
A,ETF,ETFk24d11,U56,10.0,M,0,4,False,1.7591903224027048,0.053398515915711764,0.6929715940553298,-0.2176529853596063,0.6506134995336135,0.7340900674984204,0.5528270578990627,0.7957039014334192,0.06593492705829562,-0.2176529853596061,DD,"H1,H2,OOS,DD,CAGR"
A,ETF,ETFk24d11,U56,10.0,6W,0,0,True,1.4587948701651574,0.060085340699423506,0.81425553296292,-0.14102122041748144,0.6636908749184754,0.955178124606103,0.5634590887534244,1.019040753351217,0.07688699879194205,-0.14102122041748166,DD,"H1,CAGR"
A,ETF,ETFk24d11,U56,10.0,6W,0,1,False,1.4046034370381744,0.06476242828964462,0.8705333721779436,-0.1413328103096042,0.7305254615565127,0.9982362671449035,0.6303623886864093,1.0596200751878078,0.08180361259155622,-0.14133281030960432,DD,"H1,CAGR"
A,ETF,ETFk24d11,U56,10.0,6W,0,2,False,1.4092519086429778,0.06426436380291167,0.8442982712867215,-0.15918229576914267,0.7891262615804181,0.8961388971356031,0.6997061303243353,0.9541369432995978,0.07645831629257738,-0.159182295769143,DD,"H1,CAGR"
A,ETF,ETFk24d11,U56,10.0,6W,0,3,False,1.375872464083275,0.06467971766540859,0.8763351292022316,-0.14149656452499126,0.8295019626184941,0.920627724843607,0.7374385975335053,0.9853216767930276,0.07516168352911468,-0.14149656452499138,DD,"H1,CAGR"
A,ETF,ETFk24d11,U56,10.0,6W,0,4,False,1.4517999700510857,0.06241539173007293,0.8438676980074291,-0.14632959542566126,0.8319818251190668,0.8592011441301998,0.743923644799685,0.919850370938643,0.07171223267560833,-0.14632959542566137,DD,"H1,CAGR"
A,ETF,ETFk24d11,U56,10.0,6W,1,0,False,1.4220392454205208,0.06261836681467248,0.8663951685509353,-0.12868512098965268,0.8039243020026006,0.9254276966634507,0.7033060736251466,0.9989737074085476,0.07346135882344029,-0.12868512098965235,-,"H1,CAGR"
A,ETF,ETFk24d11,U56,10.0,6W,1,1,False,1.4082718261162495,0.06358914847754948,0.8744953070513102,-0.13069783188682105,0.80329748093718,0.9412705177254694,0.7066729984039057,1.0094928439817394,0.07506916714275502,-0.13069783188682083,-,"H1,CAGR"
A,ETF,ETFk24d11,U56,10.0,6W,1,2,False,1.4454400550837998,0.06052449489797884,0.8113271875404974,-0.14984003814583047,0.7769384446588979,0.844438720097401,0.6673331465474494,0.9235550767511442,0.07151653069430286,-0.14984003814583047,DD,"H1,CAGR"
A,ETF,ETFk24d11,U56,10.0,6W,1,3,False,1.4603212909024312,0.06400556353810827,0.8414525346455464,-0.18373232316373234,0.8243357774608593,0.8606992917237476,0.7133446830869703,0.9390236114712781,0.07507543776788905,-0.183732323163732,DD,"H1,CAGR"
A,ETF,ETFk24d11,U56,10.0,6W,1,4,False,1.431590682862434,0.05863263409208419,0.7466466788897375,-0.21865164376477297,0.7977834072692971,0.7126553142797243,0.6876399265100854,0.79193664016886,0.06641198490028466,-0.21865164376477286,DD,"H1,H2,OOS,DD,CAGR"
A,ETF,ETFk24d11,U56,10.0,6W,2,0,False,1.4098691625068984,0.056989246476524036,0.7178950660819124,-0.2267542072378569,0.7764691508146286,0.677175353456449,0.6731096342966101,0.7528849389396016,0.0636148903570728,-0.22675420723785678,"H2,DD","H1,H2,OOS,DD,CAGR"
A,ETF,ETFk24d11,U56,10.0,6W,2,1,False,1.4568815205538397,0.056118410194617274,0.7105797825808657,-0.2257094150713015,0.7831031867352807,0.6579890472291788,0.6762401377018775,0.7379997032425152,0.061874533566187884,-0.22570941507130182,"H2,DD","H1,H2,OOS,DD,CAGR"
A,ETF,ETFk24d11,U56,10.0,6W,2,2,False,1.3925986706141094,0.05919880639432806,0.7453600307402344,-0.22585132394655694,0.8063308620123493,0.7031134501855341,0.7026178166644894,0.779019907973403,0.06587517723411729,-0.22585132394655683,DD,"H1,H2,OOS,DD,CAGR"
A,ETF,ETFk24d11,U56,10.0,6W,2,3,False,1.44648211237119,0.058853674630815034,0.7450463473687855,-0.22614657519552372,0.8251673693910683,0.6870653818075139,0.7255779403440834,0.7620467083522053,0.06393053412622063,-0.2261465751955234,"H2,DD","H1,H2,OOS,DD,CAGR"
A,ETF,ETFk24d11,U56,10.0,6W,2,4,False,1.4470399642319876,0.056916486721334314,0.7232826169739701,-0.22570902888485445,0.7719167819578518,0.6914737095736778,0.6715493995568316,0.7633102809757577,0.06415910137297187,-0.2257090288848541,DD,"H1,H2,OOS,DD,CAGR"
A,ETF,ETFk24d11,U56,10.0,6W,3,0,False,1.473707727641032,0.055083780645314606,0.7057598002543499,-0.22570902888485456,0.772011815964099,0.6624694482211695,0.6698622202511864,0.7349877846713445,0.06174365228384593,-0.22570902888485467,"H2,DD","H1,H2,OOS,DD,CAGR"
A,ETF,ETFk24d11,U56,10.0,6W,3,1,False,1.4965459559924246,0.056525711362673814,0.717988372631965,-0.22562706057494153,0.7730299959807526,0.683111755289494,0.6739215267247236,0.7528580628633974,0.06373544140155785,-0.22562706057494164,"H2,DD","H1,H2,OOS,DD,CAGR"
A,ETF,ETFk24d11,U56,10.0,6W,3,2,False,1.5058468617479768,0.05402401712287275,0.6923537630136483,-0.22550938799999365,0.7574242209190575,0.6500435683966189,0.6464690177678832,0.7284216532603622,0.06124881422404638,-0.22550938799999398,"H2,DD","H1,H2,OOS,DD,CAGR"
A,ETF,ETFk24d11,U56,10.0,6W,3,3,False,1.4523310197195487,0.05661049786694172,0.717471064825335,-0.22608170633440428,0.7741065821451131,0.6798744791152478,0.6649451458458512,0.7580769432562449,0.06403678611959784,-0.22608170633440428,"H2,DD","H1,H2,OOS,DD,CAGR"
A,ETF,ETFk24d11,U56,10.0,6W,3,4,False,1.5107581973516313,0.049645273385762634,0.6531293524487195,-0.22720878340140904,0.7392261202160508,0.5904457094965523,0.6361821542882413,0.6681849630278887,0.05408056617047774,-0.22720878340140893,"H2,DD","H1,H2,OOS,DD,CAGR"
A,ETF,ETFk24d11,U56,10.0,6W,4,0,False,1.529285083135035,0.05059919460009121,0.6637401943116578,-0.2220378565476565,0.8275505254801337,0.5427114434639431,0.7347868536381701,0.6186150869164917,0.05016600021908846,-0.22203785654765618,"H2,DD","H1,H2,OOS,DD,CAGR"
A,ETF,ETFk24d11,U56,10.0,6W,4,1,False,1.504709327386544,0.04957866849554127,0.6487100847014861,-0.21716869826780505,0.7678423682096106,0.5619762039129738,0.6654609017633839,0.6408122186165275,0.05229679449211666,-0.21716869826780538,"H2,DD","H1,H2,OOS,DD,CAGR"
A,ETF,ETFk24d11,U56,10.0,6W,4,2,False,1.5253592929638744,0.051916087021124824,0.6773374735440956,-0.22436880644759027,0.8016925106987264,0.5886382033318853,0.7034861225434659,0.6638548586028614,0.05454322796302091,-0.22436880644759016,"H2,DD","H1,H2,OOS,DD,CAGR"
A,ETF,ETFk24d11,U56,10.0,6W,4,3,False,1.5458971252652178,0.0478680501211417,0.6340806044698204,-0.20327522737837267,0.8120576607390292,0.5012829417894014,0.7213896932237266,0.577566053837044,0.046259411283956275,-0.20327522737837267,"H2,DD","H1,H2,OOS,DD,CAGR"
A,ETF,ETFk24d11,U56,10.0,6W,4,4,False,1.516995816955568,0.04655917978530777,0.6151522181707748,-0.2299216856227323,0.7907475602972028,0.48079829796724033,0.6971850646015518,0.5604726973537768,0.0447137189605844,-0.22992168562273196,"H2,DD","H1,H2,OOS,DD,CAGR"
A,ETF,ETFk24d11,U56,10.0,6W,5,0,False,1.5420180867169766,0.04781122846580477,0.6424929483485448,-0.18068199381919792,0.7486073348706125,0.5615458942933601,0.6400706728027878,0.6467530071381117,0.050932281899410015,-0.18068199381919792,"H2,DD","H1,H2,OOS,CAGR"
A,ETF,ETFk24d11,U56,10.0,6W,5,1,False,1.5271059846832562,0.05210660442754511,0.7015864063820763,-0.1825978104394398,0.7128169674389682,0.694720850582184,0.6085919231773256,0.7735199508064282,0.05978775678448223,-0.18259781043944023,DD,"H1,H2,OOS,CAGR"
A,ETF,ETFk24d11,U56,10.0,6W,5,2,False,1.527157071004014,0.05610285923899072,0.7560667674174905,-0.13186261039994773,0.683653243325375,0.8231802145939249,0.5816897908531505,0.8944195273310509,0.06847868887205233,-0.13186261039994707,-,"H1,H2,CAGR"
A,ETF,ETFk24d11,U56,10.0,6W,5,3,False,1.4632904682634815,0.05929641256062723,0.7902907350281309,-0.1262274615892609,0.6386442841452631,0.9318948189261301,0.5467124412972209,0.9887177066655475,0.07596080370239822,-0.12622746158926046,H1,"H1,CAGR"
A,ETF,ETFk24d11,U56,10.0,6W,5,4,False,1.4734725437868006,0.05814776711908287,0.7917049983343065,-0.1303216557870619,0.6723559529730231,0.9028898412571336,0.5779664075161878,0.9648578896820769,0.07256497851704635,-0.13032165578706223,-,"H1,CAGR"
A,ETF,ETFk24d11,U56,10.0,Q,0,0,True,1.0695552548496154,0.04741618988885499,0.5853255992630888,-0.26248018654437966,0.7618912551667683,0.45527150437905944,0.6669661407555162,0.5327899550119657,0.045735932117670686,-0.26248018654437955,"H2,DD","H1,H2,OOS,DD,CAGR"
A,ETF,ETFk24d11,U56,10.0,Q,0,1,False,1.0985618236734593,0.04630791567628645,0.5759985179976992,-0.25451512086715,0.7582705578393544,0.4414299143210737,0.6546974424730571,0.5256396811760052,0.044822738570939435,-0.2545151208671501,"H2,DD","H1,H2,OOS,DD,CAGR"
A,ETF,ETFk24d11,U56,10.0,Q,0,2,False,1.0759305749454091,0.05083248011729946,0.6247058348945196,-0.24810252673264588,0.7573726713826391,0.5263819259324647,0.6594480451157305,0.6035530202313697,0.052113429151610546,-0.248102526732646,"H2,DD","H1,H2,OOS,DD,CAGR"
A,ETF,ETFk24d11,U56,10.0,Q,0,3,False,1.0341258051761464,0.054307255396768506,0.67161261980588,-0.26222585490641537,0.8748737126334047,0.5391881445108176,0.7810158260429957,0.6104493743973725,0.05377450826871244,-0.2622258549064149,"H2,DD","H1,H2,OOS,DD,CAGR"
A,ETF,ETFk24d11,U56,10.0,Q,0,4,False,1.0481382296364639,0.051484893408568544,0.6451741943784363,-0.26243108199750365,0.8501269748385663,0.5106963724177164,0.7609630161460663,0.5794932823182525,0.050271811642158326,-0.26243108199750365,"H2,DD","H1,H2,OOS,DD,CAGR"
A,ETF,ETFk24d12,U56,10.0,D,0,0,True,9.304738425292745,0.047924554489807036,0.7333878204178796,-0.10295627485588466,0.6217882919398591,0.8410695011663591,0.5120442699115504,0.9200353450563844,0.06049850394347156,-0.08496240335967808,H1,"H1,CAGR"
A,ETF,ETFk24d12,U56,10.0,2D,0,0,True,6.453057175952795,0.05025222309683208,0.764452053679736,-0.10047315508399401,0.6640637393314704,0.8611080438787639,0.5497627806859898,0.9450072971422377,0.06251406296884987,-0.0952433699415891,-,"H1,CAGR"
A,ETF,ETFk24d12,U56,10.0,2D,1,0,False,6.442602829471735,0.050380861513071196,0.7631034526122931,-0.09999039351934014,0.6321326385567823,0.8887280610925578,0.5260435241258159,0.9616809396497895,0.06409708019655813,-0.08563126515871045,H1,"H1,CAGR"
A,ETF,ETFk24d12,U56,10.0,W,0,0,True,3.951411975000487,0.053946179499711366,0.8144711308669977,-0.11304141921390265,0.671653406546008,0.9504382646096922,0.5711592982174178,1.0165335896153664,0.06817640390371515,-0.10991068673667859,-,"H1,CAGR"
A,ETF,ETFk24d12,U56,10.0,W,0,1,False,3.950774495544661,0.05509357828347872,0.8231657435013526,-0.10642943057145615,0.7088623354385826,0.9332840403721437,0.6001907885455003,1.0109907302871544,0.06801281653530422,-0.10642943057145615,-,"H1,CAGR"
A,ETF,ETFk24d12,U56,10.0,W,0,2,False,3.955946779869526,0.05589058776046851,0.8271362641911064,-0.11333019465559935,0.6738780822897175,0.9723457631543383,0.5721846755594969,1.037866771618965,0.07121123015391584,-0.0868749213748139,-,"H1,CAGR"
A,ETF,ETFk24d12,U56,10.0,W,0,3,False,4.05277137844404,0.054727410922853714,0.812787075343795,-0.09625245886890399,0.7212689682726149,0.9005266603689924,0.6231149372354068,0.9714711900221066,0.06582755589793665,-0.09440030613204153,-,"H1,CAGR"
A,ETF,ETFk24d12,U56,10.0,W,0,4,False,3.9948921056297846,0.05287642461805153,0.7924658224089695,-0.11434202094063717,0.6576742629259525,0.921286297964644,0.5536650526058368,0.9916390465394973,0.0668944758903387,-0.08875896022672936,-,"H1,CAGR"
A,ETF,ETFk24d12,U56,10.0,2W,0,0,True,2.8029835376525014,0.05512944446542711,0.8108321648730404,-0.13546657136704965,0.6846682548809094,0.931610915156743,0.5864075058360978,0.9987517005903571,0.06847163895031794,-0.1293725152988522,-,"H1,CAGR"
A,ETF,ETFk24d12,U56,10.0,2W,0,1,False,2.757023436250455,0.057506034503372216,0.8342707097038834,-0.12350679016532307,0.7692946294747994,0.8959601037998765,0.6662262088899158,0.9727410616627674,0.06782651436077214,-0.1235067901653234,-,"H1,CAGR"
A,ETF,ETFk24d12,U56,10.0,2W,0,2,False,2.6981639141480005,0.058490142798731215,0.8316369078896382,-0.14381137267295052,0.8006581417761447,0.8615110299744785,0.7049023699300654,0.9321158362810009,0.06734798421249422,-0.14381137267295085,DD,"H1,CAGR"
A,ETF,ETFk24d12,U56,10.0,2W,0,3,False,2.8496908751411514,0.0537006329061287,0.7863765687400984,-0.11407376000543612,0.7339898192066505,0.8361738646864598,0.6401278684972114,0.9065890849308402,0.06264275226857041,-0.11407376000543601,-,"H1,CAGR"
A,ETF,ETFk24d12,U56,10.0,2W,0,4,False,2.8110137482161215,0.05024834098458153,0.7392220027661699,-0.12832598670383966,0.62721153751081,0.8438590852514346,0.5301621866072416,0.9087517123228837,0.06320328305177791,-0.12832598670383966,H1,"H1,CAGR"
A,ETF,ETFk24d12,U56,10.0,2W,1,0,False,2.773715203638559,0.05718895263039636,0.8510287893778046,-0.10413227883229126,0.6940183738467804,1.0002834420359012,0.5889023118295628,1.0683637290416395,0.07278963376013903,-0.09953710454252185,-,"H1,CAGR"
A,ETF,ETFk24d12,U56,10.0,2W,1,1,False,2.7678852287304108,0.057904253425192787,0.8547334486882646,-0.10138491554928208,0.6975179217129416,1.0066656200598918,0.6008201278921113,1.0693610249542482,0.07280600494427358,-0.10138491554928175,-,"H1,CAGR"
A,ETF,ETFk24d12,U56,10.0,2W,1,2,False,2.709863103234023,0.05597498050648553,0.8212324038819976,-0.10313210102277193,0.6870045398245451,0.9494280002782545,0.5807195522919631,1.0219206436360517,0.0703953838961322,-0.08495150459368028,-,"H1,CAGR"
A,ETF,ETFk24d12,U56,10.0,2W,1,3,False,2.765846898119393,0.05709830944915417,0.8246668415738513,-0.11635892968814188,0.6814540752228885,0.9618786199559638,0.5819096079653087,1.0283117013725804,0.07181368733084503,-0.10805826805252017,-,"H1,CAGR"
A,ETF,ETFk24d12,U56,10.0,2W,1,4,False,2.721640289894927,0.05454026426407643,0.7971250716086232,-0.13097555323914167,0.6545990633509842,0.9325374883599249,0.5518685135821049,1.000859140718417,0.06940478400741612,-0.12148815752203779,-,"H1,CAGR"
A,ETF,ETFk24d12,U56,10.0,M,0,0,True,1.868658097175551,0.06092358838621048,0.8776799387749071,-0.11624845750190249,0.8242433950515708,0.9295676666404926,0.7249976803566224,1.007789388328759,0.06964556795815868,-0.11624845750190271,-,"H1,CAGR"
A,ETF,ETFk24d12,U56,10.0,M,0,1,False,1.8590546227658349,0.05974230212707998,0.853259875301485,-0.12026675221450578,0.7223670738497012,0.9808327880179055,0.6274396263431169,1.0464577137410718,0.0731774039143136,-0.12026675221450533,-,"H1,CAGR"
A,ETF,ETFk24d12,U56,10.0,M,0,2,False,1.9389037984878361,0.05771082643853065,0.8133883681570727,-0.13500285596576245,0.697200228082325,0.9230815180909975,0.6050158978749755,0.9849826958483263,0.07095107134892986,-0.1350028559657619,-,"H1,CAGR"
A,ETF,ETFk24d12,U56,10.0,M,0,3,False,1.8907102995492815,0.05554030749563088,0.7742331159695528,-0.1441996490433356,0.6238420760990943,0.9147368534396695,0.5237529985595122,0.9786325841798048,0.07183147263815726,-0.14419964904333538,"H1,DD","H1,CAGR"
A,ETF,ETFk24d12,U56,10.0,M,0,4,False,1.8591168915836778,0.05409226456360394,0.7312294146513004,-0.19039706442797522,0.6398942062226516,0.8131420236490294,0.5422603408340668,0.873936571730616,0.06838590317668491,-0.19039706442797533,"H1,DD","H1,H2,OOS,CAGR"
A,ETF,ETFk24d12,U56,10.0,6W,0,0,True,1.5811541706251955,0.059016406456333215,0.8354575395351852,-0.12686308033622185,0.6279166857576097,1.0365912580549654,0.5309907505240898,1.0948152281053576,0.07777949881665736,-0.12686308033622173,H1,"H1,CAGR"
A,ETF,ETFk24d12,U56,10.0,6W,0,1,False,1.5116278421242697,0.06572719925247039,0.9210691449566277,-0.12406064626873292,0.7328732149026301,1.099280563432944,0.6417839675689522,1.1526517311836992,0.08344550530103634,-0.12406064626873281,-,"H1,CAGR"
A,ETF,ETFk24d12,U56,10.0,6W,0,2,False,1.496366325905139,0.06456927344896912,0.884377106185486,-0.1434461016355003,0.7394423821277358,1.0154801822002764,0.6467741207184785,1.0697111383110767,0.08134935084860984,-0.14344610163550042,DD,"H1,CAGR"
A,ETF,ETFk24d12,U56,10.0,6W,0,3,False,1.4767150189228737,0.06540016701553908,0.9127528166310535,-0.12689291461920615,0.8252865782113499,0.9940479378634925,0.7403357098161361,1.0503816141775217,0.07722125086946274,-0.12689291461920615,-,"H1,CAGR"
A,ETF,ETFk24d12,U56,10.0,6W,0,4,False,1.5059978291272655,0.06310902376348149,0.8825473128405474,-0.13633867353802176,0.806986113408084,0.9523878199087595,0.7239543918043295,1.0065061209146113,0.0745789428582373,-0.13633867353802198,-,"H1,CAGR"
A,ETF,ETFk24d12,U56,10.0,6W,1,0,False,1.49539045951027,0.06312249947730764,0.8882248420673929,-0.12781788347752154,0.7795713465243964,0.9921566333089122,0.6855072856791788,1.0576699830072975,0.07568964719254967,-0.1278178834775212,-,"H1,CAGR"
A,ETF,ETFk24d12,U56,10.0,6W,1,1,False,1.5237135849865169,0.06310142076213254,0.8930214670944907,-0.13032666837409612,0.7785389793925066,1.0011321493233185,0.676112279004179,1.071207227112461,0.07685815700556176,-0.13032666837409612,-,"H1,CAGR"
A,ETF,ETFk24d12,U56,10.0,6W,1,2,False,1.5231448598936368,0.06191149013848407,0.8599124237253125,-0.13756924168089435,0.7539899594965146,0.9591123114879301,0.6465983147327239,1.0334312853772372,0.0759260951134868,-0.13756924168089424,-,"H1,CAGR"
A,ETF,ETFk24d12,U56,10.0,6W,1,3,False,1.5708462813627466,0.06427642000498324,0.8940980527352493,-0.1492970316108615,0.8197871584855498,0.9639295868501077,0.713858201952464,1.0400462289032675,0.07625907530353482,-0.14929703161086116,DD,"H1,CAGR"
A,ETF,ETFk24d12,U56,10.0,6W,1,4,False,1.5557937901732253,0.060157292503170146,0.8046001542382297,-0.1931414923145528,0.8088835752305266,0.8047107267797107,0.6991395695851659,0.8857613716829696,0.06914786709974408,-0.1931414923145528,DD,"H1,H2,CAGR"
A,ETF,ETFk24d12,U56,10.0,6W,2,0,False,1.558449826943182,0.05701617118986135,0.756199261700178,-0.19920801640583374,0.7522216042691316,0.762998088006878,0.650296988392841,0.8380016691159553,0.06582910615257465,-0.19920801640583352,DD,"H1,H2,OOS,CAGR"
A,ETF,ETFk24d12,U56,10.0,6W,2,1,False,1.5972133981664256,0.05481857224832587,0.7293422702331983,-0.19847865111962404,0.7283856016818026,0.7328996528949604,0.6216054097816416,0.8132578271925218,0.06340099334591831,-0.1984786511196246,DD,"H1,H2,OOS,CAGR"
A,ETF,ETFk24d12,U56,10.0,6W,2,2,False,1.5090511306172476,0.05945416733048492,0.7858660313875316,-0.19835073553774019,0.7538786259961996,0.8171359067628896,0.6473773855027224,0.8926546154080133,0.07049834541138145,-0.1983507355377404,DD,"H1,H2,CAGR"
A,ETF,ETFk24d12,U56,10.0,6W,2,3,False,1.5654569266713594,0.05987703280589729,0.7936247593937276,-0.19873848854212395,0.7734354397866698,0.8145615854121028,0.6707773204174342,0.8886945380782851,0.06980870892597113,-0.19873848854212417,DD,"H1,H2,CAGR"
A,ETF,ETFk24d12,U56,10.0,6W,2,4,False,1.574008890764705,0.05740833088757924,0.7631699529204045,-0.19813604819381936,0.7116229149977319,0.8113120058079031,0.6060480027922905,0.8843082811753135,0.06951850297957463,-0.19813604819381947,DD,"H1,H2,CAGR"
A,ETF,ETFk24d12,U56,10.0,6W,3,0,False,1.5794696949623932,0.05609148155416799,0.7562528813011508,-0.19813604819381903,0.7076786485629951,0.8020782311609624,0.599059059629314,0.8747788038068531,0.068597767549192,-0.19813604819381914,DD,"H1,H2,OOS,CAGR"
A,ETF,ETFk24d12,U56,10.0,6W,3,1,False,1.5504930710111031,0.059709928852577976,0.7964672881515786,-0.19804078160569205,0.7697462291053032,0.8242332943311362,0.6706385045249774,0.8914690798340096,0.07061256467118837,-0.19804078160569216,DD,"H1,H2,CAGR"
A,ETF,ETFk24d12,U56,10.0,6W,3,2,False,1.5759755906055082,0.057303320380379,0.7694597811926812,-0.19786438622363411,0.7258070549202159,0.8114787294734668,0.6152436921197015,0.8848498484043262,0.06996991686306431,-0.1978643862236339,DD,"H1,H2,CAGR"
A,ETF,ETFk24d12,U56,10.0,6W,3,3,False,1.5077751126571004,0.059811943470984286,0.7960462914836902,-0.1982951669545331,0.7420496102491908,0.846768718579083,0.6328003022111248,0.9188356680072703,0.07310000268089256,-0.19829516695453286,DD,"H1,CAGR"
A,ETF,ETFk24d12,U56,10.0,6W,3,4,False,1.596844967685481,0.052468117873763376,0.7213228514721485,-0.19992849521844447,0.724840183275417,0.7228302826805465,0.6220780529097371,0.7967396669582769,0.060983743041889804,-0.1999284952184447,DD,"H1,H2,OOS,CAGR"
A,ETF,ETFk24d12,U56,10.0,6W,4,0,False,1.6295616831330715,0.0513002705685115,0.7037642384978695,-0.19762446959705993,0.7803516345175037,0.644920343655939,0.6888811655126525,0.7166157102896621,0.05489636018242705,-0.19762446959705982,"H2,DD","H1,H2,OOS,CAGR"
A,ETF,ETFk24d12,U56,10.0,6W,4,1,False,1.5653510084104127,0.05054563636854503,0.6915885322638584,-0.19165166190297056,0.7433229276431629,0.6532780394470581,0.6420866518541918,0.7298198454269627,0.05619980950541503,-0.19165166190297056,"H2,DD","H1,H2,OOS,CAGR"
A,ETF,ETFk24d12,U56,10.0,6W,4,2,False,1.5898052388375037,0.05317468036228412,0.724953737218044,-0.2010728528527559,0.744037354628141,0.7140727990450184,0.6473187141757457,0.7839610052937847,0.060712229551861174,-0.20107285285275578,DD,"H1,H2,OOS,CAGR"
A,ETF,ETFk24d12,U56,10.0,6W,4,3,False,1.6121867179847942,0.05027419357497087,0.6968441518501893,-0.17907840161240363,0.7582795468395999,0.6498123734422662,0.6672584937862469,0.7204058713230886,0.05457405131454762,-0.17907840161240374,"H2,DD","H1,H2,OOS,CAGR"
A,ETF,ETFk24d12,U56,10.0,6W,4,4,False,1.6026452969280809,0.04989162450948359,0.6901410877853409,-0.19339301172082635,0.7631046642459299,0.6334918911498006,0.6711740452709545,0.7058550881064649,0.05353488050705568,-0.19339301172082657,"H2,DD","H1,H2,OOS,CAGR"
A,ETF,ETFk24d12,U56,10.0,6W,5,0,False,1.6170788030234273,0.050720141762094384,0.7146943761048783,-0.16025859639771933,0.718063494509866,0.7150972222226287,0.6124143458170681,0.7933742665442737,0.05877580045904196,-0.160258596397719,DD,"H1,H2,OOS,CAGR"
A,ETF,ETFk24d12,U56,10.0,6W,5,1,False,1.6287950434266603,0.05245967349161185,0.7409135369655512,-0.16142279067848475,0.684677202206341,0.7935148175807879,0.5824934677135376,0.8677365723571293,0.06303802744934695,-0.16142279067848508,DD,"H1,H2,OOS,CAGR"
A,ETF,ETFk24d12,U56,10.0,6W,5,2,False,1.6387270664181708,0.05710301935565765,0.8032957318789583,-0.11768166680544567,0.6563038790512086,0.9411409798125008,0.5535709605253047,1.0074312614269516,0.07315054678700839,-0.11768166680544567,-,"H1,CAGR"
A,ETF,ETFk24d12,U56,10.0,6W,5,3,False,1.5783988744972801,0.05897560941402058,0.816989275971296,-0.12771563822180354,0.6008599133033997,1.0206402690093386,0.5068567091014335,1.0730911913923828,0.0790619385778315,-0.12771563822180365,H1,"H1,CAGR"
A,ETF,ETFk24d12,U56,10.0,6W,5,4,False,1.6058388811880913,0.05818923928471298,0.8253799707872093,-0.1267148334884447,0.6446084647214816,0.996546295323313,0.5526948011939593,1.0515960044597108,0.07529709625245706,-0.1267148334884447,-,"H1,CAGR"
A,ETF,ETFk24d12,U56,10.0,Q,0,0,True,1.1161931619066865,0.0486286973482537,0.6284919832553544,-0.24301414630063378,0.7552701856737457,0.5303474286910701,0.6603561910902505,0.6076625398699878,0.049403409783964625,-0.24301414630063378,"H2,DD","H1,H2,OOS,DD,CAGR"
A,ETF,ETFk24d12,U56,10.0,Q,0,1,False,1.165231978739807,0.04765393793757289,0.6146512988820677,-0.2431765289132798,0.7244461802254614,0.5318580971948332,0.6226683171292363,0.6115556310263394,0.05020429112685654,-0.24317652891328034,"H2,DD","H1,H2,OOS,DD,CAGR"
A,ETF,ETFk24d12,U56,10.0,Q,0,2,False,1.1459828709255564,0.048334340036153334,0.6198477585317761,-0.2428685956009583,0.686194445529499,0.5717266247945462,0.5903655286952615,0.6434240459207938,0.053227988393491854,-0.24286859560095808,"H2,DD","H1,H2,OOS,DD,CAGR"
A,ETF,ETFk24d12,U56,10.0,Q,0,3,False,1.1313175444729875,0.05356478654201591,0.6960021155393109,-0.2427183564874651,0.8248705489482818,0.6108194687787253,0.7298646287903374,0.6799949342647247,0.056767377948935716,-0.2427183564874652,"H2,DD","H1,H2,OOS,DD,CAGR"
A,ETF,ETFk24d12,U56,10.0,Q,0,4,False,1.1161139344608435,0.05059742668708944,0.6591455758444706,-0.2429008453817828,0.786522878933367,0.5744943812997881,0.6916845696690964,0.6436604165585667,0.05356008003565482,-0.24290084538178303,"H2,DD","H1,H2,OOS,DD,CAGR"
A,ETF,ETFk24d13,U56,10.0,D,0,0,True,8.526585947131471,0.04818006247326534,0.7390833851894129,-0.10971295158975591,0.6986275925786964,0.7794205171253286,0.6047777252033053,0.8576552096067768,0.05489074883247946,-0.09781518359567287,-,"H1,H2,OOS,CAGR"
A,ETF,ETFk24d13,U56,10.0,2D,0,0,True,5.969250750434738,0.0503688866779588,0.766384145050247,-0.11142078431221769,0.7565079627824581,0.7760389392620678,0.6588503137747597,0.8607322931351171,0.05557203912815023,-0.11142078431221791,-,"H1,H2,OOS,CAGR"
A,ETF,ETFk24d13,U56,10.0,2D,1,0,False,5.9863928830490725,0.04915608013583772,0.7468846883095294,-0.1068609663635054,0.6736437281018143,0.8190082079299738,0.580754049611261,0.8911185795574657,0.058079058019128826,-0.09555059708948843,-,"H1,H2,CAGR"
A,ETF,ETFk24d13,U56,10.0,W,0,0,True,3.7648978047267208,0.0522022288402435,0.7856588541623503,-0.12134221983756655,0.7523352451499398,0.8181887984489511,0.6651146779817957,0.8895494423142054,0.0585057992594189,-0.12134221983756632,-,"H1,H2,CAGR"
A,ETF,ETFk24d13,U56,10.0,W,0,1,False,3.6946249803104676,0.055661684688336655,0.8322861310069811,-0.11801194763621281,0.7682899304074654,0.8959144470893171,0.6762440122733054,0.9695826798480689,0.06374611964187515,-0.11801194763621281,-,"H1,CAGR"
A,ETF,ETFk24d13,U56,10.0,W,0,2,False,3.821704365851902,0.05610434977306933,0.82737931678846,-0.11272345325088884,0.7449914533113654,0.9072793897140949,0.6588993574456824,0.971128005654711,0.06562170169514081,-0.09269984107497864,-,"H1,CAGR"
A,ETF,ETFk24d13,U56,10.0,W,0,3,False,3.8021399540772043,0.05434203498571799,0.8023917072202528,-0.0998887174199653,0.7397314909282886,0.8633457645192086,0.6577016850041868,0.9263425292560983,0.062343763569179256,-0.09988871741996519,-,"H1,CAGR"
A,ETF,ETFk24d13,U56,10.0,W,0,4,False,3.718343756142627,0.05159414053202749,0.7719883572058174,-0.12444876189140786,0.6750097569058534,0.8675332081438689,0.5822320338694726,0.9368878991198573,0.06205270596592816,-0.10591354957112953,-,"H1,CAGR"
A,ETF,ETFk24d13,U56,10.0,2W,0,0,True,2.617489611558664,0.052442300482182125,0.7656882506613564,-0.15077835219789826,0.7495491349938375,0.7813421044569074,0.6671277019586684,0.849848775116918,0.057777492117134344,-0.15077835219789804,DD,"H1,H2,OOS,CAGR"
A,ETF,ETFk24d13,U56,10.0,2W,0,1,False,2.601981239147119,0.054559842234390254,0.7849701617141195,-0.13766408860890778,0.8082237738608756,0.7633297822243685,0.7238840839012933,0.8357970097298537,0.058088448421188765,-0.13766408860890766,-,"H1,H2,OOS,CAGR"
A,ETF,ETFk24d13,U56,10.0,2W,0,2,False,2.571538879177304,0.058924633856258124,0.8269019722498429,-0.1559116701561103,0.8671769498651115,0.7925441892026854,0.791431281120973,0.8551980842817032,0.062100095788649945,-0.15591167015610985,DD,"H1,H2,OOS,CAGR"
A,ETF,ETFk24d13,U56,10.0,2W,0,3,False,2.739592885651354,0.05293119698486515,0.7719285657958237,-0.12686120610875595,0.7682160573719325,0.7758329830870846,0.6888682191759193,0.8409530780997618,0.0578046626973725,-0.12686120610875595,-,"H1,H2,OOS,CAGR"
A,ETF,ETFk24d13,U56,10.0,2W,0,4,False,2.6890995800684316,0.04912926135341378,0.7170500002112092,-0.1466917404778023,0.6684947169969401,0.7632426455971417,0.5814076572906529,0.8293762599496816,0.05734098334782001,-0.14669174047780298,DD,"H1,H2,OOS,CAGR"
A,ETF,ETFk24d13,U56,10.0,2W,1,0,False,2.6788832434235608,0.05652626665412663,0.840000817317922,-0.11004116389972052,0.7576428856553562,0.9218837183284,0.6665519932859828,0.9925404789913977,0.06573028266723568,-0.09966614933333429,-,"H1,CAGR"
A,ETF,ETFk24d13,U56,10.0,2W,1,1,False,2.5967055677572106,0.06036612705630673,0.8912029962887867,-0.10683579184688297,0.7507989032191699,1.0339288199071535,0.6639506725516211,1.0957128198354964,0.07249215560610178,-0.10074388124699529,-,"H1,CAGR"
A,ETF,ETFk24d13,U56,10.0,2W,1,2,False,2.5786111753238368,0.05517043952203382,0.8047612846313675,-0.12217793758061102,0.7219068994735146,0.8864400943859172,0.6287601043874043,0.9579773927827823,0.06496486451230443,-0.0929884002583895,-,"H1,CAGR"
A,ETF,ETFk24d13,U56,10.0,2W,1,3,False,2.618470922296459,0.055887055807757324,0.8013946518671868,-0.12260921447398998,0.7040291034423461,0.896491961319757,0.6193785701221188,0.9583144508172067,0.06641973255226885,-0.11849515763502372,-,"H1,CAGR"
A,ETF,ETFk24d13,U56,10.0,2W,1,4,False,2.5651788145128025,0.05443695675929949,0.7950235667944617,-0.13236010238846885,0.6975880604298691,0.8910631666205872,0.6149854261048209,0.9518339953452903,0.06448299240655286,-0.11872545609056107,-,"H1,CAGR"
A,ETF,ETFk24d13,U56,10.0,M,0,0,True,1.777524203160573,0.06250885422350239,0.8969759418162561,-0.11396378577143607,0.8746744586962706,0.920160117057133,0.790335359867171,0.9961252405341766,0.06672190836672787,-0.1139637857714364,-,"H1,CAGR"
A,ETF,ETFk24d13,U56,10.0,M,0,1,False,1.7962088969034478,0.061358295467129675,0.8729617310286722,-0.12502125944263975,0.7718501044821846,0.9781286597426384,0.698543883374066,1.0344325376045502,0.07011558276111463,-0.12502125944263998,-,"H1,CAGR"
A,ETF,ETFk24d13,U56,10.0,M,0,2,False,1.8088353742133612,0.05906831921072153,0.80960234699713,-0.16994412587962204,0.7788829983814537,0.8390200562287522,0.7050105917094791,0.8951566473244535,0.06604074638955315,-0.16994412587962204,DD,"H1,CAGR"
A,ETF,ETFk24d13,U56,10.0,M,0,3,False,1.7530213890659125,0.0590331456469777,0.7936653969838582,-0.19302409560998113,0.745055137857972,0.8393074367558604,0.6642500513222332,0.8951061042232734,0.06886207655432486,-0.19302409560998124,DD,"H1,CAGR"
A,ETF,ETFk24d13,U56,10.0,M,0,4,False,1.7300239444130963,0.05726171084427967,0.7627119526858575,-0.21320693009426772,0.7245668162227002,0.7998611925218465,0.6411111779283329,0.8547999896773658,0.06766725579340194,-0.2132069300942675,DD,"H1,H2,OOS,DD,CAGR"
A,ETF,ETFk24d13,U56,10.0,6W,0,0,True,1.4998733921134177,0.06209986514909449,0.8684534897775135,-0.1477148886103009,0.7488112781445548,0.9830528688340416,0.6653862036694009,1.0399207225440172,0.07458647756753511,-0.14771488861030113,DD,"H1,CAGR"
A,ETF,ETFk24d13,U56,10.0,6W,0,1,False,1.4269239521330164,0.06724088195161237,0.9268958400314821,-0.14645500824632263,0.821649039459495,1.0254269671863407,0.7393294934104956,1.0801446209055394,0.07960703445973172,-0.14645500824632307,DD,"H1,CAGR"
A,ETF,ETFk24d13,U56,10.0,6W,0,2,False,1.4462494722759636,0.06640142047708575,0.8950834911397954,-0.1679472110716258,0.83461296650449,0.9515602521007689,0.7625990424719575,0.9980368399482665,0.07689400234264165,-0.1679472110716259,DD,"H1,CAGR"
A,ETF,ETFk24d13,U56,10.0,6W,0,3,False,1.4220822158071846,0.06587134548763185,0.9098103846444968,-0.1433235519255378,0.8833416127683344,0.9353894450432765,0.8092823472772793,0.9920098489677165,0.0725390053257533,-0.14332355192553792,DD,"H1,CAGR"
A,ETF,ETFk24d13,U56,10.0,6W,0,4,False,1.463427755204776,0.06378215971894896,0.8870937404548981,-0.1467594414798552,0.8246339235667317,0.9454783522632719,0.7499575411769029,0.9961903483297413,0.07348274882421224,-0.14675944147985553,DD,"H1,CAGR"
A,ETF,ETFk24d13,U56,10.0,6W,1,0,False,1.4237818239821531,0.06671245968273665,0.9499538129332139,-0.11886528822037812,0.8435800391769921,1.0579328440483475,0.7574926140870347,1.123497361114267,0.0768613403485423,-0.1188652882203779,-,"H1,CAGR"
A,ETF,ETFk24d13,U56,10.0,6W,1,1,False,1.4542316701362863,0.06602754748128303,0.9357798013584981,-0.13347724876272016,0.8376022212087362,1.0325329355460562,0.7559054277285875,1.0924759017943888,0.0761205152082407,-0.1334772487627197,-,"H1,CAGR"
A,ETF,ETFk24d13,U56,10.0,6W,1,2,False,1.4711966662873806,0.06170666843461747,0.8412706490202987,-0.17249677709507572,0.805602448271664,0.8753095955586991,0.7153209295322835,0.9429635227490936,0.07044842139189589,-0.1724967770950755,DD,"H1,CAGR"
A,ETF,ETFk24d13,U56,10.0,6W,1,3,False,1.5038445817325554,0.06341162325746486,0.8483604764315428,-0.19489026444025304,0.855038049465696,0.8452926744514673,0.7652266519395982,0.9136176502913386,0.0704162869279108,-0.19489026444025326,DD,"H1,CAGR"
A,ETF,ETFk24d13,U56,10.0,6W,1,4,False,1.436435262352221,0.060879438546939335,0.7968802738013693,-0.21403380872381428,0.886385228733927,0.7241337030705988,0.7934679086770157,0.8005590994826006,0.06341655674395796,-0.2140338087238144,DD,"H1,H2,OOS,DD,CAGR"
A,ETF,ETFk24d13,U56,10.0,6W,2,0,False,1.4444529076325516,0.05753059088789203,0.7467767615058709,-0.22247550510748315,0.8479019697542975,0.6630836355292727,0.7620036105376599,0.7360040153973628,0.058519757859949895,-0.22247550510748293,"H2,DD","H1,H2,OOS,DD,CAGR"
A,ETF,ETFk24d13,U56,10.0,6W,2,1,False,1.4988489545391066,0.055506717029871755,0.7249231862952132,-0.22180452113132543,0.8234426785920285,0.641283889267612,0.7376671242822377,0.7154952219704992,0.05616608020721503,-0.22180452113132587,"H2,DD","H1,H2,OOS,DD,CAGR"
A,ETF,ETFk24d13,U56,10.0,6W,2,2,False,1.4466589638245198,0.059205806885603396,0.766790438304547,-0.22194014965141362,0.8566437770105482,0.6941754588670216,0.7692308521405712,0.7660475962599168,0.061337239628824314,-0.2219401496514135,DD,"H1,H2,OOS,DD,CAGR"
A,ETF,ETFk24d13,U56,10.0,6W,2,3,False,1.4560791386619196,0.06050219520544853,0.784357867377935,-0.22201599850993903,0.8657285893012066,0.7188049452156761,0.7804043822613439,0.7884234447475345,0.0630514653966252,-0.22201599850993836,DD,"H1,H2,OOS,DD,CAGR"
A,ETF,ETFk24d13,U56,10.0,6W,2,4,False,1.4977229955331788,0.05832143609733653,0.7592411885928173,-0.2217033758806355,0.8155228289098119,0.7148180289223854,0.7267046324441168,0.7849419428846731,0.06259324231857155,-0.2217033758806356,DD,"H1,H2,OOS,DD,CAGR"
A,ETF,ETFk24d13,U56,10.0,6W,3,0,False,1.5124118130403374,0.05600033994098674,0.7375454072977528,-0.2217033758806356,0.8144351794911414,0.6792304141830633,0.7209382374676757,0.7517160127624306,0.059959004746968025,-0.2217033758806355,"H2,DD","H1,H2,OOS,DD,CAGR"
A,ETF,ETFk24d13,U56,10.0,6W,3,1,False,1.4779443822016172,0.05944349621516354,0.7778795180439012,-0.22179682514981225,0.833401084264497,0.737890016046962,0.7431625551445009,0.8055039081704447,0.06482833622187334,-0.22179682514981236,DD,"H1,H2,OOS,DD,CAGR"
A,ETF,ETFk24d13,U56,10.0,6W,3,2,False,1.5033860907391592,0.05761441011783819,0.7560035540517015,-0.22173844704444767,0.807146841063303,0.7190247557466973,0.7162550274921857,0.7872247181325578,0.0630963948166563,-0.22173844704444756,DD,"H1,H2,OOS,DD,CAGR"
A,ETF,ETFk24d13,U56,10.0,6W,3,3,False,1.4515967753995367,0.06063989534553804,0.7910283724975005,-0.22209000666724255,0.8165722603635185,0.7748388261412786,0.7262696868797379,0.8408919044984408,0.06766551963799938,-0.22209000666724232,DD,"H1,H2,OOS,DD,CAGR"
A,ETF,ETFk24d13,U56,10.0,6W,3,4,False,1.4962731119351842,0.05392502053556725,0.7235474051434312,-0.2237992146232245,0.7930854519902094,0.6681605493504658,0.7075808196346258,0.7366852620061707,0.05704223473846226,-0.2237992146232246,"H2,DD","H1,H2,OOS,DD,CAGR"
A,ETF,ETFk24d13,U56,10.0,6W,4,0,False,1.5426718436369242,0.052819647553985494,0.7067006309897265,-0.2183680995319941,0.8632455370716987,0.5818255629988098,0.7745151867364017,0.658663610130893,0.05126782761709747,-0.21836809953199365,"H2,DD","H1,H2,OOS,DD,CAGR"
A,ETF,ETFk24d13,U56,10.0,6W,4,1,False,1.5267977707275437,0.05504602098387812,0.7353578675612554,-0.20560558845304155,0.8342645371541577,0.6571849207646002,0.7355335328154388,0.7368187607433349,0.05760861521722149,-0.20560558845304133,"H2,DD","H1,H2,OOS,DD,CAGR"
A,ETF,ETFk24d13,U56,10.0,6W,4,2,False,1.4881296158083628,0.05788927458511983,0.769518419334486,-0.21516590702617033,0.8563897776354071,0.7024913317877638,0.7670238066252635,0.7732231035606509,0.060915155320423464,-0.21516590702617056,DD,"H1,H2,OOS,DD,CAGR"
A,ETF,ETFk24d13,U56,10.0,6W,4,3,False,1.5244039746523292,0.05527937614749656,0.7446238617521959,-0.19610557190495947,0.8796006058381863,0.6389571000616445,0.7881943535784036,0.71495029800987,0.0555799968701034,-0.19610557190495936,"H2,DD","H1,H2,OOS,CAGR"
A,ETF,ETFk24d13,U56,10.0,6W,4,4,False,1.53822103478713,0.05054554095334862,0.6813240904472533,-0.2211773843331083,0.839350187527274,0.5521170839138221,0.7459361666314602,0.6343188808097173,0.048687920671811824,-0.22117738433310818,"H2,DD","H1,H2,OOS,DD,CAGR"
A,ETF,ETFk24d13,U56,10.0,6W,5,0,False,1.5505341353720792,0.05419586433241608,0.745562117580767,-0.1660307071627033,0.7839832470321331,0.7133415304964212,0.6853387488623863,0.7932822304213856,0.0590789977552304,-0.16603070716270318,DD,"H1,H2,OOS,CAGR"
A,ETF,ETFk24d13,U56,10.0,6W,5,1,False,1.5486228008619805,0.057710538924809596,0.8018682283055397,-0.1676873470135174,0.8051427928818092,0.7994438371351092,0.7122950083477695,0.875850714197133,0.06338571417588135,-0.16768734701351762,DD,"H1,H2,OOS,CAGR"
A,ETF,ETFk24d13,U56,10.0,6W,5,2,False,1.5563658975964534,0.060919367979273886,0.8515083103371963,-0.11798774049584937,0.7972173522186201,0.9036616123684095,0.7062089352731248,0.9740895037582242,0.06968751438664245,-0.11798774049585004,-,"H1,CAGR"
A,ETF,ETFk24d13,U56,10.0,6W,5,3,False,1.4987346726125823,0.06352938518420737,0.8753145338669613,-0.12695145745605863,0.7396430663571293,1.0047805151025875,0.6538460774360644,1.0615385699333757,0.0775126490743816,-0.12695145745605863,-,"H1,CAGR"
A,ETF,ETFk24d13,U56,10.0,6W,5,4,False,1.5248481958250848,0.06127585571015093,0.8682998655267733,-0.12419409942367887,0.7667496532704445,0.966023073056203,0.6892647654823397,1.020216199604988,0.07194538469144596,-0.1241940994236792,-,"H1,CAGR"
A,ETF,ETFk24d13,U56,10.0,Q,0,0,True,1.090900425298497,0.048984057482262644,0.6334996611351889,-0.2456462121387626,0.8083751263391533,0.49270651167988927,0.7303420485361811,0.5635007130634123,0.045026207928778206,-0.24564621213876237,"H2,DD","H1,H2,OOS,DD,CAGR"
A,ETF,ETFk24d13,U56,10.0,Q,0,1,False,1.1184523540476181,0.049745711036515594,0.6375127838788235,-0.24574107556165325,0.8109477026570892,0.5007794656925517,0.7288309759793162,0.5732011081954086,0.04655109885918174,-0.24574107556165314,"H2,DD","H1,H2,OOS,DD,CAGR"
A,ETF,ETFk24d13,U56,10.0,Q,0,2,False,1.0995884445782012,0.05039039235875786,0.6371045890102227,-0.24547340270797546,0.7737977316323822,0.5333845989247107,0.7017058543735043,0.593474472705398,0.04930849815486327,-0.24547340270797502,"H2,DD","H1,H2,OOS,DD,CAGR"
A,ETF,ETFk24d13,U56,10.0,Q,0,3,False,1.065108945821501,0.05630289249302689,0.7254707679771379,-0.2454492633206713,0.9104836634378835,0.5944098098420888,0.8350873206566103,0.6562800757063549,0.054400653590039205,-0.24544926332067096,"H2,DD","H1,H2,OOS,DD,CAGR"
A,ETF,ETFk24d13,U56,10.0,Q,0,4,False,1.0800488144756573,0.05184591904551228,0.6738414663006568,-0.24567212869658472,0.8529291957488977,0.5458378770494962,0.7774391599549426,0.6079226323351599,0.04983751830508254,-0.2456721286965846,"H2,DD","H1,H2,OOS,DD,CAGR"
A,ETF,ETFk24d14,U56,10.0,D,0,0,True,8.70086758919999,0.04026156979341522,0.7035091010436072,-0.09776844505558402,0.6882655379453161,0.718397562020263,0.6515397719956124,0.7485552399533795,0.042143308848345384,-0.08925955137807395,-,"H1,H2,OOS,CAGR"
A,ETF,ETFk24d14,U56,10.0,2D,0,0,True,6.114788120113386,0.04273005005607011,0.7418866966586075,-0.09984546898744473,0.7516330809139882,0.7322092047888915,0.7118269149579868,0.7679531607365101,0.04347063228950754,-0.09984546898744506,-,"H1,H2,OOS,CAGR"
A,ETF,ETFk24d14,U56,10.0,2D,1,0,False,6.148917166327246,0.0412254071887701,0.7128785947636237,-0.09901167765971697,0.6818256791943479,0.742999141180656,0.6424129252438857,0.7728689438838635,0.044307400690281495,-0.09901167765971775,-,"H1,H2,OOS,CAGR"
A,ETF,ETFk24d14,U56,10.0,W,0,0,True,3.7589369805502186,0.04428490291400444,0.7624987687587967,-0.09493678248236348,0.7494907681567455,0.7751193218148801,0.7194810480287103,0.7991998859576317,0.04587793251007266,-0.09493678248236381,-,"H1,H2,OOS,CAGR"
A,ETF,ETFk24d14,U56,10.0,W,0,1,False,3.7701888134088644,0.04890335336033935,0.8346276173939995,-0.08581158481848383,0.821257912147397,0.8476570925673571,0.7877089823002573,0.8754641454418428,0.05035448847695312,-0.08581158481848261,-,"H1,OOS,CAGR"
A,ETF,ETFk24d14,U56,10.0,W,0,2,False,3.8059651140453954,0.04863780785054339,0.8202905677942147,-0.10863174985473123,0.7429906703561805,0.8943655654907041,0.7156281251682725,0.9079751124726344,0.05378827414168086,-0.09538409097043277,-,"H1,CAGR"
A,ETF,ETFk24d14,U56,10.0,W,0,3,False,3.7824950070197323,0.04745400510769571,0.8013717316085984,-0.10327643415920273,0.780935981166637,0.8212297526556003,0.7575174973014899,0.8389334522794761,0.04903017969875889,-0.10327643415920151,-,"H1,H2,OOS,CAGR"
A,ETF,ETFk24d14,U56,10.0,W,0,4,False,3.739812516023067,0.044350333965856414,0.7533855052300885,-0.0920977340120177,0.710899758880058,0.7945999120268956,0.6762429914535706,0.8191267323389305,0.04778951400105069,-0.09209773401201726,-,"H1,H2,OOS,CAGR"
A,ETF,ETFk24d14,U56,10.0,2W,0,0,True,2.614608286268003,0.0473975801403117,0.7953490985728143,-0.10503991521764389,0.7963804785765476,0.7942606936915751,0.7664613902165377,0.8203013636614701,0.0480951281239832,-0.10503991521764389,-,"H1,H2,OOS,CAGR"
A,ETF,ETFk24d14,U56,10.0,2W,0,1,False,2.624277365158596,0.04935003565345353,0.8157778520385345,-0.10248390925584328,0.8356504432157817,0.7971492136194689,0.8004563384168318,0.8284791513307267,0.049845161658154113,-0.10248390925584372,-,"H1,H2,OOS,CAGR"
A,ETF,ETFk24d14,U56,10.0,2W,0,2,False,2.60133164926352,0.0519421854851041,0.8449260049436804,-0.11004499521693589,0.9099060912645099,0.7877149911004074,0.8873024408994029,0.8111378587232965,0.050465500161196,-0.11004499521693589,-,"H1,H2,OOS,CAGR"
A,ETF,ETFk24d14,U56,10.0,2W,0,3,False,2.6539954496388987,0.04677035503392446,0.783811700193381,-0.12005290218898934,0.8096728077387619,0.7596259839421596,0.7931479908638039,0.775891534948861,0.046093475785825566,-0.12005290218898912,-,"H1,H2,OOS,CAGR"
A,ETF,ETFk24d14,U56,10.0,2W,0,4,False,2.6633388547666987,0.042951732124401065,0.7186338572385037,-0.1118874068091481,0.7070308017150089,0.7301122051451735,0.6853856023104821,0.7457932951388431,0.044788199971484755,-0.1118874068091481,-,"H1,H2,OOS,CAGR"
A,ETF,ETFk24d14,U56,10.0,2W,1,0,False,2.6927080381618627,0.046847813451756704,0.7921764700667335,-0.10413928216564194,0.7574141501845838,0.8258729915153946,0.7249606002515169,0.8494033657228673,0.049754922239697796,-0.10413928216564161,-,"H1,H2,OOS,CAGR"
A,ETF,ETFk24d14,U56,10.0,2W,1,1,False,2.5501283277670463,0.05291953536820326,0.8888882735821279,-0.08810372008650191,0.8234704436065494,0.9534538768811697,0.8002554571092451,0.9662709793819515,0.0564664933184813,-0.0797836650611673,-,"H1,CAGR"
A,ETF,ETFk24d14,U56,10.0,2W,1,2,False,2.609896988557755,0.04901182244985103,0.8117689950787348,-0.09288746366215872,0.7533311200138578,0.8681497667341306,0.7215764345191363,0.8880333091820747,0.05332482924946702,-0.09288746366215883,-,"H1,CAGR"
A,ETF,ETFk24d14,U56,10.0,2W,1,3,False,2.6374627459041884,0.0489817512370716,0.7982519979856547,-0.10167785477440838,0.7631266823824261,0.8324988665964158,0.7345066021173946,0.8532080188106257,0.05161242779958153,-0.09403185229136402,-,"H1,H2,OOS,CAGR"
A,ETF,ETFk24d14,U56,10.0,2W,1,4,False,2.547572228267759,0.04715390120910268,0.7742561404314083,-0.11872724030262838,0.7451648839539232,0.802353896051223,0.7128387331470639,0.826241038653191,0.04994853548417044,-0.11872724030262893,-,"H1,H2,OOS,CAGR"
A,ETF,ETFk24d14,U56,10.0,M,0,0,True,1.729093491300507,0.05513451978338613,0.902270186975194,-0.10199921463793915,0.9463121649113582,0.8579119312447171,0.9165794493724626,0.8903654182726326,0.05276676516366563,-0.10199921463793993,-,"H1,CAGR"
A,ETF,ETFk24d14,U56,10.0,M,0,1,False,1.7442854162487098,0.05601645151674384,0.9100686803495791,-0.09402039252742211,0.8449019982118974,0.976347821796953,0.8302995822915996,0.9826552720525609,0.058517141003122,-0.09402039252742156,-,"H1,CAGR"
A,ETF,ETFk24d14,U56,10.0,M,0,2,False,1.828381557355688,0.05284994091658324,0.8403352374138804,-0.12302258582889392,0.8096203901890572,0.8697938124960398,0.7894335261093138,0.8821849345171797,0.05566023305754286,-0.12302258582889447,-,"H1,CAGR"
A,ETF,ETFk24d14,U56,10.0,M,0,3,False,1.7787010169117055,0.05229232703487585,0.8002952083930986,-0.15590954418700753,0.8073891565311877,0.7962790111621012,0.7825285013465167,0.8145201898478225,0.0544137633007582,-0.15590954418700764,DD,"H1,H2,OOS,CAGR"
A,ETF,ETFk24d14,U56,10.0,M,0,4,False,1.6911115981056486,0.050713232040503486,0.7535088453301959,-0.19513957271678295,0.808008460477155,0.7159964807680556,0.7801940199161335,0.7370996794173466,0.05236390170455563,-0.19513957271678306,DD,"H1,H2,OOS,CAGR"
A,ETF,ETFk24d14,U56,10.0,6W,0,0,True,1.4586815037964647,0.056878213548814616,0.9176743792890615,-0.10170927804183583,0.8187595458293434,1.0168092806603823,0.7906432464417703,1.0309718369970482,0.06230772773463711,-0.10170927804183572,-,"H1,CAGR"
A,ETF,ETFk24d14,U56,10.0,6W,0,1,False,1.3844062424460155,0.06179584214777689,0.9816780527381941,-0.09782384004073463,0.9057620197427444,1.054836714300285,0.8786002898006284,1.0690480053191405,0.06684069074578902,-0.09782384004073452,-,"H1,CAGR"
A,ETF,ETFk24d14,U56,10.0,6W,0,2,False,1.3926246517148775,0.06008561325219586,0.9390352564416743,-0.11365219283063077,0.92986200711087,0.9491603862600364,0.9155846316836279,0.9578395559540415,0.0621111863652708,-0.11365219283063055,-,"H1,CAGR"
A,ETF,ETFk24d14,U56,10.0,6W,0,3,False,1.3729339012478847,0.058872975703351926,0.9330366181996673,-0.09866460485645134,0.9710708933303861,0.8987572208588251,0.9605691302231831,0.9103937238571218,0.057634938555435555,-0.09866460485645134,-,CAGR
A,ETF,ETFk24d14,U56,10.0,6W,0,4,False,1.4102961193295933,0.05811570579414038,0.9215339403002281,-0.10607343434418237,0.9108626861113093,0.9328681571061932,0.9022735773267793,0.936975453830356,0.05984675996532918,-0.10607343434418248,-,"H1,CAGR"
A,ETF,ETFk24d14,U56,10.0,6W,1,0,False,1.4036767561567558,0.05905751677526916,0.9547085989379797,-0.09642785171186485,0.917986591924949,0.9909204000943255,0.8935054032370375,1.0084672419704432,0.06105624560242262,-0.0964278517118643,-,"H1,CAGR"
A,ETF,ETFk24d14,U56,10.0,6W,1,1,False,1.3944812230340724,0.05872280814264541,0.9522432330203966,-0.10418292244393057,0.9283190555879967,0.9755204729388639,0.9097887000890388,0.988734691957505,0.060076648630409624,-0.1041829224439309,-,"H1,CAGR"
A,ETF,ETFk24d14,U56,10.0,6W,1,2,False,1.4345802349772863,0.05687393358987136,0.8901337347527012,-0.13045627685465133,0.8850628626456118,0.8962312742514245,0.8504895860407918,0.922000537807561,0.05970133750178208,-0.13045627685465133,-,"H1,CAGR"
A,ETF,ETFk24d14,U56,10.0,6W,1,3,False,1.4215387700361015,0.05709412531874691,0.8712809335935952,-0.15786151834568263,0.9243194917658953,0.8258855634120222,0.8862958831192684,0.8596004984211854,0.05735172440821401,-0.15786151834568252,DD,"H1,H2,OOS,CAGR"
A,ETF,ETFk24d14,U56,10.0,6W,1,4,False,1.4163101118095984,0.0537581529146558,0.7925648064629218,-0.19782621636843956,0.9671589211578457,0.6540773238963964,0.9307737616752472,0.6938459522608121,0.04896505127542383,-0.19782621636843967,"H2,DD","H2,OOS,CAGR"
A,ETF,ETFk24d14,U56,10.0,6W,2,0,False,1.4451378174034217,0.050283832353756,0.7472035492370631,-0.1926585373957338,0.9033626889461794,0.6177009600199755,0.8710597068550487,0.6547985965368383,0.045259860403155994,-0.19265853739573335,"H2,DD","H1,H2,OOS,CAGR"
A,ETF,ETFk24d14,U56,10.0,6W,2,1,False,1.4767812571947714,0.049325151932514855,0.7393090768907082,-0.19173631741528208,0.8695756435736777,0.6300836543307679,0.8362357152737695,0.6660348087577299,0.04552775626621086,-0.19173631741528196,"H2,DD","H1,H2,OOS,CAGR"
A,ETF,ETFk24d14,U56,10.0,6W,2,2,False,1.4006953771475115,0.05291350245774051,0.787341301163348,-0.19148669302876598,0.9122635327421403,0.6860465461518634,0.8808307867752058,0.7186633675007256,0.04993301320915333,-0.1914866930287662,"H2,DD","H1,H2,OOS,CAGR"
A,ETF,ETFk24d14,U56,10.0,6W,2,3,False,1.4253836031912541,0.054718481128355645,0.8148112197294154,-0.19177262721524502,0.9400924578817641,0.7130702818883377,0.9151830488862714,0.7408526936372927,0.05139922776295913,-0.19177262721524513,DD,"H1,H2,OOS,CAGR"
A,ETF,ETFk24d14,U56,10.0,6W,2,4,False,1.472562434815032,0.05079211067460898,0.7599744732432681,-0.19139739210825812,0.8622028287230984,0.6771523815840955,0.8352549916121157,0.7044871746385303,0.048638110074436414,-0.1913973921082579,"H2,DD","H1,H2,OOS,CAGR"
A,ETF,ETFk24d14,U56,10.0,6W,3,0,False,1.4882282870023764,0.049317926366384546,0.7404537455765058,-0.19139739210825768,0.8698801321692199,0.6395708483494006,0.8417817307750486,0.6687641118826382,0.046481735755872666,-0.191397392108258,"H2,DD","H1,H2,OOS,CAGR"
A,ETF,ETFk24d14,U56,10.0,6W,3,1,False,1.4999953542595332,0.05121194412086072,0.7642938187367875,-0.1912841908956434,0.866202367475057,0.6865441680533879,0.8406876050469678,0.7110952693663427,0.04989494211839318,-0.1912841908956433,"H2,DD","H1,H2,OOS,CAGR"
A,ETF,ETFk24d14,U56,10.0,6W,3,2,False,1.5114573398778492,0.04994273395499271,0.7465331836450796,-0.1912764191207823,0.8601596244649861,0.6580967584247737,0.8334890887243057,0.685004197726334,0.04782122826918034,-0.19127641912078286,"H2,DD","H1,H2,OOS,CAGR"
A,ETF,ETFk24d14,U56,10.0,6W,3,3,False,1.4806551055597665,0.052991687917026464,0.7831834871045218,-0.1918064497115255,0.881079528405016,0.7063927525256056,0.8532873127359492,0.7329894016689142,0.05159833379320844,-0.1918064497115255,DD,"H1,H2,OOS,CAGR"
A,ETF,ETFk24d14,U56,10.0,6W,3,4,False,1.536851791511897,0.04515715645585905,0.6880091209975986,-0.19375731427205234,0.8231028511684407,0.5770386350341011,0.7962235179997961,0.6078029279885963,0.041055452267965586,-0.19375731427205245,"H2,DD","H1,H2,OOS,CAGR"
A,ETF,ETFk24d14,U56,10.0,6W,4,0,False,1.5650621127937483,0.043291570662100654,0.6611341545569391,-0.19024764491217339,0.9052003249225834,0.4670441032620906,0.8782694539794407,0.5065402287280073,0.034192953984225394,-0.1902476449121736,"H2,DD","H1,H2,OOS,CAGR"
A,ETF,ETFk24d14,U56,10.0,6W,4,1,False,1.5703004828728386,0.04588793483531384,0.6991708044898097,-0.18121386851116705,0.8435095657682369,0.5846291051626578,0.807868745386577,0.6213967008069535,0.042403731876198725,-0.18121386851116716,"H2,DD","H1,H2,OOS,CAGR"
A,ETF,ETFk24d14,U56,10.0,6W,4,2,False,1.5025580311441562,0.050439519444105185,0.7715204728947996,-0.18557599474720632,0.9252096653404019,0.652817180590288,0.8956124016705194,0.6848697922715271,0.04689078256995316,-0.1855759947472061,"H2,DD","H1,H2,OOS,CAGR"
A,ETF,ETFk24d14,U56,10.0,6W,4,3,False,1.5046821485737971,0.046541460412789615,0.7218787011322441,-0.17183534599062178,0.9374230083021877,0.5497572460596617,0.9057599335287253,0.5902872197839376,0.03942592953139146,-0.17183534599062156,"H2,DD","H1,H2,OOS,CAGR"
A,ETF,ETFk24d14,U56,10.0,6W,4,4,False,1.4859067140550324,0.0459258358228094,0.7081530354280077,-0.2005813161050416,0.9311291195801383,0.5280691624346757,0.8962091216282201,0.5720441797774749,0.03825842549400216,-0.20058131610504126,"H2,DD","H1,H2,OOS,CAGR"
A,ETF,ETFk24d14,U56,10.0,6W,5,0,False,1.5366547173332152,0.04715122314535036,0.7389211457743619,-0.15213141052948986,0.8554980072991661,0.6418058206938418,0.8127917521773919,0.6835392216875916,0.04485846330953813,-0.15213141052948986,"H2,DD","H1,H2,OOS,CAGR"
A,ETF,ETFk24d14,U56,10.0,6W,5,1,False,1.5165815355597274,0.05013227723224123,0.7905766650358723,-0.15536114264853595,0.8775089946760453,0.7119019429288291,0.84159785047887,0.7491367990533294,0.04771027363101443,-0.15536114264853662,DD,"H1,H2,OOS,CAGR"
A,ETF,ETFk24d14,U56,10.0,6W,5,2,False,1.5326607173712667,0.05302346823244486,0.8360157226413686,-0.11482481259700539,0.8399917071681485,0.8329359684566031,0.806896609139388,0.8599071089067756,0.05461524320884492,-0.11482481259700617,-,"H1,H2,OOS,CAGR"
A,ETF,ETFk24d14,U56,10.0,6W,5,3,False,1.4867586978880687,0.05415109846868549,0.8513049239612172,-0.10891086397313487,0.7920866809875778,0.9086508577335265,0.7606555314349449,0.9287579591617048,0.05851182973145219,-0.10891086397313532,-,"H1,CAGR"
A,ETF,ETFk24d14,U56,10.0,6W,5,4,False,1.4742492983107598,0.054923193694513595,0.8760967443037329,-0.11819881383006081,0.8405847552121455,0.9104840091269669,0.8145166363006942,0.9286822864139439,0.05756445458481707,-0.11819881383006103,-,"H1,CAGR"
A,ETF,ETFk24d14,U56,10.0,Q,0,0,True,1.0607909352392433,0.04312929053029535,0.6232307582536957,-0.23495921575216738,0.8551340096457637,0.44020037308546944,0.8219628350610804,0.4822940879959875,0.0343755185517336,-0.2349592157521676,"H2,DD","H1,H2,OOS,DD,CAGR"
A,ETF,ETFk24d14,U56,10.0,Q,0,1,False,1.0762451072005477,0.044880196630454394,0.6400544357455671,-0.23528256265215264,0.8589545377131182,0.47071502631445933,0.8315693574198595,0.506679093661985,0.03686039474774039,-0.23528256265215286,"H2,DD","H1,H2,OOS,DD,CAGR"
A,ETF,ETFk24d14,U56,10.0,Q,0,2,False,1.0730658887074558,0.04410129678293595,0.6249443322831505,-0.2350688808195741,0.8290289658048634,0.47429905705311354,0.8050070755097469,0.5048191223238394,0.03741591415314116,-0.23506888081957422,"H2,DD","H1,H2,OOS,DD,CAGR"
A,ETF,ETFk24d14,U56,10.0,Q,0,3,False,1.040690189108032,0.04832098886226466,0.6868828636148478,-0.23486472820148419,0.9321036013792512,0.5102500451952242,0.9066185257763085,0.5437352545242454,0.04044349252901824,-0.23486472820148419,"H2,DD","H1,H2,OOS,DD,CAGR"
A,ETF,ETFk24d14,U56,10.0,Q,0,4,False,1.0309518281715806,0.045437205763538824,0.6499394807481419,-0.23827674977719815,0.905770736084024,0.4688825005446054,0.8801119752067702,0.5027625821468616,0.0372318709720556,-0.23827674977719815,"H2,DD","H1,H2,OOS,DD,CAGR"
A,ETF,ETFk24d15,U56,10.0,D,0,0,True,8.965650144015568,0.05271294560265738,0.7332813648810277,-0.11620496504035027,0.6625934197638409,0.8012873838564193,0.5683517932911675,0.8722751140005395,0.06296322320413683,-0.10419689648199992,-,"H1,H2,OOS,CAGR"
A,ETF,ETFk24d15,U56,10.0,2D,0,0,True,6.29903087945912,0.05555769210968209,0.7671572390946442,-0.11804370090780447,0.6961819410891062,0.8351590994794418,0.5971870803191532,0.9096079382557245,0.06628141285675415,-0.11253927934071839,-,"H1,CAGR"
A,ETF,ETFk24d15,U56,10.0,2D,1,0,False,6.368051646937133,0.05414753414128315,0.7462740936962462,-0.11825925570046558,0.6557453543534117,0.8328092114571987,0.563241148872343,0.8994326519011872,0.06580404676479557,-0.10509738393561274,-,"H1,H2,CAGR"
A,ETF,ETFk24d15,U56,10.0,W,0,0,True,3.9485719376703434,0.05630974105375608,0.7700084783585023,-0.1390032748599307,0.7072412485434152,0.8293341948900166,0.6162539499119093,0.8961091892752533,0.06648106741809623,-0.13900327485993047,DD,"H1,H2,CAGR"
A,ETF,ETFk24d15,U56,10.0,W,0,1,False,3.895429855147486,0.0597654741658713,0.8082657565220247,-0.1313865321881773,0.7521479887919562,0.8618998991962971,0.6581814102550669,0.933459131352772,0.0694518677549052,-0.13138653218817709,-,"H1,CAGR"
A,ETF,ETFk24d15,U56,10.0,W,0,2,False,3.9469510589370698,0.0593946224942441,0.8022206374219751,-0.13246270109906055,0.6676516193155583,0.9296832546340086,0.5774462968422327,0.9885818332005674,0.07423824511398647,-0.0932664357512557,-,"H1,CAGR"
A,ETF,ETFk24d15,U56,10.0,W,0,3,False,3.966107750212096,0.06139096544795053,0.8255678381592778,-0.11125275505318521,0.7535219871467492,0.8940880374723323,0.6676903052866946,0.9564275494421561,0.07178446817142614,-0.10822267159695209,-,"H1,CAGR"
A,ETF,ETFk24d15,U56,10.0,W,0,4,False,3.8518511798378494,0.05925128107248834,0.8061827212638519,-0.1251294756127086,0.6768152450497958,0.9298449055454897,0.5790464134157564,0.9963657206357915,0.07395459410991756,-0.10308156768286292,-,"H1,CAGR"
A,ETF,ETFk24d15,U56,10.0,2W,0,0,True,2.693818676454434,0.0596889640732956,0.7899792362656938,-0.16284865218883404,0.7267602378041117,0.8497297321473057,0.6403729521519708,0.9128562318316583,0.06990872040556839,-0.16284865218883415,DD,"H1,CAGR"
A,ETF,ETFk24d15,U56,10.0,2W,0,1,False,2.741850416618405,0.06192908255865204,0.8094788509766281,-0.15255529701745574,0.8014066570786957,0.8182854248413575,0.7160580609826919,0.8845358091215983,0.06897108932629226,-0.15255529701745563,DD,"H1,H2,CAGR"
A,ETF,ETFk24d15,U56,10.0,2W,0,2,False,2.678761020416617,0.06397527433596806,0.827030043904101,-0.15759330724378406,0.8256305825267485,0.8305926797449712,0.752213561846788,0.8861737423188999,0.07038223379026332,-0.15759330724378373,DD,"H1,H2,CAGR"
A,ETF,ETFk24d15,U56,10.0,2W,0,3,False,2.7853469014110677,0.06147336785673363,0.8098302216179837,-0.14501842412046873,0.8142559432048706,0.8072380658021613,0.7381539209714144,0.8673224323713564,0.06703827261842976,-0.14501842412046873,DD,"H1,H2,OOS,CAGR"
A,ETF,ETFk24d15,U56,10.0,2W,0,4,False,2.8241049023795473,0.055753379820271176,0.7448370540992088,-0.14728707009136144,0.7019204825384939,0.7853071781537918,0.6171231321234333,0.8470515646284307,0.06495442079877778,-0.14728707009136155,DD,"H1,H2,OOS,CAGR"
A,ETF,ETFk24d15,U56,10.0,2W,1,0,False,2.8014883147410568,0.06001938765487047,0.8114369198332523,-0.11596509531587063,0.7306813793076586,0.8880730668361708,0.637855648055429,0.9551221509011075,0.07144001527567045,-0.11270172230139075,-,"H1,CAGR"
A,ETF,ETFk24d15,U56,10.0,2W,1,1,False,2.701551867881793,0.06284853330471152,0.8400933359485547,-0.12010421457562737,0.7279197903861692,0.948014227069235,0.6442250630223614,1.0054945481147581,0.07550202453453925,-0.12010421457562748,-,"H1,CAGR"
A,ETF,ETFk24d15,U56,10.0,2W,1,2,False,2.6880585369734256,0.060349669711141196,0.8057373517845242,-0.12542459506344616,0.6936426657793664,0.9132008878355397,0.6010729132971044,0.9779101633417353,0.07373549446293026,-0.09259114287327297,-,"H1,CAGR"
A,ETF,ETFk24d15,U56,10.0,2W,1,3,False,2.714364828848383,0.0644444200457337,0.8465411844126736,-0.12999724749447528,0.7159090777591889,0.9716741030188797,0.6273177659878472,1.0309583681320267,0.07903845246913699,-0.11963297024435815,-,"H1,CAGR"
A,ETF,ETFk24d15,U56,10.0,2W,1,4,False,2.655117607291342,0.06113037136095145,0.8107250671620796,-0.15471767184751495,0.6697050774935303,0.9462695064745136,0.5777897618696272,1.0076260819805554,0.07647452281618694,-0.12859218959532792,DD,"H1,CAGR"
A,ETF,ETFk24d15,U56,10.0,M,0,0,True,1.824997975058666,0.06611354961296301,0.8634169747433311,-0.12819316757898624,0.8383731407260937,0.8876850047339455,0.7512075708023451,0.9590289733812989,0.07300359314006877,-0.12819316757898636,-,"H1,CAGR"
A,ETF,ETFk24d15,U56,10.0,M,0,1,False,1.8118607436287428,0.06655983059047132,0.8581693887692414,-0.14631824657089043,0.7861806175521282,0.9275047630375,0.712173252263224,0.9816937834750156,0.07611147845779342,-0.1463182465708902,DD,"H1,CAGR"
A,ETF,ETFk24d15,U56,10.0,M,0,2,False,1.8398215936669864,0.06520042195519826,0.8282264939274707,-0.16061513998584476,0.7662557180794379,0.8864712552298936,0.689023576953376,0.9410996544426019,0.07545186570899465,-0.16061513998584465,DD,"H1,CAGR"
A,ETF,ETFk24d15,U56,10.0,M,0,3,False,1.8141390346455797,0.06441635014942859,0.8021975666248079,-0.18225448663790533,0.740327453327229,0.8597306928480487,0.653074701934483,0.920137462378505,0.07623548921378642,-0.18225448663790544,DD,"H1,CAGR"
A,ETF,ETFk24d15,U56,10.0,M,0,4,False,1.7696467464367318,0.06274210746115916,0.7666792297561923,-0.22049063735180852,0.7303574907415902,0.8024420671792917,0.6405689914767034,0.8618289931503903,0.07459647918522205,-0.22049063735180852,DD,"H1,H2,OOS,DD,CAGR"
A,ETF,ETFk24d15,U56,10.0,6W,0,0,True,1.4777080445800002,0.06894426912285367,0.872653671288928,-0.16098270913201385,0.7348064284276136,1.0012257042267336,0.6474417346622682,1.0563029614624766,0.08523433046493545,-0.16098270913201373,DD,"H1,CAGR"
A,ETF,ETFk24d15,U56,10.0,6W,0,1,False,1.4529126751668269,0.07360931192910392,0.9200903314188231,-0.15947125549347696,0.7778237897160113,1.0506148294641737,0.6919339971286829,1.10195910750929,0.09093379985197281,-0.15947125549347674,DD,"H1,CAGR"
A,ETF,ETFk24d15,U56,10.0,6W,0,2,False,1.4667379322688037,0.07236116251397573,0.90030358370098,-0.16293255430109121,0.8188282011848432,0.975223777946212,0.7451071160934993,1.0211216737194133,0.0852992164112325,-0.162932554301092,DD,"H1,CAGR"
A,ETF,ETFk24d15,U56,10.0,6W,0,3,False,1.4192559130518205,0.07170651750077695,0.9045536080281515,-0.15814855098535674,0.8902347496411331,0.9197782026472883,0.816620002817711,0.9741686041322531,0.0792616548979792,-0.15814855098535652,DD,"H1,CAGR"
A,ETF,ETFk24d15,U56,10.0,6W,0,4,False,1.4550457861429977,0.07036651575901631,0.8939048515014613,-0.15313584833349703,0.8751066421977148,0.9136403041268865,0.8050719881969833,0.9634205411773419,0.0783882864482659,-0.15313584833349692,DD,"H1,CAGR"
A,ETF,ETFk24d15,U56,10.0,6W,1,0,False,1.4610986118817013,0.07049980653524046,0.91306872650129,-0.13453264099036966,0.8651580451855431,0.9591067486243625,0.7846517216830134,1.0209491301015663,0.07887626741617026,-0.13453264099037,-,"H1,CAGR"
A,ETF,ETFk24d15,U56,10.0,6W,1,1,False,1.5039751406359316,0.06896889826291863,0.8823001641296249,-0.15237329037168423,0.8283903354813199,0.9333255610309229,0.7483230179483881,0.9916205894198041,0.07862524870876642,-0.1523732903716839,DD,"H1,CAGR"
A,ETF,ETFk24d15,U56,10.0,6W,1,2,False,1.514231431995365,0.06735263485719245,0.8479950637727377,-0.16108481910780448,0.8066359668061055,0.8872558812928062,0.7142208984153273,0.9547343958024274,0.07777033422278157,-0.16108481910780437,DD,"H1,CAGR"
A,ETF,ETFk24d15,U56,10.0,6W,1,3,False,1.5119639824926645,0.07077739893158985,0.8828652931437687,-0.18273142902108974,0.8566402233754313,0.9088545259275065,0.7616892207137833,0.9781994238266182,0.08091684967325263,-0.1827314290210892,DD,"H1,CAGR"
A,ETF,ETFk24d15,U56,10.0,6W,1,4,False,1.484268123703183,0.06667100853571584,0.8052867571234983,-0.22224798727780504,0.856890694761504,0.7661031327805059,0.7643136959181098,0.8374522930167211,0.07240036587396448,-0.22224798727780526,DD,"H1,H2,OOS,DD,CAGR"
A,ETF,ETFk24d15,U56,10.0,6W,2,0,False,1.4947331254384202,0.06237656570032146,0.746149278594519,-0.23111890333751606,0.8140599018987908,0.691197346038543,0.7251901276712204,0.7629995939634935,0.06607186812628218,-0.23111890333751606,DD,"H1,H2,OOS,DD,CAGR"
A,ETF,ETFk24d15,U56,10.0,6W,2,1,False,1.555475657995088,0.059510668517986254,0.7197699448802068,-0.23015497673238394,0.7995730329009256,0.6549564643075027,0.7117977171305668,0.7267720767603335,0.06227675249263931,-0.23015497673238372,"H2,DD","H1,H2,OOS,DD,CAGR"
A,ETF,ETFk24d15,U56,10.0,6W,2,2,False,1.497608738399632,0.06353007359661289,0.7568701589293587,-0.2301261045318843,0.7952705631641924,0.728778679968837,0.7051433908062267,0.7970280222138475,0.06992701143283742,-0.2301261045318841,DD,"H1,H2,OOS,DD,CAGR"
A,ETF,ETFk24d15,U56,10.0,6W,2,3,False,1.5228687119012227,0.06475012075188835,0.7717008666017787,-0.23030493199484725,0.8217903584692937,0.734291403468748,0.7425894923452725,0.7949569479636591,0.06974243035409189,-0.23030493199484725,DD,"H1,H2,OOS,DD,CAGR"
A,ETF,ETFk24d15,U56,10.0,6W,2,4,False,1.5471962670222459,0.06270400991865,0.7547200163637171,-0.22998476755507824,0.8169210377942449,0.7067813662293658,0.7346439831504241,0.7711662380503853,0.06688466083549671,-0.22998476755507835,DD,"H1,H2,OOS,DD,CAGR"
A,ETF,ETFk24d15,U56,10.0,6W,3,0,False,1.5600056805563165,0.060413641855972644,0.7355101107773275,-0.22998476755507835,0.8053195770535475,0.6838911706623004,0.7207207147737469,0.7485547911008673,0.06478995777282548,-0.22998476755507835,"H2,DD","H1,H2,OOS,DD,CAGR"
A,ETF,ETFk24d15,U56,10.0,6W,3,1,False,1.56033280092822,0.06402318808044649,0.77255969700938,-0.2299543930131248,0.8100535502511124,0.7477016387825884,0.7329636296735438,0.8037882162709324,0.07031131867744023,-0.22995439301312492,DD,"H1,H2,OOS,DD,CAGR"
A,ETF,ETFk24d15,U56,10.0,6W,3,2,False,1.5573124595129073,0.06148382978539524,0.7458556345378301,-0.22995961541108345,0.7711267716827953,0.7311092313639366,0.677762102193538,0.7977979685076906,0.06963234740198421,-0.22995961541108367,DD,"H1,H2,OOS,DD,CAGR"
A,ETF,ETFk24d15,U56,10.0,6W,3,3,False,1.5353809537109413,0.06359081873531292,0.7662570634562971,-0.23038059894536633,0.7682706625913234,0.7700520638296693,0.674547716928715,0.8358855933619928,0.07321919324151582,-0.23038059894536655,DD,"H1,H2,OOS,DD,CAGR"
A,ETF,ETFk24d15,U56,10.0,6W,3,4,False,1.570508228083186,0.05705802792446946,0.7094280920576848,-0.2319474399411402,0.7490328972655933,0.6805489906377218,0.6612528850393057,0.7467870672695563,0.06292408911210945,-0.2319474399411401,"H2,DD","H1,H2,OOS,DD,CAGR"
A,ETF,ETFk24d15,U56,10.0,6W,4,0,False,1.5748210695248812,0.05743203590772228,0.7147841517362755,-0.22846524320043438,0.8389225822138202,0.6182075022113412,0.7580680194398176,0.6855324532746647,0.057726085511266234,-0.2284652432004346,"H2,DD","H1,H2,OOS,DD,CAGR"
A,ETF,ETFk24d15,U56,10.0,6W,4,1,False,1.571950746079574,0.05719345132295328,0.7090624123194694,-0.21667847003856355,0.7631653083010161,0.6690750581379679,0.6719755142584861,0.7382001163652842,0.06261209210010055,-0.21667847003856366,"H2,DD","H1,H2,OOS,DD,CAGR"
A,ETF,ETFk24d15,U56,10.0,6W,4,2,False,1.530417875264028,0.06224525610429721,0.7704583233867082,-0.22679313368860987,0.8668790778395137,0.6986651447311145,0.7806453938012173,0.7659814536782419,0.06537035425831705,-0.22679313368860965,DD,"H1,H2,OOS,DD,CAGR"
A,ETF,ETFk24d15,U56,10.0,6W,4,3,False,1.5377691074909496,0.06028943005579235,0.751477082874886,-0.20875502321009065,0.8882712969818506,0.6454256050916185,0.8065973312946665,0.7140738107924794,0.06010731140121717,-0.20875502321009043,"H2,DD","H1,H2,OOS,DD,CAGR"
A,ETF,ETFk24d15,U56,10.0,6W,4,4,False,1.541785080397426,0.05891057050142434,0.7379668352197063,-0.22610394013845336,0.879483838191907,0.6269561853327814,0.7947777379521584,0.6988537119270393,0.05838557335289796,-0.22610394013845314,"H2,DD","H1,H2,OOS,DD,CAGR"
A,ETF,ETFk24d15,U56,10.0,6W,5,0,False,1.5954846625300996,0.05736802426927334,0.7280686527397672,-0.17866948921268722,0.7954932455494222,0.6742585368758847,0.6978142345885463,0.7520157580845882,0.06166147628782759,-0.1786694892126871,"H2,DD","H1,H2,OOS,CAGR"
A,ETF,ETFk24d15,U56,10.0,6W,5,1,False,1.5444707248421583,0.060393178621921395,0.7682631095550606,-0.1789447007817453,0.7914791020392509,0.7491335736847613,0.6960884223929221,0.825755412660412,0.06637311642268728,-0.1789447007817454,DD,"H1,H2,OOS,CAGR"
A,ETF,ETFk24d15,U56,10.0,6W,5,2,False,1.5548882484158852,0.06530456170098664,0.830240630733482,-0.12712143825868227,0.74411345935886,0.9115970325926097,0.6590590941357779,0.9713983178774416,0.07741671160566765,-0.12712143825868272,-,"H1,CAGR"
A,ETF,ETFk24d15,U56,10.0,6W,5,3,False,1.5151023748381927,0.0685651831270282,0.8579377015970664,-0.13627417030756372,0.7214629236837555,0.9864390106329542,0.6383422908893254,1.0391841009262355,0.08437992357732171,-0.1362741703075636,-,"H1,CAGR"
A,ETF,ETFk24d15,U56,10.0,6W,5,4,False,1.5240675157776522,0.06630017361337681,0.8480754540970583,-0.13189820687300735,0.7274658568384428,0.9628738462742148,0.6442193732126268,1.0185205356167937,0.08034676031727739,-0.13189820687300735,-,"H1,CAGR"
A,ETF,ETFk24d15,U56,10.0,Q,0,0,True,1.1047613288961808,0.054888511895565095,0.6559315492712418,-0.24446342887361205,0.7965177853035709,0.5437093586165409,0.7155025887130853,0.6135952632400907,0.053337589607403535,-0.2444634288736114,"H2,DD","H1,H2,OOS,DD,CAGR"
A,ETF,ETFk24d15,U56,10.0,Q,0,1,False,1.1021327422561293,0.056600054216546125,0.6667067507073452,-0.24462366420496529,0.7855605097722002,0.5762381622617322,0.7014988954378575,0.6441560412284925,0.05753774612445284,-0.24462366420496562,"H2,DD","H1,H2,OOS,DD,CAGR"
A,ETF,ETFk24d15,U56,10.0,Q,0,2,False,1.0993181031222692,0.05787098449281358,0.6753016642922556,-0.24438555374297366,0.7514662957905801,0.6189859637958812,0.6648208918335842,0.6851997000213271,0.06197731338476298,-0.24438555374297366,"H2,DD","H1,H2,OOS,DD,CAGR"
A,ETF,ETFk24d15,U56,10.0,Q,0,3,False,1.0833656900447797,0.0632419508883677,0.7479346149442762,-0.24424624751417356,0.8870734480657486,0.6489253005906367,0.7979976595346507,0.7179732851104434,0.06482701583160022,-0.24424624751417356,"H2,DD","H1,H2,OOS,DD,CAGR"
A,ETF,ETFk24d15,U56,10.0,Q,0,4,False,1.069567487249503,0.059475482360473286,0.7102889315067279,-0.24435237685454492,0.8775992845738644,0.5915117661803739,0.7920212439352629,0.6596541222298492,0.059027310924472554,-0.2443523768545447,"H2,DD","H1,H2,OOS,DD,CAGR"
B,U56,U56,U56,10.0,D,0,0,True,22.33693149055698,0.11074754794617703,0.9899892545909398,-0.1611267021052033,0.9455881826630351,1.0327328762413783,0.8492431491436419,1.0975125340387923,0.12938168405598338,-0.16112670210520363,DD,H1
B,U56,U56,U56,10.0,W,0,0,True,9.451966076017927,0.1285810585333893,1.107524106116132,-0.18207063572861182,1.1098606510003914,1.1116812389018036,1.0163842999145696,1.17749120356185,0.14486778681551393,-0.18207063572861204,DD,-
B,U56,U56,U56,10.0,W,0,1,False,9.387167126049874,0.12905737981233378,1.1125855564399156,-0.18238511023822968,1.0938772262994114,1.1336873891957897,1.0245786553316287,1.1805188381679343,0.14405616967210855,-0.1823851102382298,DD,-
B,U56,U56,U56,10.0,W,0,2,False,9.30076661341984,0.133584938560652,1.1455806525290215,-0.14317643561182658,1.0723685105075704,1.2142753276211824,0.9913635769439132,1.263037813246315,0.15574577173449566,-0.13673407980624575,DD,-
B,U56,U56,U56,10.0,W,0,3,False,9.068684112016765,0.13519983379867417,1.1551467848481207,-0.1732624949551429,1.1609113333420322,1.1570207924358957,1.043080365416176,1.2404968925969246,0.1544146349970723,-0.1732624949551429,DD,-
B,U56,U56,U56,10.0,W,0,4,False,9.329083911414745,0.12046823304655518,1.0537148481392347,-0.15977306850158024,1.0410999482732317,1.0692043299133687,0.9353940303804911,1.144114133096464,0.1380206477009469,-0.15977306850158035,DD,-
B,U56,U56,U56,10.0,M,0,0,True,4.276820413281573,0.14760598013658122,1.2081323609579748,-0.19576936646959642,1.218523056007826,1.2064418707809366,1.10564811381711,1.28664832783805,0.1671339581774811,-0.19576936646959642,DD,-
B,U56,U56,U56,10.0,M,0,1,False,4.280679589905278,0.14733573405848488,1.1929077292248464,-0.20686135276126527,1.1540820605917197,1.2334705453099801,1.0394876300628892,1.3082163574782457,0.17300532721582518,-0.2068613527612655,DD,DD
B,U56,U56,U56,10.0,M,0,2,False,4.252134629024187,0.14178071725909525,1.1431668339724903,-0.2110227680114376,1.0982430479848975,1.190403153174252,0.9868577995383561,1.2589904256218325,0.16934041319326765,-0.2110227680114376,DD,DD
B,U56,U56,U56,10.0,M,0,3,False,4.2971729582298215,0.13653019025215052,1.0993214840492314,-0.21536345884619434,1.091195509647026,1.1171642739077503,0.9803495533369108,1.188577371055747,0.16028302945012385,-0.2153634588461939,DD,DD
B,U56,U56,U56,10.0,M,0,4,False,4.2465886962980495,0.13439644040929277,1.086710251041888,-0.2141711440541041,1.090905297628288,1.095153162668669,0.9734963157523115,1.1718693066431873,0.1578461404024718,-0.2141711440541043,DD,DD
B,U56,U56,U56,10.0,Q,0,0,True,2.4104291038119667,0.13573762523136557,1.0274485872704748,-0.2716821116268646,1.0900782925006094,0.9935319544069415,0.9608141209668924,1.0810541193320364,0.15649230655610658,-0.27168211162686484,DD,DD
B,U56,U56,U56,10.0,Q,0,1,False,2.4280367206054567,0.14267915353960925,1.0786923412571086,-0.26596851329480853,1.1800341372475969,1.0165713436143942,1.0569494524724157,1.103046347658165,0.1595339174111503,-0.2659685132948084,DD,DD
B,U56,U56,U56,10.0,Q,0,2,False,2.445003838452234,0.14794739688529335,1.1077995580765356,-0.2635116878064018,1.1740793342823896,1.0714725156048521,1.0652441562896036,1.1456542331764576,0.16702008543904512,-0.2635116878064018,DD,DD
B,U56,U56,U56,10.0,Q,0,3,False,2.426176874849913,0.14756360430298932,1.104999047627514,-0.276251234654186,1.2119472969825167,1.0390243573560707,1.106948248884336,1.1135711328765951,0.16214113269745223,-0.27625123465418566,DD,DD
B,U56,U56,U56,10.0,Q,0,4,False,2.4415094730687352,0.13854584464788222,1.0513907022659055,-0.28119513056653667,1.1263528201064237,1.0078843956667156,1.0096577328188514,1.0886397951720883,0.15693522343531874,-0.28119513056653667,DD,DD
B,B136,B136,B136,10.0,D,0,0,True,32.15560956602295,0.09872452952855348,0.7613971047588927,-0.19681079471085072,0.946069931748264,0.5952672829924186,0.8617004641616073,0.6836631439262333,0.08925083310477011,-0.19681079471085083,-,"H1,H2,OOS,CAGR"
B,B136,B136,B136,10.0,W,0,0,True,13.77325913183038,0.1308624355602006,0.9569274633118441,-0.20052048331108296,1.124588659762104,0.8113021031479172,1.043837850225855,0.8919165372280253,0.12486792010130943,-0.2005204833110833,-,H2
B,B136,B136,B136,10.0,W,0,1,False,13.617994099074812,0.1289627360991923,0.9439001685623166,-0.21183242565283034,1.1623237358061025,0.7533385319095867,1.0747028611844573,0.8454337682558246,0.1174960643760865,-0.21183242565283034,-,"H2,OOS,DD"
B,B136,B136,B136,10.0,W,0,2,False,13.440023460411268,0.13261577634078825,0.9683920049448085,-0.18427904218115787,1.190576471992919,0.7736670174313941,1.101050570308231,0.8681203978582853,0.12082715380008469,-0.18427904218115765,-,"H2,OOS"
B,B136,B136,B136,10.0,W,0,3,False,13.532139220254214,0.13076241026945268,0.9481879185873883,-0.21093629098286593,1.140111880085075,0.7835679898928074,1.051870018921246,0.8713658854294836,0.12314090333457872,-0.21093629098286604,-,"H2,OOS,DD"
B,B136,B136,B136,10.0,W,0,4,False,13.589151601252016,0.12453590446646068,0.9138279593557492,-0.2284629271268297,1.1300668549321178,0.7292529868663996,1.0473270042209646,0.8156916191968554,0.1137639568923765,-0.2284629271268297,DD,"H2,OOS,DD"
B,B136,B136,B136,10.0,M,0,0,True,6.301395600982906,0.1632241847097844,1.0999138387831955,-0.2610459352657424,1.3284377023105518,0.9206926821647687,1.2386787755380106,1.006515564536546,0.15673660457118688,-0.2610459352657424,DD,DD
B,B136,B136,B136,10.0,M,0,1,False,6.323177994687639,0.15876292736954878,1.0782505327765393,-0.2661938401115511,1.320090345316813,0.8882738501353067,1.2107659209898003,0.9894750474205205,0.1530333956747112,-0.2661938401115512,DD,DD
B,B136,B136,B136,10.0,M,0,2,False,6.359838826885317,0.1504626533691864,1.0213750051135027,-0.2599795059665848,1.2716406727541094,0.8260582979730194,1.1638654314328238,0.9261283340837194,0.14317904509342005,-0.25997950596658514,DD,"H2,DD"
B,B136,B136,B136,10.0,M,0,3,False,6.407642548898772,0.14413529850709583,0.9866243933431483,-0.25180953868917844,1.2473042932003189,0.7827146249864495,1.1563266347483117,0.8727927209204921,0.13339836562957474,-0.2518095386891781,DD,"H2,OOS,DD"
B,B136,B136,B136,10.0,M,0,4,False,6.312533440847267,0.14319553028044152,0.9887978401886691,-0.2565873129078239,1.277623068065112,0.7578266750567852,1.188331439609451,0.8513962395395497,0.12782975397819185,-0.2565873129078241,DD,"H2,OOS,DD"
B,B136,B136,B136,10.0,Q,0,0,True,3.4815433070190864,0.13794876136395362,0.9195066629826331,-0.2706384728781538,1.27339077453233,0.6541340724795157,1.1739708476592357,0.7549663623138549,0.11815465211090403,-0.27063847287815357,DD,"H2,OOS,DD"
B,B136,B136,B136,10.0,Q,0,1,False,3.4966357028549178,0.14377623993455413,0.9617074560723117,-0.27085886239173784,1.2862321267689794,0.720561302439185,1.1862306693894373,0.8184752067087775,0.12882479753999543,-0.27085886239173784,DD,"H2,OOS,DD"
B,B136,B136,B136,10.0,Q,0,2,False,3.5158433296878364,0.14576271109263184,0.9609989801670418,-0.2670148815951121,1.263100626533565,0.7331388089073096,1.1544578061977269,0.8360725496693049,0.13340341048123094,-0.2670148815951118,DD,"H2,OOS,DD"
B,B136,B136,B136,10.0,Q,0,3,False,3.4837130897430675,0.14756825811517538,0.9740724597891067,-0.27807155794985317,1.2561625536613517,0.7653537837693978,1.1594539424321755,0.8565804562152926,0.13725694460706794,-0.27807155794985283,DD,"H2,OOS,DD"
B,B136,B136,B136,10.0,Q,0,4,False,3.500327248472837,0.15217436534099127,1.0090452752159724,-0.26169645079975656,1.2746292199972478,0.8090857796646843,1.175890356485152,0.90276785066887,0.14415124660098666,-0.2616964507997561,DD,"H2,DD"
B,B136,BSTK100,B136,10.0,D,0,0,True,29.874603132216073,0.10885714802388646,0.8260777911231892,-0.19216933514464074,0.9965555201549966,0.6691060108702469,0.8983871382766692,0.768531544600373,0.10168338578625313,-0.1921693351446403,-,"H2,OOS"
B,B136,BSTK100,B136,10.0,W,0,0,True,12.589295335786852,0.137359222715701,0.9946124990079899,-0.2036794604461658,1.182699741582634,0.8264783723117254,1.0906094788993188,0.9203117832965341,0.12876546477135853,-0.2036794604461657,-,"H2,DD"
B,B136,BSTK100,B136,10.0,W,0,1,False,12.684262010711583,0.13798172001865816,1.0020974826515194,-0.20968787145573775,1.2134772407684573,0.8114772831064017,1.1217669231610086,0.9088103034482978,0.12615662047098697,-0.20968787145573775,-,"H2,DD"
B,B136,BSTK100,B136,10.0,W,0,2,False,12.53847011453498,0.14010750665854288,1.0171007515578077,-0.17753635370157073,1.2560672848191388,0.8005408177150012,1.1623318804930416,0.9034104857303872,0.12493185643039961,-0.17753635370157084,-,H2
B,B136,BSTK100,B136,10.0,W,0,3,False,12.66785468560138,0.1364430030143715,0.9786919518734708,-0.21407708093508693,1.1807521950625672,0.8004539542599959,1.0936748222933554,0.8907324040273427,0.12595967174021583,-0.21407708093508693,DD,"H2,DD"
B,B136,BSTK100,B136,10.0,W,0,4,False,12.787687650117155,0.12663711388862775,0.9236197910350276,-0.24182998499976793,1.1576616391325558,0.7183873292450874,1.051761286663468,0.8266329499766122,0.11504808405355615,-0.24182998499976804,DD,"H2,OOS,DD"
B,B136,BSTK100,B136,10.0,M,0,0,True,5.948085221426636,0.16787116808750024,1.1299150398383981,-0.26174781144267256,1.3282718119458785,0.972417809797371,1.233269164875847,1.059495713575414,0.16486746713907507,-0.2617478114426729,DD,DD
B,B136,BSTK100,B136,10.0,M,0,1,False,5.955259956136542,0.15883817039678627,1.0824656889759887,-0.2569285973358363,1.306422836889779,0.9003518018574802,1.1834163541210867,1.0126843600997903,0.1551106903192061,-0.2569285973358362,DD,DD
B,B136,BSTK100,B136,10.0,M,0,2,False,5.948464267572329,0.1492512470617482,1.0217508530419566,-0.2589588996385357,1.265530169953618,0.823487403851056,1.1591649895319762,0.9253727587687259,0.14028673765700694,-0.2589588996385359,DD,"H2,DD"
B,B136,BSTK100,B136,10.0,M,0,3,False,5.958860931755421,0.14617832374085293,0.9979884958404293,-0.257738681238013,1.2406975225649344,0.8017694967581798,1.1567904605487203,0.8870311921059868,0.134674643036931,-0.2577386812380128,DD,"H2,DD"
B,B136,BSTK100,B136,10.0,M,0,4,False,5.83577965177086,0.14506096666576984,1.0035121563659062,-0.2475929361985193,1.2912669200404976,0.7658639179007767,1.1846378597885545,0.8745652766834422,0.1301551921835875,-0.24759293619851963,DD,"H2,OOS,DD"
B,B136,BSTK100,B136,10.0,Q,0,0,True,3.2760451528277157,0.14182428063034735,0.9479482888445522,-0.2817040670075901,1.2658938694965676,0.7091943943668755,1.1543064530304814,0.814685527639267,0.12806357204756136,-0.28170406700759,DD,"H2,OOS,DD"
B,B136,BSTK100,B136,10.0,Q,0,1,False,3.2954758407381917,0.15215175673337367,1.0143346979613197,-0.27656297864296975,1.2680078486719366,0.8248584703260414,1.1519625312342887,0.9278064637158884,0.1479121721063772,-0.27656297864296975,DD,"H2,DD"
B,B136,BSTK100,B136,10.0,Q,0,2,False,3.3285688363944548,0.1493439628136224,0.9904535356848103,-0.2918862975443688,1.2480108337301183,0.7961921570942254,1.1398899847143755,0.8940937571793833,0.14240089794547206,-0.29188629754436846,DD,"H2,DD"
B,B136,BSTK100,B136,10.0,Q,0,3,False,3.286730990626856,0.1483354069175722,0.9812209350287937,-0.2951473956872157,1.2387768136438542,0.7850059356787062,1.1336291352756114,0.8820944435857446,0.1405289346245966,-0.2951473956872156,DD,"H2,DD"
B,B136,BSTK100,B136,10.0,Q,0,4,False,3.2733457124230028,0.15087503769681554,1.0104402584914234,-0.2839820246096326,1.2633831533936657,0.8150545014833317,1.1436873742586282,0.9236336987599739,0.14551934772462882,-0.2839820246096326,DD,"H2,DD"
B,U56,ETF36,U56,10.0,D,0,0,True,16.419875080554647,0.056640375389557684,0.694836090885259,-0.14130454295299466,0.6796322601410554,0.7096384267063065,0.5881338698594194,0.7818193190973317,0.06474690943796002,-0.14130454295299577,DD,"H1,H2,OOS,CAGR"
B,U56,ETF36,U56,10.0,W,0,0,True,6.6819426206724915,0.06840811154024284,0.8170838725779783,-0.15168285881703947,0.7535012167452557,0.8768860400482372,0.6620954504264085,0.9418936547049168,0.08073733344914702,-0.15168285881703913,DD,"H1,CAGR"
B,U56,ETF36,U56,10.0,W,0,1,False,6.578817407253533,0.07277083203218249,0.8591029840237056,-0.14783563463534855,0.84505893870605,0.8731407816787085,0.7569276118432788,0.9416248087828679,0.08116738236991461,-0.14783563463534866,DD,"H1,CAGR"
B,U56,ETF36,U56,10.0,W,0,2,False,6.67104510202468,0.0684751786287432,0.80352172034153,-0.14317357186519353,0.7420608135812605,0.8610000364583189,0.6522635208539572,0.9238134835471933,0.08108746780232523,-0.11914817279184342,DD,"H1,CAGR"
B,U56,ETF36,U56,10.0,W,0,3,False,6.508826430833577,0.06743209199346589,0.7972746383582776,-0.12968225484432494,0.7871694752965248,0.8076647059125351,0.6964906700943418,0.8782703839925079,0.07581718628044665,-0.12968225484432694,-,"H1,H2,OOS,CAGR"
B,U56,ETF36,U56,10.0,W,0,4,False,6.642452423853667,0.0634125534573946,0.7570256795159948,-0.13938650727818758,0.6619431992331601,0.8468202239555825,0.5581791563422906,0.9195947229097564,0.07872313621819704,-0.11831229056849157,DD,"H1,CAGR"
B,U56,ETF36,U56,10.0,M,0,0,True,2.9657576920916493,0.08053617419984915,0.9206885188187689,-0.1384350820002439,0.9341309304553084,0.9092190910177025,0.8595083561422748,0.9701479968149666,0.08597987827144782,-0.13843508200024357,DD,"H1,CAGR"
B,U56,ETF36,U56,10.0,M,0,1,False,2.9801001270979737,0.07913969785835029,0.8908581275830117,-0.1597303128429841,0.8697082262479215,0.9114360418190935,0.7865780515196348,0.9756895051268458,0.08792652208354568,-0.159730312842984,DD,"H1,CAGR"
B,U56,ETF36,U56,10.0,M,0,2,False,2.960506149932139,0.07473611761663679,0.8176347941452055,-0.2066775480809212,0.8572266556311201,0.7880740353462604,0.7692178696641745,0.8554099541690884,0.08174728130519293,-0.20667754808092076,DD,"H1,H2,OOS,DD,CAGR"
B,U56,ETF36,U56,10.0,M,0,3,False,2.875049199198119,0.07646269386180982,0.8267318675024732,-0.22149884418922472,0.881738163450778,0.7885060909574649,0.8014605826682626,0.8480199907532288,0.0831516423573615,-0.22149884418922483,DD,"H1,H2,OOS,DD,CAGR"
B,U56,ETF36,U56,10.0,M,0,4,False,2.8201282818718254,0.07565048916113093,0.8225482734979918,-0.21743031974643157,0.8545702228933117,0.8022937748299761,0.7652572874498997,0.8668562195326253,0.0844981599166279,-0.2174303197464319,DD,"H1,H2,OOS,DD,CAGR"
B,U56,ETF36,U56,10.0,Q,0,0,True,1.7494753285810525,0.060234999612942985,0.6308448517123103,-0.26856003098776204,0.7530020595156088,0.5361245160692606,0.6664916318195351,0.607343540753007,0.06081752878483693,-0.26856003098776227,"H2,DD","H1,H2,OOS,DD,CAGR"
B,U56,ETF36,U56,10.0,Q,0,1,False,1.8070294065187793,0.06270795966090348,0.64914664334785,-0.2693308608170911,0.73222016373641,0.5881356131108786,0.6445600727606007,0.6550890166302907,0.06701330005622852,-0.2693308608170931,"H2,DD","H1,H2,OOS,DD,CAGR"
B,U56,ETF36,U56,10.0,Q,0,2,False,1.7742296527900943,0.06315500179353473,0.6501040466941307,-0.2698299031209731,0.7546422719265005,0.5747043140155836,0.6607360054176954,0.6463081798687568,0.066926587025947,-0.2698299031209729,"H2,DD","H1,H2,OOS,DD,CAGR"
B,U56,ETF36,U56,10.0,Q,0,3,False,1.7743347753149878,0.07091769914207835,0.7270088227823065,-0.26290765625077617,0.8760241197278689,0.6234584441364358,0.7927253686575675,0.6883272548067726,0.07202591233356226,-0.2629076562507767,"H2,DD","H1,H2,OOS,DD,CAGR"
B,U56,ETF36,U56,10.0,Q,0,4,False,1.7198409517184956,0.06526388827504204,0.6733043182133677,-0.2851967823183591,0.8223638741634189,0.5660651630423833,0.7416770177392008,0.6308525981955326,0.06507914259954872,-0.2851967823183591,"H2,DD","H1,H2,OOS,DD,CAGR"
B,SMALL484,SMALL484,SMALL484,10.0,D,0,0,True,44.73466723906654,0.04138158268201231,0.3271435182985044,-0.40054999098854693,0.47982595326435923,0.20288852559922443,0.3157814270482616,0.3340940484861686,0.04376650349268996,-0.40054999098854693,"H1,H2,DD","H1,H2,OOS,DD,CAGR"
B,SMALL484,SMALL484,SMALL484,10.0,W,0,0,True,20.935636351746496,0.07395075126493311,0.5055878058137365,-0.2634680191668757,0.6662652124445838,0.37550452644356613,0.477615810076092,0.5220948760312024,0.07968668630723763,-0.26346801916687745,H2,"H1,H2,OOS,DD,CAGR"
B,SMALL484,SMALL484,SMALL484,10.0,W,0,1,False,21.127853257162233,0.07850199050866169,0.5326533522281103,-0.26412230639021583,0.6226947737703419,0.461214605882489,0.43428025839579465,0.5878554370486778,0.09188466326710176,-0.26412230639021694,H2,"H1,H2,OOS,DD,CAGR"
B,SMALL484,SMALL484,SMALL484,10.0,W,0,2,False,20.84438403829216,0.08720331266947623,0.5736107516356469,-0.28838687333868984,0.7449095021014774,0.437368069942563,0.6212743188026062,0.5494444753156403,0.08600663469168901,-0.2883868733386902,H2,"H1,H2,OOS,DD,CAGR"
B,SMALL484,SMALL484,SMALL484,10.0,W,0,3,False,20.84017548307786,0.08882656802721667,0.579417145230825,-0.26864524163679937,0.7643139742338029,0.43186484034634526,0.5747648724474902,0.5834114572428152,0.09300391944075126,-0.2686452416367998,H2,"H1,H2,OOS,DD,CAGR"
B,SMALL484,SMALL484,SMALL484,10.0,W,0,4,False,20.934217773225683,0.06782569895987045,0.46936785287168714,-0.2996014934492469,0.7539848672834711,0.24359050759733056,0.5738755643824645,0.4150783640302399,0.06018418635726808,-0.29960149344924636,H2,"H1,H2,OOS,DD,CAGR"
B,SMALL484,SMALL484,SMALL484,10.0,M,0,0,True,9.888485869013289,0.06977027004223113,0.47279070372220794,-0.33218468883323937,0.6835279699403327,0.3025689665160517,0.58394598427871,0.41397165344227166,0.06086413897046983,-0.33218468883323915,H2,"H1,H2,OOS,DD,CAGR"
B,SMALL484,SMALL484,SMALL484,10.0,M,0,1,False,9.962810497550617,0.07424771479143177,0.4977254672874883,-0.3229899669033435,0.6999995458449124,0.3327216595593689,0.590186261318364,0.448604567916402,0.06733428383369078,-0.3229899669033435,H2,"H1,H2,OOS,DD,CAGR"
B,SMALL484,SMALL484,SMALL484,10.0,M,0,2,False,9.965362034720249,0.08581567831303638,0.5566564723330988,-0.3688740195865823,0.7678848599276082,0.3865440661107816,0.7025048193805534,0.47984870952145303,0.07403682265465328,-0.3688740195865826,"H2,DD","H1,H2,OOS,DD,CAGR"
B,SMALL484,SMALL484,SMALL484,10.0,M,0,3,False,9.950956919157464,0.08910001301650428,0.5746536653227088,-0.3539565515194817,0.8152987611932718,0.3768495489735569,0.7255247284459279,0.49348490762626845,0.07629689582391519,-0.35395655151948213,"H2,DD","H1,H2,OOS,DD,CAGR"
B,SMALL484,SMALL484,SMALL484,10.0,M,0,4,False,10.003753559838897,0.08952309531796954,0.5794644605164968,-0.3340490044456923,0.8336460561218797,0.37418712832060474,0.6927025804621628,0.5193980860124673,0.08111308037187426,-0.3340490044456931,H2,"H1,H2,OOS,DD,CAGR"
B,SMALL484,SMALL484,SMALL484,10.0,Q,0,0,True,4.572030400760212,0.03617231338016569,0.2868915830651043,-0.416033000040927,0.509490683344014,0.11621701906206658,0.47222059255045784,0.19312300711847846,0.018717584463249448,-0.416033000040927,"H1,H2,DD","H1,H2,OOS,DD,CAGR"
B,SMALL484,SMALL484,SMALL484,10.0,Q,0,1,False,4.666830959742044,0.036223242514195064,0.28803575408893056,-0.3855895822501184,0.44580881618152135,0.16619708478250111,0.48809712724612947,0.18420878637343346,0.016990503459867634,-0.3855895822501192,"H1,H2,DD","H1,H2,OOS,DD,CAGR"
B,SMALL484,SMALL484,SMALL484,10.0,Q,0,2,False,4.663268410726327,0.03996763340250231,0.30844031162095825,-0.43588202821555033,0.5962580561485361,0.08293517209854252,0.6254512572398379,0.14435758352487738,0.009310353276143157,-0.4358820282155488,"H2,DD","H1,H2,OOS,DD,CAGR"
B,SMALL484,SMALL484,SMALL484,10.0,Q,0,3,False,4.6496355342297715,0.0453744650320671,0.3352084299633367,-0.4355027212851811,0.6249511512372994,0.10362049584669933,0.531453944042933,0.23395193544334547,0.02676856690875673,-0.4355027212851801,"H2,DD","H1,H2,OOS,DD,CAGR"
B,SMALL484,SMALL484,SMALL484,10.0,Q,0,4,False,4.65240259189649,0.03896241290693436,0.3019749871607571,-0.4880003714750075,0.7490665487606707,-0.05645679879890717,0.6704636289077821,0.1114084906982713,0.002856797911827913,-0.4880003714750081,"H2,DD","H1,H2,OOS,DD,CAGR"
B,B136,B136k20d00,B136,10.0,D,0,0,True,6.973425478628779,0.09041295411917782,1.1064382806321298,-0.11370112413700761,1.2243049793646696,0.9969146255788941,1.0356633442073058,1.163421352366296,0.09649617045110137,-0.11370112413700717,-,CAGR
B,B136,B136k20d00,B136,10.0,W,0,0,True,3.2879475101006888,0.09702870089769755,1.1615180796936109,-0.13629509576810828,1.3312457908882571,1.0075026085409775,1.149921543544096,1.170910870993288,0.09970923194045134,-0.1362950957681086,-,CAGR
B,B136,B136k20d00,B136,10.0,W,0,1,False,3.2005296668878302,0.0986572926682805,1.1751370962514651,-0.13473893176513185,1.330037795157604,1.0317974782994002,1.1502941738100747,1.1950636015603218,0.10162706622284201,-0.13473893176513219,-,CAGR
B,B136,B136k20d00,B136,10.0,W,0,2,False,3.2567785625708487,0.09565677697532449,1.134661954664933,-0.119924949005209,1.3537017033093028,0.9367875725832302,1.171508041030214,1.1059738598475877,0.09499346068684611,-0.11992494900520845,-,CAGR
B,B136,B136k20d00,B136,10.0,W,0,3,False,3.313026918854184,0.09216797577862823,1.095830438957003,-0.11912768150346831,1.2411540888085664,0.964187745454851,1.0547225717257158,1.1285912480175222,0.09692964835712692,-0.11912768150346842,-,CAGR
B,B136,B136k20d00,B136,10.0,W,0,4,False,3.402829639504397,0.08777779343459291,1.0548729184887509,-0.12334052268165407,1.2360037259459693,0.8901159501440712,1.0580288010622227,1.0525361758556877,0.08914205414691034,-0.12334052268165396,-,CAGR
B,B136,B136k20d00,B136,10.0,M,0,0,True,1.6145711446511297,0.10392132849663138,1.1790287312824117,-0.14051936554064604,1.3640361637781893,1.0103217240949085,1.205288533197034,1.1581153593889888,0.10344632681377419,-0.14051936554064626,-,CAGR
B,B136,B136k20d00,B136,10.0,M,0,1,False,1.6835965292898354,0.10061895512344154,1.1349397813049533,-0.15077397333040976,1.2865670031111847,0.9996155521072126,1.1221432203192128,1.1453487995702234,0.10378331260147156,-0.15077397333041043,-,CAGR
B,B136,B136k20d00,B136,10.0,M,0,2,False,1.637537370082199,0.0989385072144,1.1007754263151874,-0.1622894459230253,1.3336854545931154,0.8989033536360678,1.1654329990325654,1.0523418937268227,0.09728477226440257,-0.1622894459230252,-,CAGR
B,B136,B136k20d00,B136,10.0,M,0,3,False,1.6328102691922366,0.10005220344040966,1.1049699103899957,-0.17520656888034525,1.276086404749292,0.962768966592848,1.0956912842962703,1.1139575098144587,0.10526305093310118,-0.17520656888034525,-,CAGR
B,B136,B136k20d00,B136,10.0,M,0,4,False,1.6555625571073185,0.09615800761011961,1.0588492722847138,-0.19117586074638082,1.232576745192436,0.9205707574311295,1.0574744867858679,1.0631619313726002,0.10182237705591546,-0.1911758607463807,-,CAGR
B,B136,B136k20d00,B136,10.0,Q,0,0,True,0.8764545611843533,0.09553484665099954,0.9686530697278721,-0.24313655904813503,1.274988348876356,0.7299989824332327,1.10937495919077,0.8736429958269691,0.09072967170873003,-0.24313655904813458,DD,"H2,OOS,DD,CAGR"
B,B136,B136k20d00,B136,10.0,Q,0,1,False,0.9082611601173731,0.09055931288255858,0.9254735816358624,-0.2434293823557907,1.2394810222956747,0.6859484477600262,1.0670652810436279,0.8324429420153759,0.08626542909340795,-0.24342938235579015,DD,"H2,OOS,DD,CAGR"
B,B136,B136k20d00,B136,10.0,Q,0,2,False,0.8802012208955773,0.0957776798156258,0.9544810782962445,-0.24379419609092878,1.25360331711674,0.7253057107035662,1.088555055131286,0.8656282164827402,0.09181524406531372,-0.24379419609092878,DD,"H2,OOS,DD,CAGR"
B,B136,B136k20d00,B136,10.0,Q,0,3,False,0.8614994573743469,0.09903655167687342,0.996577702087215,-0.2437604614694744,1.3146483398585878,0.7584476085218383,1.1493271318833893,0.897994876432203,0.09493220576800043,-0.24376046146947428,DD,"H2,DD,CAGR"
B,B136,B136k20d00,B136,10.0,Q,0,4,False,0.8817313161793353,0.09398343394743791,0.9660612582052439,-0.24405091003820134,1.303170584230178,0.7057261766699178,1.1350626133179362,0.8527634946965623,0.08746491406468349,-0.24405091003820145,DD,"H2,OOS,DD,CAGR"
B,B136,B136k20d01,B136,10.0,D,0,0,True,7.032938199690279,0.07095102497705064,0.9769096610074194,-0.12473042640047483,0.951833098497753,1.001537932725164,0.771036418727108,1.1392335789314552,0.08551037202937217,-0.12473042640047471,-,"H1,CAGR"
B,B136,B136k20d01,B136,10.0,W,0,0,True,3.319469533301906,0.07510720480347777,1.0094063557358797,-0.1448425217402648,1.0202095153329735,1.003214972298425,0.865378685327658,1.12062996919619,0.08692849486327492,-0.14484252174026468,-,CAGR
B,B136,B136k20d01,B136,10.0,W,0,1,False,3.2793213550820117,0.07504393364474793,1.002500258942093,-0.15299632681656972,1.016105514768318,0.9926590724802569,0.8499596073335125,1.1217490914615205,0.08696122748930057,-0.15299632681656938,-,CAGR
B,B136,B136k20d01,B136,10.0,W,0,2,False,3.2911781873945465,0.07770202564984507,1.0364215650703352,-0.11125968597743308,0.9920905855324752,1.0788536894504432,0.8433207426382235,1.187194311130764,0.09237739744469753,-0.11125968597743141,-,CAGR
B,B136,B136k20d01,B136,10.0,W,0,3,False,3.389975284681804,0.07346432081584187,0.9812206379797481,-0.12142618495996493,0.958385797150205,1.004350705879036,0.8017581158917992,1.1206961624909235,0.08726814564021312,-0.12142618495996493,-,CAGR
B,B136,B136k20d01,B136,10.0,W,0,4,False,3.3762595642022366,0.07141401774523248,0.9604535631529307,-0.12724950632804555,0.9179628741269852,1.0010610967017968,0.7528573736036102,1.1220537498624552,0.08681099709620388,-0.12724950632804588,-,"H1,CAGR"
B,B136,B136k20d01,B136,10.0,M,0,0,True,1.6945975255185564,0.08085675146013571,1.0432490202931801,-0.15681133103294465,1.045479202681371,1.0430665901366183,0.8957138006078557,1.1599943615480246,0.0925008787965087,-0.15681133103294453,-,CAGR
B,B136,B136k20d01,B136,10.0,M,0,1,False,1.6528250520172674,0.08029651785501613,1.0188964367566749,-0.17772451943406287,1.002747682182504,1.0369381653943328,0.8421924409265633,1.1544028657423502,0.09534332137425805,-0.17772451943406287,-,CAGR
B,B136,B136k20d01,B136,10.0,M,0,2,False,1.6769283680869675,0.07344791609044576,0.9061775906124662,-0.20902483321662368,0.9680473578914792,0.8638563273984231,0.8097516223627039,0.9787752431108557,0.08501485675999754,-0.20902483321662346,-,"DD,CAGR"
B,B136,B136k20d01,B136,10.0,M,0,3,False,1.6455920647600162,0.07976683239559201,0.9784567007115917,-0.2065544124978752,0.9793878091416695,0.9896500860445089,0.8179403413400207,1.095320855214523,0.09724161818618815,-0.20655441249787465,-,"DD,CAGR"
B,B136,B136k20d01,B136,10.0,M,0,4,False,1.6556299117109023,0.07744104618465864,0.9376479349309523,-0.22306307613634613,0.9881694479493133,0.9122412954381791,0.8373661268435628,1.0129595263564837,0.09159568543127783,-0.22306307613634635,DD,"DD,CAGR"
B,B136,B136k20d01,B136,10.0,Q,0,0,True,0.9410553832788067,0.07903125635376984,0.8901726939714368,-0.25314180431020394,1.0038920722773328,0.8239345172268417,0.8536097885156806,0.924330279939033,0.09062343590858779,-0.25314180431020383,DD,"H2,DD,CAGR"
B,B136,B136k20d01,B136,10.0,Q,0,1,False,0.9862469898580155,0.07739041117482448,0.8561094202855543,-0.26702047615020186,0.9612233370190411,0.7977563868593348,0.7978319756667972,0.9044546079322693,0.09083964127408639,-0.26702047615020197,DD,"H2,DD,CAGR"
B,B136,B136k20d01,B136,10.0,Q,0,2,False,0.9676267999789894,0.07507173660260236,0.8306534453862029,-0.2666283931569511,0.9074534042676775,0.78912986858204,0.7434088741173305,0.8966187773133869,0.08951982514314039,-0.2666283931569511,DD,"H1,H2,DD,CAGR"
B,B136,B136k20d01,B136,10.0,Q,0,3,False,0.9698960573345519,0.08342396256622697,0.9282591940616953,-0.26656177342679344,1.0219653779523186,0.8844993076976106,0.8470070358495443,0.9931208353930567,0.10012481637850201,-0.26656177342679355,DD,"DD,CAGR"
B,B136,B136k20d01,B136,10.0,Q,0,4,False,0.9693874105934267,0.07854536650550781,0.8874841430934668,-0.2667891874735254,1.0339951476670535,0.8003298446268364,0.8773419352944195,0.9061609844973715,0.08900425747559249,-0.26678918747352554,DD,"H2,DD,CAGR"
B,B136,B136k20d02,B136,10.0,D,0,0,True,6.7421534366377145,0.07438451737823626,0.9397671347051169,-0.11734204831708772,0.9684354891950389,0.9124503659684418,0.8592478803544302,1.007155728162905,0.07960153161318773,-0.11734204831708717,-,CAGR
B,B136,B136k20d02,B136,10.0,W,0,0,True,3.3128058199833053,0.07511897524096534,0.9338354329429152,-0.12603049224851914,0.9989121904432172,0.8731632105774777,0.8799370953581024,0.9781061901587006,0.07901189724358315,-0.12603049224851948,-,CAGR
B,B136,B136k20d02,B136,10.0,W,0,1,False,3.1653230580698595,0.07781018830634334,0.9622710988070328,-0.12853660497718433,0.9994201432723329,0.9267751159432286,0.8730060905193374,1.0373208668456106,0.08365156063245727,-0.12853660497718367,-,CAGR
B,B136,B136k20d02,B136,10.0,W,0,2,False,3.1908240841701634,0.082252436118883,1.0068883289204669,-0.10834930252679142,1.031334085255925,0.9840282310372283,0.9168107234518091,1.0817047063905516,0.08855473195754149,-0.10372229671192434,-,CAGR
B,B136,B136k20d02,B136,10.0,W,0,3,False,3.172210960212118,0.08096451344920608,0.9909110018816061,-0.11243442621279964,1.0403378608598666,0.9447070562930354,0.9269141930350359,1.0436726056088352,0.08555447723709952,-0.11243442621279987,-,CAGR
B,B136,B136k20d02,B136,10.0,W,0,4,False,3.211276462793187,0.07060479510389372,0.8785751174057082,-0.10919505705948962,0.910367942855507,0.8484818023292608,0.7988932194426959,0.945042689773445,0.07598269054003293,-0.10919505705948962,-,"H1,CAGR"
B,B136,B136k20d02,B136,10.0,M,0,0,True,1.568067601369368,0.08606022732757235,1.0220753900952089,-0.11345610348596391,1.0073382113598157,1.0363780271666743,0.8982706552281718,1.1271226479354768,0.09450362075278429,-0.11345610348596313,-,CAGR
B,B136,B136k20d02,B136,10.0,M,0,1,False,1.5914843890374413,0.0830179089113059,0.968457164706802,-0.14426531321061276,0.9450666215999263,0.9911011684698608,0.830116132857605,1.0830870575416052,0.09355146267611048,-0.1442653132106131,-,"H1,CAGR"
B,B136,B136k20d02,B136,10.0,M,0,2,False,1.5994031915376632,0.08048889317635122,0.9138978580162775,-0.18906661501711497,1.008806242469494,0.8340472368653415,0.8920891841566522,0.9314503541254096,0.08458755490426229,-0.1890666150171152,-,CAGR
B,B136,B136k20d02,B136,10.0,M,0,3,False,1.6059929090270568,0.0813465604210144,0.9323091534035953,-0.18860354981128036,1.017297291595828,0.8622097500762104,0.9011360042161267,0.9571423827263412,0.08645740299633453,-0.18860354981128025,-,CAGR
B,B136,B136k20d02,B136,10.0,M,0,4,False,1.6360961370866194,0.0739512324230771,0.8343738447183442,-0.20951325281132338,0.978982340239124,0.7215299523593651,0.8656464442560081,0.8142316200306678,0.07580856490167198,-0.2095132528113237,-,"H2,OOS,DD,CAGR"
B,B136,B136k20d02,B136,10.0,Q,0,0,True,0.8904023368842593,0.0864975137645958,0.9235703045301179,-0.2460417204938199,1.0606562718684855,0.8251409089407401,0.9466587204993314,0.9122344400139383,0.09114648182747986,-0.24604172049382034,DD,"H2,DD,CAGR"
B,B136,B136k20d02,B136,10.0,Q,0,1,False,0.9058540094985074,0.0815475021348262,0.8573583591447635,-0.2578338257105166,1.0395386122072259,0.7277598852887948,0.9293004989042504,0.813905567628657,0.0828610857964196,-0.25783382571051694,DD,"H2,OOS,DD,CAGR"
B,B136,B136k20d02,B136,10.0,Q,0,2,False,0.887846582454475,0.0845951657880677,0.8793310186148425,-0.25750204262032717,1.043303840043066,0.7641869321536994,0.9317051276121738,0.8495369823097997,0.08769504804665029,-0.25750204262032717,DD,"H2,OOS,DD,CAGR"
B,B136,B136k20d02,B136,10.0,Q,0,3,False,0.909047510130804,0.08543062849143856,0.8965402691210447,-0.2573892153727054,1.0661703557728446,0.7767844968843145,0.9636436437153051,0.8564864722797285,0.0874037446067164,-0.2573892153727051,DD,"H2,OOS,DD,CAGR"
B,B136,B136k20d02,B136,10.0,Q,0,4,False,0.901290863512245,0.0804697534448997,0.8569700413562474,-0.25953327513930713,1.0649517765628933,0.7027924785207802,0.961071819612318,0.7891953797309563,0.07857372233110893,-0.25953327513930813,DD,"H2,OOS,DD,CAGR"
B,B136,B136k20d03,B136,10.0,D,0,0,True,6.892226755879688,0.07269733159496372,0.9958309812586867,-0.10665505562840072,1.044021051535776,0.9496872265361173,0.9378730258771902,1.0437561655581207,0.07626746576008414,-0.10665505562840061,-,CAGR
B,B136,B136k20d03,B136,10.0,W,0,0,True,3.361237835106719,0.07885935633740915,1.0510275897204049,-0.12529978322542423,1.1418679372209337,0.9677375680109587,1.031265193857736,1.0668705260449016,0.08105213856841176,-0.12529978322542434,-,CAGR
B,B136,B136k20d03,B136,10.0,W,0,1,False,3.2244200407696764,0.08032257289318445,1.0760390520546388,-0.12564306839438943,1.1560582464816902,1.0002496960589018,1.0382779755687899,1.1069782503981946,0.08282711711676227,-0.12564306839439032,-,CAGR
B,B136,B136k20d03,B136,10.0,W,0,2,False,3.200658350785833,0.0825608662092534,1.089402545149106,-0.11079537726787958,1.1134125181752756,1.0668604701130215,1.003381433779056,1.1602376934405136,0.08834254518476037,-0.09790640902769754,-,CAGR
B,B136,B136k20d03,B136,10.0,W,0,3,False,3.253948315603879,0.08182414119973469,1.072919222233701,-0.11301270974181676,1.1022137810190684,1.0466289336680275,1.000753188068184,1.1310962771511668,0.08748789694635173,-0.11301270974181687,-,CAGR
B,B136,B136k20d03,B136,10.0,W,0,4,False,3.308592385840362,0.07557065417082343,1.0078887854517338,-0.12949583954115584,1.066275885299902,0.9535396259602995,0.9604030925391147,1.0464199773424743,0.07914520296987027,-0.12949583954115507,-,CAGR
B,B136,B136k20d03,B136,10.0,M,0,0,True,1.6188596822415025,0.08923050260826315,1.1396449011204892,-0.1215955871595018,1.2087092154495864,1.077034837052955,1.1116620886712243,1.1620818027976672,0.09225995801651066,-0.12159558715950147,-,CAGR
B,B136,B136k20d03,B136,10.0,M,0,1,False,1.5772957620822075,0.09034117158790722,1.1505577663813173,-0.1227124638811169,1.2008165837243678,1.1048223307175968,1.1069108463274404,1.185716741232082,0.09423079770238152,-0.122712463881117,-,CAGR
B,B136,B136k20d03,B136,10.0,M,0,2,False,1.5934825801091723,0.08359049526270934,1.0355692779700638,-0.17266834231304795,1.1394065863950624,0.9495114635728016,1.0369093177879507,1.0359967759496285,0.086774694754719,-0.17266834231304862,-,CAGR
B,B136,B136k20d03,B136,10.0,M,0,3,False,1.6230299809340338,0.08212688274125401,1.0131710673106653,-0.17054313448370584,1.097477646806456,0.9440040738737691,0.9809717388537031,1.0389799907611748,0.08755766252327457,-0.17054313448370573,-,CAGR
B,B136,B136k20d03,B136,10.0,M,0,4,False,1.5900167648476924,0.08269499608312536,0.987595548417776,-0.2062365892904664,1.1389242296945001,0.8750768755882353,1.0171538950671826,0.9717235478219169,0.08671016560528066,-0.2062365892904663,-,"DD,CAGR"
B,B136,B136k20d03,B136,10.0,Q,0,0,True,0.8456241536873764,0.08592080447411021,0.9518108232148703,-0.24033918849020453,1.1872975050000523,0.7806357067096427,1.0931671308227955,0.862056293971883,0.08312443808142067,-0.24033918849020453,DD,"H2,OOS,DD,CAGR"
B,B136,B136k20d03,B136,10.0,Q,0,1,False,0.8948949108690255,0.08429852990108366,0.9371137128862215,-0.24061582406024173,1.1862663885727316,0.7568873209314165,1.088355177318194,0.8417135743025108,0.08099848465404502,-0.24061582406024185,DD,"H2,OOS,DD,CAGR"
B,B136,B136k20d03,B136,10.0,Q,0,2,False,0.8720006563947208,0.08412062414800858,0.9276472541150832,-0.24163131905225121,1.1476742336539119,0.7708306940171372,1.0469391222735904,0.8542618486824746,0.08314825371981649,-0.24163131905225121,DD,"H2,OOS,DD,CAGR"
B,B136,B136k20d03,B136,10.0,Q,0,3,False,0.8709756478018313,0.08976002430383478,0.9882373832185855,-0.241644059194969,1.2160739654495194,0.8301435499755553,1.1197390519498531,0.9094861353193536,0.08916824863760997,-0.24164405919496879,DD,"H2,DD,CAGR"
B,B136,B136k20d03,B136,10.0,Q,0,4,False,0.8563317308589595,0.08720040670944473,0.9724621825584965,-0.24193693631939295,1.2687643514780225,0.7608277798299404,1.1773308161263123,0.8440936133076979,0.08112493954172706,-0.24193693631939306,DD,"H2,OOS,DD,CAGR"
B,B136,B136k20d04,B136,10.0,D,0,0,True,6.76783281823477,0.06495747429775323,1.049136460626057,-0.08831114632313741,1.265146903183204,0.8289697281886219,1.126513091159677,0.9817302527423861,0.05862831772263988,-0.08831114632313863,-,"H2,CAGR"
B,B136,B136k20d04,B136,10.0,W,0,0,True,3.2905923796962755,0.06408181238597921,1.0140766187958312,-0.11576399001278337,1.244721656193172,0.7874005388332987,1.113409470172496,0.9292757941025612,0.05745989438899102,-0.11576399001278304,-,"H2,CAGR"
B,B136,B136k20d04,B136,10.0,W,0,1,False,3.115378486861023,0.068906249403752,1.0843564696894186,-0.11505310294979831,1.28488980160966,0.8825609950465089,1.1558464377426507,1.0224822748368816,0.06299602851878539,-0.11505310294979776,-,CAGR
B,B136,B136k20d04,B136,10.0,W,0,2,False,3.1935958001922753,0.07107134448734542,1.1062725806433913,-0.09857241448614584,1.3111051506995797,0.905308384406591,1.1768818999709711,1.0460925406752692,0.06593662515871901,-0.09857241448614684,-,CAGR
B,B136,B136k20d04,B136,10.0,W,0,3,False,3.150904236677957,0.07046923592597865,1.0975285843432876,-0.09144494640784506,1.3064767965684918,0.89122189521758,1.1785870113023196,1.0281556911868466,0.06456087844244407,-0.09144494640784573,-,CAGR
B,B136,B136k20d04,B136,10.0,W,0,4,False,3.2023251579432133,0.0636813036916275,1.005698613622883,-0.10531077106961395,1.2068908457278902,0.8020480726932377,1.0781052458583664,0.9427653348475327,0.05769509959941055,-0.09089990408112292,-,"H2,CAGR"
B,B136,B136k20d04,B136,10.0,M,0,0,True,1.608876730119249,0.07338342110445506,1.1074718848954377,-0.10195403980877193,1.3092337090145334,0.9058304796378437,1.1929069578466687,1.033593790635698,0.06646698405467455,-0.10195403980877205,-,CAGR
B,B136,B136k20d04,B136,10.0,M,0,1,False,1.6555305352931209,0.06884877625765728,1.0231886302758693,-0.12018121076986477,1.1846393227801917,0.8634256548548893,1.075926602058847,0.977910547474428,0.06421051525605836,-0.12018121076986477,-,CAGR
B,B136,B136k20d04,B136,10.0,M,0,2,False,1.6820625358058985,0.0692309392858923,1.0188480672009887,-0.11961513372072952,1.2040269982917242,0.8368636178960254,1.0869730063079066,0.9605306730518846,0.0638317282313785,-0.1196151337207294,-,CAGR
B,B136,B136k20d04,B136,10.0,M,0,3,False,1.6228460023543914,0.07061325773170157,1.0071531415344706,-0.14515484165490522,1.158812956808152,0.8699264430214877,1.0441775613166948,0.9774005981530566,0.06922925242585576,-0.14515484165490555,-,CAGR
B,B136,B136k20d04,B136,10.0,M,0,4,False,1.610338190108644,0.06955819862202062,1.0050308932635474,-0.13775328802236586,1.1794411630208066,0.8473353302377765,1.0782332135778645,0.9463274236107613,0.06605761422543721,-0.13775328802236553,-,CAGR
B,B136,B136k20d04,B136,10.0,Q,0,0,True,0.9179423802537731,0.06608211887455684,0.8819458824160892,-0.17963339489486474,1.1596430856392153,0.6430964829969255,1.0444497941002286,0.7578640744771697,0.05781409820116079,-0.17963339489486474,-,"H2,OOS,CAGR"
B,B136,B136k20d04,B136,10.0,Q,0,1,False,0.9444954658876702,0.06561065452063342,0.8886194307962145,-0.18004730090462517,1.177493750397197,0.6394405140888029,1.0589320165097171,0.7583553098912613,0.05696075329136696,-0.18004730090462495,-,"H2,OOS,CAGR"
B,B136,B136k20d04,B136,10.0,Q,0,2,False,0.9248137451948124,0.06866901005162895,0.9142640570913142,-0.18123452620205427,1.1923029130848999,0.6792541736613746,1.0751443430701009,0.7935003683348648,0.06106935243335476,-0.1812345262020546,-,"H2,OOS,CAGR"
B,B136,B136k20d04,B136,10.0,Q,0,3,False,0.9163252247423344,0.06888754421613474,0.9262281274089245,-0.18125432134420671,1.2108967168229139,0.6879900106864741,1.09620944018997,0.7999932703168111,0.06116661458671646,-0.18125432134420627,-,"H2,OOS,CAGR"
B,B136,B136k20d04,B136,10.0,Q,0,4,False,0.9341439041452078,0.06277096209247324,0.8596360520117108,-0.18168241341701186,1.191575204222545,0.5823895418592064,1.0791493461878852,0.6968895544597338,0.05210029022901175,-0.18168241341700986,-,"H2,OOS,CAGR"
B,B136,B136k20d05,B136,10.0,D,0,0,True,7.142657355610164,0.07677362040163893,0.9706821305633769,-0.12862261980378398,1.1232924408038907,0.8130256370484277,0.9989182552398091,0.9466698580140571,0.07210911976155798,-0.12862261980378353,-,"H2,CAGR"
B,B136,B136k20d05,B136,10.0,W,0,0,True,3.43919468770711,0.07891888754007548,0.9817100215183547,-0.11700655239620616,1.1850778411983767,0.776384968993491,1.0517315358704364,0.9211781030127644,0.0718324401956143,-0.11700655239620605,-,"H2,CAGR"
B,B136,B136k20d05,B136,10.0,W,0,1,False,3.383901185493699,0.07993325383851335,0.9944521688229101,-0.11780766700855938,1.1466580705312808,0.8373468788435773,1.0092596995612417,0.9824654296186638,0.07606163009457578,-0.11780766700855971,-,CAGR
B,B136,B136k20d05,B136,10.0,W,0,2,False,3.2594066220449065,0.08579467642678007,1.0530900720294711,-0.11732275005247117,1.182512287983614,0.9206519685783493,1.0490634144694588,1.0575858955011908,0.08347331058863561,-0.11036441944135433,-,CAGR
B,B136,B136k20d05,B136,10.0,W,0,3,False,3.3697109172506483,0.08044198184343876,0.9903691070544492,-0.1239778783688138,1.1576266216447861,0.8193775010963501,1.0226197056025983,0.9627582765405844,0.07558487357303845,-0.12397787836881191,-,"H2,CAGR"
B,B136,B136k20d05,B136,10.0,W,0,4,False,3.3699450654545458,0.0746329257412226,0.9257539740990545,-0.11933720144498872,1.0970310007616149,0.7495119877678309,0.9595138510602637,0.8967643414483011,0.06964605621150621,-0.11933720144498994,-,"H2,CAGR"
B,B136,B136k20d05,B136,10.0,M,0,0,True,1.6946587206995145,0.08641593495306998,1.0331025910306586,-0.11282749269521164,1.183318074312568,0.8773033583800262,1.0572131531838893,1.0130126943364108,0.08125109948504461,-0.1128274926952122,-,CAGR
B,B136,B136k20d05,B136,10.0,M,0,1,False,1.736099178945649,0.0856606003940259,1.019744624088423,-0.10637847003999912,1.1674845362080148,0.8673487396809478,1.0410858960928182,1.0019920477343383,0.08096420903461032,-0.10481060177829982,-,CAGR
B,B136,B136k20d05,B136,10.0,M,0,2,False,1.7266347725010878,0.07917156407433379,0.9295541176093599,-0.14501232598694713,1.156115149852549,0.7049836806055614,1.0346474222530728,0.8395561568702928,0.06962497858232264,-0.14501232598694702,-,"H2,OOS,CAGR"
B,B136,B136k20d05,B136,10.0,M,0,3,False,1.7541279199404127,0.07662307160960147,0.8976935011839082,-0.15440365307671455,1.0817507129514987,0.7183412170765282,0.9514610755569145,0.8522504557110752,0.07169193807631369,-0.15440365307671444,-,"H2,OOS,CAGR"
B,B136,B136k20d05,B136,10.0,M,0,4,False,1.726457558016256,0.072117484869066,0.811301872455495,-0.21490192693353916,1.0522709882856347,0.6027897830212696,0.919557396268745,0.7296069745047414,0.06630714400809312,-0.21490192693353893,DD,"H2,OOS,DD,CAGR"
B,B136,B136k20d05,B136,10.0,Q,0,0,True,0.9652822358280674,0.08052859765189213,0.861604493081398,-0.2247734850300216,1.1291012919780434,0.633136597380511,0.9856215124940483,0.7688314308016274,0.07360344386666151,-0.2247734850300217,DD,"H2,OOS,DD,CAGR"
B,B136,B136k20d05,B136,10.0,Q,0,1,False,1.0149999505201963,0.07924901103024684,0.8519894372645637,-0.2251019029209378,1.140164237262906,0.6134575572668038,0.9862521600731147,0.7552322871089356,0.07268851745599347,-0.22510190292093768,DD,"H2,OOS,DD,CAGR"
B,B136,B136k20d05,B136,10.0,Q,0,2,False,0.994314903622042,0.07789218095282369,0.831954986740706,-0.22471564151106616,1.1039458990529774,0.5990881188628709,0.9577740340190393,0.7376049944022237,0.0706243159324651,-0.22471564151106582,DD,"H2,OOS,DD,CAGR"
B,B136,B136k20d05,B136,10.0,Q,0,3,False,1.0004053854078143,0.08224451141026323,0.8875783827772792,-0.22474256606563114,1.1750563048107687,0.6449919438214885,1.0390624477725527,0.7756818109671986,0.07380878658611034,-0.22474256606563114,DD,"H2,OOS,DD,CAGR"
B,B136,B136k20d05,B136,10.0,Q,0,4,False,0.9826458673796958,0.08028264929304307,0.8700298240824075,-0.22473189306194785,1.1683741787878155,0.6176509605148416,1.0319951828639469,0.7501020809996786,0.07093750833310786,-0.22473189306194796,DD,"H2,OOS,DD,CAGR"
B,B136,B136k20d06,B136,10.0,D,0,0,True,6.962828643580361,0.05704922855335992,0.937701129378136,-0.08542270068915447,1.0931373423064525,0.805360403908557,0.923164900248863,0.9503379591347889,0.060338761527936935,-0.0854227006891548,-,"H2,CAGR"
B,B136,B136k20d06,B136,10.0,W,0,0,True,3.277434789484047,0.058961081420408235,0.9557337229463714,-0.09929861021315423,1.1155101329710109,0.8239660398629113,0.9500586180650092,0.9624470439981868,0.062376406782365335,-0.09929861021315411,-,"H2,CAGR"
B,B136,B136k20d06,B136,10.0,W,0,1,False,3.189449845273008,0.06213612821576153,1.0036524980674657,-0.09925473275324437,1.1514368684822407,0.8776899252053798,0.9702456390361098,1.0304394836284663,0.06646410779425094,-0.09925473275324392,-,CAGR
B,B136,B136k20d06,B136,10.0,W,0,2,False,3.119189229248652,0.0705289154489872,1.1214597874556684,-0.07805299417644751,1.2295000969349508,1.0308188146702184,1.073212942126404,1.1596402785471123,0.07609942404137082,-0.07805299417644718,-,CAGR
B,B136,B136k20d06,B136,10.0,W,0,3,False,3.2298114345615594,0.06428533938374414,1.0160178572371923,-0.09414123798598018,1.189907576387758,0.8722831263449174,1.0331905781621764,1.0060150622951267,0.06677433531160903,-0.09414123798598006,-,CAGR
B,B136,B136k20d06,B136,10.0,W,0,4,False,3.223649036818457,0.05984976173346923,0.9567423897229386,-0.08943692876358267,1.1087656084255395,0.8291827779146566,0.9425252897998515,0.9693481159139262,0.06343114173192577,-0.08943692876358234,-,"H2,CAGR"
B,B136,B136k20d06,B136,10.0,M,0,0,True,1.6650339679232518,0.06693860198964208,1.0354594088600113,-0.1145102852920934,1.2513443807361935,0.8587933794542648,1.0906423193226686,0.9984386709215856,0.06785623511889738,-0.11451028529209373,-,CAGR
B,B136,B136k20d06,B136,10.0,M,0,1,False,1.6386413338383972,0.07135716573386186,1.0919944656029406,-0.1053682780699815,1.243398089448081,0.9670034688809339,1.0993205709493188,1.089010338046067,0.07447509153001652,-0.10536827806998195,-,CAGR
B,B136,B136k20d06,B136,10.0,M,0,2,False,1.6624395918360568,0.06888347337992662,1.0252356565942622,-0.1389029782788802,1.2122732708126134,0.8808901918710395,1.0684163155596353,0.9995875827949016,0.07146668678583534,-0.13890297827888098,-,CAGR
B,B136,B136k20d06,B136,10.0,M,0,3,False,1.6337997288188006,0.06882771731373105,1.0272761940587498,-0.13496360850792521,1.1906036277574463,0.9045299265824578,1.045247787588647,1.020274471084586,0.07312352889705331,-0.13496360850792544,-,CAGR
B,B136,B136k20d06,B136,10.0,M,0,4,False,1.6191100093591144,0.06391422200437824,0.9109303249973542,-0.1704972824085884,1.147789899736241,0.7535339173274599,1.0012568790083611,0.8648160213353591,0.06671727476508416,-0.17049728240858775,-,"H2,OOS,CAGR"
B,B136,B136k20d06,B136,10.0,Q,0,0,True,0.8897531080188559,0.07175993514376633,0.9731527206303793,-0.18454612836363615,1.2289395309316435,0.8174040798602895,1.0718735945433222,0.9290837370506396,0.07640017421370815,-0.18454612836363649,-,"H2,CAGR"
B,B136,B136k20d06,B136,10.0,Q,0,1,False,0.9061731587227461,0.07409572776186457,0.9967052521467077,-0.18491181924532096,1.2691749918927682,0.8348303684192655,1.1138265717291527,0.9444724086429626,0.07863235934789903,-0.18491181924532107,-,CAGR
B,B136,B136k20d06,B136,10.0,Q,0,2,False,0.9051829160488335,0.0742439389159093,0.9998946900892407,-0.1847050082091808,1.2212597156291842,0.8718590401532892,1.0795314501655164,0.9697055275411887,0.08070100054537499,-0.18470500820918112,-,CAGR
B,B136,B136k20d06,B136,10.0,Q,0,3,False,0.8922632531180563,0.07647827086155101,1.0369068249745292,-0.18484773924032671,1.2720371121806209,0.9027602482144949,1.1340122289646155,0.9984444480043616,0.08276183255702518,-0.18484773924032716,-,CAGR
B,B136,B136k20d06,B136,10.0,Q,0,4,False,0.8951058714519844,0.07141212999548685,0.987456561501945,-0.18541316908980787,1.2585054296742904,0.8230833292272863,1.1221156111976376,0.923174696699847,0.0745308473511348,-0.1854131690898081,-,"H2,CAGR"
B,B136,B136k20d07,B136,10.0,D,0,0,True,7.050246300297552,0.07049700010060755,1.065551502155568,-0.09201884083812972,1.1284750502357181,1.003881365663226,0.9436295460436781,1.1682261527608213,0.07703082579133791,-0.09001346460375126,-,CAGR
B,B136,B136k20d07,B136,10.0,W,0,0,True,3.3427049470426584,0.0761272890094511,1.125542356988871,-0.09626176112874008,1.2616226539668154,0.9950207009818257,1.0847100490525545,1.159188869496253,0.07838974881502803,-0.09626176112873974,-,CAGR
B,B136,B136k20d07,B136,10.0,W,0,1,False,3.2314561849315266,0.0795432113900687,1.1712334233778932,-0.09507206815996971,1.2785683336820268,1.0669953091816613,1.0973581052035362,1.2329968331526158,0.08344265427093811,-0.09507206815997049,-,CAGR
B,B136,B136k20d07,B136,10.0,W,0,2,False,3.3376439196157364,0.07534338115224415,1.0978492435780012,-0.08943422004976287,1.247892047595489,0.953569029438779,1.0761155306545276,1.1157139264096603,0.07639296944543061,-0.08943422004976298,-,CAGR
B,B136,B136k20d07,B136,10.0,W,0,3,False,3.344451460050887,0.07223499328521621,1.0604719560354707,-0.09157102962238006,1.1723831037145813,0.9529678754885293,0.9961616611258516,1.1137146727602747,0.07588946528848806,-0.09157102962238028,-,CAGR
B,B136,B136k20d07,B136,10.0,W,0,4,False,3.4281055034271626,0.06765153815121305,0.9969703881763625,-0.10964126838833277,1.1192920466979537,0.8798929587266923,0.9393997906216782,1.0444855856890487,0.07097856219086518,-0.10964126838833288,-,CAGR
B,B136,B136k20d07,B136,10.0,M,0,0,True,1.690019395205817,0.07912112204440858,1.1052381625367347,-0.11925778527778275,1.258632176458548,0.959353213146741,1.086135349216832,1.1208003455654323,0.08027113091486204,-0.11925778527778352,-,CAGR
B,B136,B136k20d07,B136,10.0,M,0,1,False,1.6770708253872102,0.07991610712407549,1.1103568547422535,-0.11327083078557654,1.2447419899216217,0.9833609665213618,1.074862151088079,1.139352843421045,0.08226163514112872,-0.11327083078557632,-,CAGR
B,B136,B136k20d07,B136,10.0,M,0,2,False,1.669616134312003,0.07817872321730679,1.0807594159828149,-0.12136531388083005,1.2404322071722498,0.9330693991190866,1.0717448971296983,1.0879311524481712,0.07946968022800704,-0.12136531388082983,-,CAGR
B,B136,B136k20d07,B136,10.0,M,0,3,False,1.6610574975485073,0.07686663512730507,1.0609314881887562,-0.1334653394166463,1.192817019137568,0.9430388877004757,1.011529217681504,1.1001951866677833,0.08152196604514517,-0.1334653394166464,-,CAGR
B,B136,B136k20d07,B136,10.0,M,0,4,False,1.666942579895526,0.07302186085770912,0.978733829066259,-0.17689323946516455,1.1479279540911882,0.8388938215116841,0.9644019439856397,0.9913975519350217,0.07730772818830478,-0.17689323946516466,-,CAGR
B,B136,B136k20d07,B136,10.0,Q,0,0,True,0.9016903364128203,0.07646064032063404,0.9736735501743214,-0.18435296182421912,1.1641397016786745,0.8079223717092705,1.0018331709408328,0.9525677781460639,0.0767810050933484,-0.18435296182421923,-,"H2,CAGR"
B,B136,B136k20d07,B136,10.0,Q,0,1,False,0.9225599323660469,0.0752255837445499,0.9562989280231754,-0.18462300673935816,1.1675798535139776,0.7748791876959383,1.0053858874851744,0.9197564137808459,0.07450936798776797,-0.1846230067393584,-,"H2,CAGR"
B,B136,B136k20d07,B136,10.0,Q,0,2,False,0.9390476886509396,0.07414822604346494,0.9366319432647604,-0.18574901403880628,1.0957851188849477,0.8024002357182588,0.9370792345927597,0.9374872816925447,0.07688595028096379,-0.18574901403880606,-,"H2,CAGR"
B,B136,B136k20d07,B136,10.0,Q,0,3,False,0.9225778080801235,0.07804981846498538,0.9961946288690946,-0.18567720859913606,1.19292802389092,0.8340019063723554,1.0370080198355864,0.9678471202658663,0.07901895319889207,-0.18567720859913606,-,"H2,CAGR"
B,B136,B136k20d07,B136,10.0,Q,0,4,False,0.9414808724216767,0.07551945392803483,0.9687034848873819,-0.1855671319380836,1.1926574213449268,0.7751559450542986,1.039485351921921,0.915161647444834,0.07321723782547496,-0.18556713193808405,-,"H2,CAGR"
B,B136,B136k20d08,B136,10.0,D,0,0,True,7.026921046814446,0.06725529990845658,0.8444284563844231,-0.12964802266208897,0.8370567550244282,0.8525203475497216,0.6352408544050482,1.0099897498963017,0.08324242872463739,-0.11128297448758184,-,"H1,CAGR"
B,B136,B136k20d08,B136,10.0,W,0,0,True,3.4457804889336106,0.07188547661367206,0.8908869857082687,-0.14038004547146776,0.8819972723113502,0.9007640980977787,0.6864902286346463,1.051538398159395,0.0880177802739257,-0.14038004547146765,-,"H1,CAGR"
B,B136,B136k20d08,B136,10.0,W,0,1,False,3.383283868272751,0.07342771941694659,0.9017132560077555,-0.11781734350273376,0.9292067444741875,0.8780488673077288,0.7351402193802401,1.0337405489500533,0.08676969516180932,-0.11781734350273354,-,"H1,CAGR"
B,B136,B136k20d08,B136,10.0,W,0,2,False,3.395962086122454,0.07011804665797428,0.855514148587488,-0.11914469348133105,0.8804309536099384,0.8347564443934639,0.6830514295855737,0.9908693969590952,0.08419691974262489,-0.11914469348133294,-,"H1,CAGR"
B,B136,B136k20d08,B136,10.0,W,0,3,False,3.404690305440968,0.07541194778574178,0.9233052937044761,-0.12429961027819514,0.9454259945206179,0.904264944421938,0.7412966854017867,1.0681465776670251,0.08982282150862586,-0.10025466236986103,-,"H1,CAGR"
B,B136,B136k20d08,B136,10.0,W,0,4,False,3.4328470712606314,0.06744786875926279,0.8322879820388243,-0.12755273246134757,0.8626188833211844,0.8065935920189086,0.6513589574654248,0.9743052666076145,0.08191172737172758,-0.12755273246134746,-,"H1,H2,CAGR"
B,B136,B136k20d08,B136,10.0,M,0,0,True,1.6868409198570162,0.07697554407241403,0.9092283239406055,-0.1547532638915361,1.003262558192111,0.8267127179152263,0.8245915236570056,0.9757447352046417,0.08518238555398505,-0.1547532638915361,-,"H2,CAGR"
B,B136,B136k20d08,B136,10.0,M,0,1,False,1.7110525997316608,0.07831629888743241,0.906938857530886,-0.1584001921656415,0.9532349065046801,0.8684000832245437,0.7677976875195515,1.0150497687243119,0.09118835154570948,-0.15840019216564172,-,"H1,CAGR"
B,B136,B136k20d08,B136,10.0,M,0,2,False,1.7240381324578438,0.07205272824644982,0.815502087400709,-0.2144691028189698,0.889616407476052,0.7563508021736951,0.7276084879498165,0.8826909140681971,0.0820206669199639,-0.21446910281897036,DD,"H1,H2,DD,CAGR"
B,B136,B136k20d08,B136,10.0,M,0,3,False,1.761517142593982,0.07231627899275295,0.8199697722601523,-0.21084379148243515,0.9174393018951521,0.7449767100897218,0.7191702801615887,0.8957636366456551,0.08413102590754096,-0.2108437914824356,-,"H1,H2,DD,CAGR"
B,B136,B136k20d08,B136,10.0,M,0,4,False,1.7642054202518835,0.06877182016554007,0.7638527805220559,-0.24098735447449682,0.9043556627900463,0.6659904950680119,0.7041321106464793,0.8103521487084526,0.07949502206068848,-0.24098735447449948,DD,"H1,H2,OOS,DD,CAGR"
B,B136,B136k20d08,B136,10.0,Q,0,0,True,0.9260650886484297,0.07515865949801293,0.8094089677597024,-0.23364784558114804,1.006447097106414,0.6538022465587827,0.8335579328842766,0.7951236302610455,0.07794215821400896,-0.2336478455811477,DD,"H2,OOS,DD,CAGR"
B,B136,B136k20d08,B136,10.0,Q,0,1,False,0.961314160678221,0.07052030804607878,0.7658856341066373,-0.23167562556431454,0.9404476583919055,0.629888091894135,0.7567869888348803,0.7757048787978698,0.0758948959799417,-0.23167562556431287,DD,"H1,H2,OOS,DD,CAGR"
B,B136,B136k20d08,B136,10.0,Q,0,2,False,0.9336245472301062,0.07474688917450734,0.8095139118530228,-0.2166290470667087,0.9502976676991252,0.6980396848930148,0.7678149318506285,0.8424487106756877,0.08231404165976564,-0.21662904706671016,DD,"H1,H2,OOS,DD,CAGR"
B,B136,B136k20d08,B136,10.0,Q,0,3,False,0.9231852137059334,0.080995017744109,0.8762075438224125,-0.23988106371785822,1.0870925887810312,0.7135434202384962,0.8899308592331748,0.8709994501171544,0.08583048176015007,-0.23988106371785722,DD,"H2,OOS,DD,CAGR"
B,B136,B136k20d08,B136,10.0,Q,0,4,False,0.9240474311942476,0.08056994384960903,0.8731026898616957,-0.24664699166749793,1.0926333984020307,0.7017886912053988,0.8970023995174309,0.8602298467647028,0.08432988161862132,-0.24664699166749937,DD,"H2,OOS,DD,CAGR"
B,B136,B136k20d09,B136,10.0,D,0,0,True,7.326792752143502,0.05826349431993849,0.7764719824244561,-0.11693868736560109,0.8453728434186262,0.7044207097429185,0.6988383045332354,0.8499072160843834,0.06104700034813071,-0.11693868736560087,-,"H1,H2,OOS,CAGR"
B,B136,B136k20d09,B136,10.0,W,0,0,True,3.4278759632992304,0.06190052281591618,0.8061909452908468,-0.12933114620134334,0.8709434721866123,0.7397382163677486,0.7148053654054198,0.8896255122770279,0.06615516212938166,-0.12933114620134323,-,"H1,H2,CAGR"
B,B136,B136k20d09,B136,10.0,W,0,1,False,3.2740105589488526,0.06453461828357399,0.8382078582632586,-0.1327331829845383,0.8993671525622081,0.7745979705305768,0.7461675421461796,0.9244779143576586,0.06830876580252476,-0.13273318298453862,-,"H1,H2,CAGR"
B,B136,B136k20d09,B136,10.0,W,0,2,False,3.334993695111869,0.06574402372196797,0.844469123824534,-0.11013597991988577,0.88935270067737,0.7983398785906896,0.7365589214915971,0.9430273891361395,0.07110942506881712,-0.11013597991988588,-,"H1,H2,CAGR"
B,B136,B136k20d09,B136,10.0,W,0,3,False,3.321513881968194,0.06326521628951642,0.816363436240188,-0.10936394419542472,0.8854917779416016,0.7454971644205673,0.7406593062724739,0.885648724792972,0.06640369350630171,-0.10936394419542506,-,"H1,H2,CAGR"
B,B136,B136k20d09,B136,10.0,W,0,4,False,3.3844568005302706,0.058522380257185036,0.7611080456497775,-0.13482257722829027,0.8143817213199512,0.7061153090351017,0.6591338727726462,0.8549502816660847,0.06354355453198779,-0.13482257722829005,-,"H1,H2,OOS,CAGR"
B,B136,B136k20d09,B136,10.0,M,0,0,True,1.6101175719861192,0.07240602186771872,0.900155025473727,-0.1335959817141249,0.9625866651506189,0.8357524964457296,0.8199656816284532,0.9745373740865447,0.075497983064295,-0.1335959817141248,-,CAGR
B,B136,B136k20d09,B136,10.0,M,0,1,False,1.6318716562888407,0.07256140307968639,0.8798519950089576,-0.17124545909197697,0.929101842190517,0.831120470238423,0.7864235427276157,0.9613245009235245,0.0780483462563033,-0.17124545909197653,-,"H1,H2,CAGR"
B,B136,B136k20d09,B136,10.0,M,0,2,False,1.645885250774263,0.06785752042212545,0.806891380335447,-0.19911269398505027,0.9433337211217592,0.6792386507182144,0.8047781210575421,0.8084782901328014,0.06789397689949728,-0.19911269398505083,-,"H1,H2,OOS,CAGR"
B,B136,B136k20d09,B136,10.0,M,0,3,False,1.6273319746302368,0.06686835574325367,0.7963708465226411,-0.19844854833952907,0.8778266745814663,0.719688211981564,0.7383555336515251,0.844643606847678,0.07095748529306567,-0.19844854833952896,-,"H1,H2,OOS,CAGR"
B,B136,B136k20d09,B136,10.0,M,0,4,False,1.6205735227060392,0.06502688334325546,0.7606620461384765,-0.21877323424941852,0.8990546333896638,0.6378127678271988,0.7592303800023393,0.7618841652360343,0.06620034410102305,-0.2187732342494183,DD,"H1,H2,OOS,DD,CAGR"
B,B136,B136k20d09,B136,10.0,Q,0,0,True,0.9149399823004246,0.06838612250808795,0.7545009223180904,-0.24780082564119343,0.8559330167694092,0.6708672107696193,0.7133951328836016,0.7867155349254829,0.074095318819285,-0.24780082564119355,DD,"H1,H2,OOS,DD,CAGR"
B,B136,B136k20d09,B136,10.0,Q,0,1,False,0.9558933793704181,0.0685575042135318,0.7583454332228079,-0.24799990248669512,0.8617025998168625,0.6736979881726047,0.7171658568466045,0.7906011307195007,0.07440688655292726,-0.2479999024866948,DD,"H1,H2,OOS,DD,CAGR"
B,B136,B136k20d09,B136,10.0,Q,0,2,False,0.9428289362581164,0.06625273408724852,0.7334230705847758,-0.24772720697666084,0.8304486633374333,0.6521594953993729,0.6889780980230883,0.7682526431600138,0.07185366581083974,-0.24772720697666095,DD,"H1,H2,OOS,DD,CAGR"
B,B136,B136k20d09,B136,10.0,Q,0,3,False,0.969728877132194,0.06664301064426725,0.7466788865354196,-0.2478023395366904,0.8833065648740375,0.6345282983655668,0.7510951561134107,0.7445827604649465,0.06902929823095616,-0.2478023395366904,DD,"H1,H2,OOS,DD,CAGR"
B,B136,B136k20d09,B136,10.0,Q,0,4,False,0.9583298432054703,0.06439590160917708,0.7316328428551797,-0.2481900079948658,0.9211109308253118,0.5734873698166524,0.7878902313722242,0.6902725932991859,0.06265444848624546,-0.2481900079948658,DD,"H1,H2,OOS,DD,CAGR"
B,B136,B136k20d10,B136,10.0,D,0,0,True,6.398007542913075,0.056946329176272625,0.9060025268736628,-0.11143525959652145,1.0150984367714773,0.8241355188771479,0.9522424316405712,0.8770263574145984,0.05845636152766054,-0.1114352595965209,-,"H2,OOS,CAGR"
B,B136,B136k20d10,B136,10.0,W,0,0,True,3.0863291929165633,0.05717460542111197,0.8958962983574876,-0.1144318542460141,0.9826632124637058,0.8367487536885716,0.9053533033731532,0.8947717913925868,0.061282799552419887,-0.11443185424601399,-,CAGR
B,B136,B136k20d10,B136,10.0,W,0,1,False,2.9628489493309003,0.06098922285257147,0.9525499817935883,-0.12939509557356754,1.0591315354617235,0.8740124674577214,0.9721401472843552,0.9428391212323776,0.06415547855656745,-0.1293950955735682,-,CAGR
B,B136,B136k20d10,B136,10.0,W,0,2,False,3.042510229100273,0.06080534162956641,0.940151465404719,-0.11030138278632573,1.0398235327238803,0.8704271382301295,0.9608877714628759,0.9312765748390328,0.0645582909975837,-0.11030138278632462,-,CAGR
B,B136,B136k20d10,B136,10.0,W,0,3,False,2.9909772096302993,0.06293818811152785,0.9695369532083382,-0.11176610466570658,1.0525546947398345,0.9140295272552312,0.9725368453505078,0.9733887321521862,0.06788309895622135,-0.11176610466570613,-,CAGR
B,B136,B136k20d10,B136,10.0,W,0,4,False,2.992962938409286,0.05811620626490166,0.9072890054396124,-0.12262206095534611,1.0236676978430999,0.8215464674785721,0.9403953126450898,0.8884906034342505,0.06063257688497026,-0.122622060955347,-,"H2,CAGR"
B,B136,B136k20d10,B136,10.0,M,0,0,True,1.5498117473248982,0.06430234874750784,0.9694264046674776,-0.12442696867662284,1.0211132449237352,0.9377523587179218,0.9369033697751692,0.9974370751004172,0.07091234901184151,-0.12442696867662384,-,CAGR
B,B136,B136k20d10,B136,10.0,M,0,1,False,1.5275353398770952,0.06619432813729387,0.9924460513413725,-0.12529859364011553,1.0009096148688548,0.995945941093156,0.9115816316650855,1.0545037277467646,0.07566161309215635,-0.12529859364011542,-,CAGR
B,B136,B136k20d10,B136,10.0,M,0,2,False,1.5665361367021307,0.0613179659263996,0.8957153818050632,-0.16138641910057516,0.9935765604012181,0.8336517585716785,0.9072258300784022,0.8955765127143299,0.0665677009354404,-0.16138641910057505,-,"H2,CAGR"
B,B136,B136k20d10,B136,10.0,M,0,3,False,1.56687223878032,0.06242162544783669,0.9080554661714598,-0.16062054813109705,1.0119002238452828,0.8454650805027089,0.9210705523509245,0.9089355692456991,0.06839519492163237,-0.16062054813109683,-,CAGR
B,B136,B136k20d10,B136,10.0,M,0,4,False,1.5797135220932506,0.06044157670838102,0.84541279217907,-0.19195851640436357,1.028032966484505,0.7460600978403604,0.9485789594357068,0.8010056269929654,0.06430505263097142,-0.19195851640436334,-,"H2,OOS,CAGR"
B,B136,B136k20d10,B136,10.0,Q,0,0,True,0.891553356752155,0.06340954397289256,0.8554413855278128,-0.1892985012607622,1.0166623824932781,0.7657001561805235,0.9148397212751953,0.8336139955123598,0.06896043358069015,-0.18929850126076198,-,"H2,OOS,CAGR"
B,B136,B136k20d10,B136,10.0,Q,0,1,False,0.9208229557356379,0.060298618461267495,0.8215285724789292,-0.1895180459166126,0.9877907554105159,0.7271535477452595,0.8772695143487791,0.8016074681736777,0.06568558804364533,-0.1895180459166126,-,"H2,OOS,CAGR"
B,B136,B136k20d10,B136,10.0,Q,0,2,False,0.9243584035356806,0.061018363290564315,0.8278126687749657,-0.18917205498378808,0.987632456677135,0.7378368511800094,0.8771071656196288,0.8119539443159924,0.06685454835435256,-0.18917205498378775,-,"H2,OOS,CAGR"
B,B136,B136k20d10,B136,10.0,Q,0,3,False,0.919389297397686,0.06434081205141462,0.8747173532484207,-0.18922535283662412,1.0395623177123487,0.7840335272187465,0.932376067848141,0.8555252901598884,0.07048050200053613,-0.189225352836624,-,"H2,OOS,CAGR"
B,B136,B136k20d10,B136,10.0,Q,0,4,False,0.9086681878099766,0.06210078444081768,0.8547084909341718,-0.18958396312440173,1.0474039937435082,0.7450583673868617,0.9398224001970498,0.8189885423533528,0.06657943351747586,-0.18958396312440218,-,"H2,OOS,CAGR"
B,B136,B136k20d11,B136,10.0,D,0,0,True,7.1698165560052765,0.06324980953785864,0.9898452085024939,-0.09766961663707374,1.060993340796177,0.9209278286883784,0.8814171563351141,1.080290623509282,0.06904259728021311,-0.09766961663707485,-,CAGR
B,B136,B136k20d11,B136,10.0,W,0,0,True,3.4810113703640675,0.06541842557628108,1.0073153753576927,-0.10891909488305451,1.1092052255408134,0.9102832815360511,0.9332180464529493,1.0683434156280938,0.0696228023194323,-0.1089190948830544,-,CAGR
B,B136,B136k20d11,B136,10.0,W,0,1,False,3.308726645565563,0.06554038641438042,1.0075149024669665,-0.10839996458638146,1.1022730020165963,0.913751145115753,0.9301912597726909,1.0735710282224942,0.06905924903259497,-0.1083999645863819,-,CAGR
B,B136,B136k20d11,B136,10.0,W,0,2,False,3.3731041532377115,0.06832963581553719,1.0323167957931234,-0.09042009856913324,1.1147622065587453,0.9534354921835975,0.9432853701700847,1.1060862969393324,0.0733449995543658,-0.08688854215718933,-,CAGR
B,B136,B136k20d11,B136,10.0,W,0,3,False,3.355313823462969,0.06693760673597882,1.0074281580510838,-0.09970679322638654,1.162568035312591,0.8611121297528505,0.982172034795571,1.027950591613619,0.06858572875347191,-0.09970679322638654,-,CAGR
B,B136,B136k20d11,B136,10.0,W,0,4,False,3.4152987931539314,0.05824095273790619,0.8862516716898049,-0.11307949370109571,0.9981057123863344,0.7798600390004391,0.8129868059860628,0.9466085203658354,0.06246383088905927,-0.10576563301711028,-,"H2,CAGR"
B,B136,B136k20d11,B136,10.0,M,0,0,True,1.682681000669836,0.07070708871284781,1.0341020327932182,-0.1254579377391245,1.194769899249324,0.8825851521563197,1.0271533026066408,1.0396030345730072,0.07126674434268021,-0.1254579377391245,-,CAGR
B,B136,B136k20d11,B136,10.0,M,0,1,False,1.698748756686178,0.07259621384325143,1.0468726579326724,-0.12521559711791252,1.1363047940793305,0.9619733847237374,0.9681025829241893,1.1119049390816877,0.07732311147573645,-0.12521559711791275,-,CAGR
B,B136,B136k20d11,B136,10.0,M,0,2,False,1.7198367500756966,0.06612437968234586,0.8931673718210464,-0.18102973290024216,1.0834081652833167,0.7382265958460364,0.9240957854653967,0.8725064772942656,0.06755246679554539,-0.18102973290024205,-,"H2,OOS,CAGR"
B,B136,B136k20d11,B136,10.0,M,0,3,False,1.7239122982868376,0.0698226400034121,0.9352450742510446,-0.19027690272508502,1.1106462497516905,0.7989321781523648,0.9263699585156572,0.9452318039840777,0.07481449189617861,-0.1902769027250849,-,"H2,CAGR"
B,B136,B136k20d11,B136,10.0,M,0,4,False,1.7153543877715383,0.0673080021218706,0.9194730762567411,-0.186775941270941,1.0841244957296758,0.7916337892196939,0.9022600332990325,0.935370227301124,0.07260932287268762,-0.18677594127094077,-,"H2,CAGR"
B,B136,B136k20d11,B136,10.0,Q,0,0,True,0.9775170378727815,0.0671041543939701,0.8665612189799168,-0.19897457961842102,1.0499741838273215,0.7325266422009528,0.9294816781856461,0.8285589536973851,0.06864839210893736,-0.1989745796184208,-,"H2,OOS,CAGR"
B,B136,B136k20d11,B136,10.0,Q,0,1,False,0.968839274633263,0.06873767917543727,0.880923835595427,-0.19934647102810732,1.0532451925636328,0.7537982872675218,0.9276902249314581,0.8533447308030193,0.07110032493085572,-0.19934647102810754,-,"H2,OOS,CAGR"
B,B136,B136k20d11,B136,10.0,Q,0,2,False,0.9894983123642839,0.06619319807182644,0.8516511022845418,-0.19878663783674666,1.0267351159330211,0.7176323257214834,0.9047013434183842,0.8176551114049958,0.06728056113811265,-0.19878663783674677,-,"H2,OOS,CAGR"
B,B136,B136k20d11,B136,10.0,Q,0,3,False,0.9740415536814679,0.07130423095683969,0.919323673737976,-0.19884684212773018,1.1259187120465874,0.7606915839864454,0.9949548418503464,0.870134998425422,0.07153802261975994,-0.1988468421277304,-,"H2,OOS,CAGR"
B,B136,B136k20d11,B136,10.0,Q,0,4,False,0.9603328869552051,0.06977758093847797,0.913488641760769,-0.1991962377152836,1.1313536741244694,0.7419461023867954,0.9990785589828234,0.8555236076565164,0.06882560954922878,-0.1991962377152835,-,"H2,OOS,CAGR"
B,B136,B136k20d12,B136,10.0,D,0,0,True,6.5434945283029595,0.07529947568913409,1.0383740067535092,-0.12148117450711349,1.0465324081110905,1.0308700985410617,0.8897139157190571,1.1608409145097291,0.08490851792237608,-0.12148117450711382,-,CAGR
B,B136,B136k20d12,B136,10.0,W,0,0,True,3.1913152813530887,0.0795344468181125,1.0753429356594513,-0.1463248107254278,1.1058272605979704,1.0490891352878084,0.9678377895283762,1.1606295105663909,0.0879984640111382,-0.1463248107254277,-,CAGR
B,B136,B136k20d12,B136,10.0,W,0,1,False,3.1118977384075355,0.08247212172803287,1.1123070849273424,-0.1445366818542565,1.155296189161454,1.072440613099744,1.0082806975289291,1.1969498312575608,0.08975345424796655,-0.14453668185425717,-,CAGR
B,B136,B136k20d12,B136,10.0,W,0,2,False,3.2323480546986065,0.07721319470696475,1.0458676147732597,-0.1327859704500366,0.9996393188504665,1.090094180552456,0.8613968658581244,1.195853197854825,0.08978110475512602,-0.1327859704500377,-,CAGR
B,B136,B136k20d12,B136,10.0,W,0,3,False,3.1463693454092634,0.07950040439497585,1.0700177037583583,-0.12555324007938062,1.068346994627676,1.0723836661630826,0.9243886532380492,1.187994199324744,0.08970249061222968,-0.12555324007938096,-,CAGR
B,B136,B136k20d12,B136,10.0,W,0,4,False,3.1814854702423,0.07814919044577673,1.0558389068393,-0.12440234709027376,1.019052140150163,1.0911617563585818,0.8660083874073772,1.2091153945986217,0.0913261207712961,-0.12440234709027376,-,CAGR
B,B136,B136k20d12,B136,10.0,M,0,0,True,1.5568668472454774,0.09194529348358693,1.1830186784965309,-0.1432988490399213,1.166117409522337,1.2001364237506658,1.014288769675622,1.318063684136852,0.10483257569472082,-0.14329884903992118,-,CAGR
B,B136,B136k20d12,B136,10.0,M,0,1,False,1.6180078686363037,0.08608478916245899,1.1131695119068576,-0.1549816129493079,1.0946839341007644,1.1316087885246306,0.9347869220904732,1.25626765280006,0.09938997651717685,-0.15498161294930757,-,CAGR
B,B136,B136k20d12,B136,10.0,M,0,2,False,1.6656619355133435,0.07951026827186158,1.0016506563249647,-0.18792092849085096,1.0252418239279444,0.98637753579493,0.8690094488611803,1.1026824742048544,0.092125083135981,-0.18792092849085118,-,CAGR
B,B136,B136k20d12,B136,10.0,M,0,3,False,1.6097176975630192,0.08641358228780849,1.0624122566487137,-0.19721964628412936,1.074123247212354,1.0610600747647507,0.9031208049806171,1.1811784583623082,0.10269545491231291,-0.19721964628412914,-,CAGR
B,B136,B136k20d12,B136,10.0,M,0,4,False,1.5909742126653559,0.08310145125139701,1.0109599558057767,-0.21211745192879217,1.0621962317963496,0.9822838503458708,0.8978043705630763,1.0955497481623844,0.09775783371422331,-0.21211745192879217,DD,"DD,CAGR"
B,B136,B136k20d12,B136,10.0,Q,0,0,True,0.9132612919042155,0.08247255645768092,0.9611200665552075,-0.20098574249500167,1.0819180307932839,0.8775457162613366,0.9317178344159955,0.9877312611839119,0.09148249561446775,-0.20098574249500123,-,CAGR
B,B136,B136k20d12,B136,10.0,Q,0,1,False,0.9655774850387414,0.07974516185640668,0.9346755004317294,-0.20114986718406147,1.0420319147912191,0.863356510678311,0.8867915177364434,0.9742312349009212,0.09018895898441825,-0.20114986718406158,-,CAGR
B,B136,B136k20d12,B136,10.0,Q,0,2,False,0.908036318477947,0.08200725053862223,0.9598858115570874,-0.20074707829916483,1.0296723067954319,0.916572651787244,0.8669123476605863,1.0302479828851923,0.09543991567430377,-0.20074707829916483,-,CAGR
B,B136,B136k20d12,B136,10.0,Q,0,3,False,0.9303839693045904,0.08605588561421906,1.0136655586106178,-0.2005555872027035,1.0806504811673163,0.9742402087245348,0.9089012942319277,1.0925171111443783,0.10086199829915232,-0.2005555872027034,-,CAGR
B,B136,B136k20d12,B136,10.0,Q,0,4,False,0.9245720358529952,0.08289917895025045,0.9830079103502486,-0.20074900965624343,1.1214373831800732,0.8849926088302863,0.9722095828994546,0.997165113223618,0.09077098121784632,-0.20074900965624387,-,CAGR
B,B136,B136k20d13,B136,10.0,D,0,0,True,7.310758421218083,0.04437327397192781,0.7398458268267903,-0.13118575427761492,0.9956384601074088,0.48300824401941606,0.8657049592300262,0.6296937947516413,0.03628469928305589,-0.13118575427761514,H2,"H2,OOS,CAGR"
B,B136,B136k20d13,B136,10.0,W,0,0,True,3.4650563841818216,0.047347809726924206,0.7717675615497439,-0.13969890814194386,1.073411956702534,0.4782982458711758,0.9490205758165406,0.6206508473690547,0.03695564207192348,-0.13969890814194663,H2,"H2,OOS,CAGR"
B,B136,B136k20d13,B136,10.0,W,0,1,False,3.3951448550554937,0.04841820437013333,0.7891351084241783,-0.11617274289075197,1.0397454798705603,0.5366951670067992,0.9174035799657426,0.6765428694184816,0.03981977155242089,-0.11617274289075197,-,"H2,OOS,CAGR"
B,B136,B136k20d13,B136,10.0,W,0,2,False,3.380352687562987,0.04961452994526239,0.7933939445247913,-0.11551959647934318,1.013987874040271,0.5786520238799174,0.890785750347822,0.7101569257520871,0.043364960628949234,-0.11551959647934085,-,"H2,OOS,CAGR"
B,B136,B136k20d13,B136,10.0,W,0,3,False,3.398816881041878,0.052744467448712085,0.8481430126625079,-0.11252385190337055,1.1309436939356883,0.5727601180030936,1.0232072200703939,0.6985687112105934,0.0421974590458567,-0.11252385190337189,-,"H2,OOS,CAGR"
B,B136,B136k20d13,B136,10.0,W,0,4,False,3.335266745698519,0.04784159787841391,0.7734472516484775,-0.11939285415838463,1.036419901909416,0.5173698832808364,0.9127044014529749,0.6545341435250319,0.03940262550646301,-0.11939285415838485,H2,"H2,OOS,CAGR"
B,B136,B136k20d13,B136,10.0,M,0,0,True,1.662674796275542,0.05683749047464981,0.8786162057954909,-0.12322363905790035,1.1617929238408986,0.6000236084917882,1.046279004509649,0.7338239414510546,0.045876886364912384,-0.12322363905790013,-,"H2,OOS,CAGR"
B,B136,B136k20d13,B136,10.0,M,0,1,False,1.6715178475542196,0.056269453056214225,0.8627888292607746,-0.13076817634543336,1.0673918363994899,0.6628121422181257,0.9445940362952203,0.7926033609202152,0.05043358183745217,-0.13076817634543325,-,"H2,OOS,CAGR"
B,B136,B136k20d13,B136,10.0,M,0,2,False,1.7204300935223247,0.05229852819095204,0.7689773169154536,-0.18018724077679704,1.0579613147497102,0.5150209842863882,0.9362962564105899,0.6384535925490044,0.04378318143748561,-0.18018724077679749,H2,"H2,OOS,CAGR"
B,B136,B136k20d13,B136,10.0,M,0,3,False,1.7073490524046546,0.05462432516851212,0.8038647611917786,-0.1785403655760588,1.0721251814825363,0.5725153677139138,0.949019704527719,0.6926656734389385,0.04790903073371777,-0.17854036557605868,-,"H2,OOS,CAGR"
B,B136,B136k20d13,B136,10.0,M,0,4,False,1.6999264748834713,0.04976960945626785,0.7238211162662989,-0.20510422360375125,1.027793356672416,0.4732229975734244,0.9000405804220128,0.5949015377631401,0.04206350791519009,-0.20510422360375113,H2,"H2,OOS,DD,CAGR"
B,B136,B136k20d13,B136,10.0,Q,0,0,True,0.931961325070675,0.05422693279816371,0.7207859572680685,-0.23827720692515963,1.139744625816507,0.4049447005122976,1.023895705593584,0.5165660628620928,0.04035875601218386,-0.2382772069251602,"H2,DD","H2,OOS,DD,CAGR"
B,B136,B136k20d13,B136,10.0,Q,0,1,False,0.9341712770738424,0.05416635294373928,0.7190387557838468,-0.23872117371477575,1.1317202493090577,0.4162874762745908,1.007887830350351,0.5300622488929602,0.041896838809102555,-0.2387211737147763,"H2,DD","H2,OOS,DD,CAGR"
B,B136,B136k20d13,B136,10.0,Q,0,2,False,0.9495243670549027,0.05135141156904299,0.6829832662690681,-0.23844094056199072,1.0935888394729745,0.37434640052038815,0.9719972737437893,0.48909363815621704,0.0381710493629599,-0.2384409405619905,"H2,DD","H2,OOS,DD,CAGR"
B,B136,B136k20d13,B136,10.0,Q,0,3,False,0.9404471378091868,0.054327343384636295,0.7268577646920165,-0.23841781300682852,1.147318463153196,0.41350338777918016,1.026364842303148,0.5276067308003656,0.04116189270884929,-0.23841781300682852,"H2,DD","H2,OOS,DD,CAGR"
B,B136,B136k20d13,B136,10.0,Q,0,4,False,0.9233586066118515,0.052014311268637314,0.7067533706130799,-0.2388553247727273,1.1414040111005532,0.3705839180180046,1.025244433293168,0.48687992833997806,0.03682431685142573,-0.23885532477272742,"H2,DD","H2,OOS,DD,CAGR"
B,B136,B136k20d14,B136,10.0,D,0,0,True,6.456120022700734,0.06653773802059093,0.9697213645516625,-0.10858865182762645,1.0370185030869492,0.9022464413216581,0.88646900976814,1.0403273667628938,0.07084165787577001,-0.108588651827626,-,CAGR
B,B136,B136k20d14,B136,10.0,W,0,0,True,3.0873595559657914,0.07035599482802124,1.0082542163698336,-0.12306759515085886,1.0518481760145553,0.9661300260064558,0.9252303937032373,1.076301317923454,0.07560540053350828,-0.12306759515085886,-,CAGR
B,B136,B136k20d14,B136,10.0,W,0,1,False,3.1021761538851655,0.07103208378693604,1.012143449152054,-0.12785930498609488,1.0540327341396545,0.9706019102760843,0.9264333037151518,1.0840877871589798,0.07581775895737541,-0.12785930498609488,-,CAGR
B,B136,B136k20d14,B136,10.0,W,0,2,False,3.0458811690841316,0.07088424076902133,1.0084502781574127,-0.10460801397003605,1.0139175290280589,1.003270090210073,0.8871384605178086,1.107817722873115,0.0786148797632511,-0.10460801397003572,-,CAGR
B,B136,B136k20d14,B136,10.0,W,0,3,False,3.160470105229945,0.0656611324830143,0.9415743474745664,-0.11397497773106358,0.9962364176115972,0.8877814571359605,0.8579493612356721,1.0112240796802792,0.07052265712480765,-0.1139749777310638,-,CAGR
B,B136,B136k20d14,B136,10.0,W,0,4,False,3.125862969821956,0.06810262054986493,0.9754321180918661,-0.11198000772159533,1.0006998035166368,0.9506095671373923,0.8643155204807058,1.0677119595276374,0.07476399767295261,-0.11198000772159566,-,CAGR
B,B136,B136k20d14,B136,10.0,M,0,0,True,1.5846018870798444,0.0749488462609782,1.0300131847852712,-0.12886768692173967,1.0383616789342343,1.0215655374688484,0.9127742239026195,1.12841194511713,0.08199885682500985,-0.1288676869217399,-,CAGR
B,B136,B136k20d14,B136,10.0,M,0,1,False,1.5613335963238473,0.07575515817035083,1.043358591613955,-0.13444466896823637,1.0397203245902336,1.046826902634579,0.9067357759193078,1.1565336957276833,0.08442651706659965,-0.13444466896823604,-,CAGR
B,B136,B136k20d14,B136,10.0,M,0,2,False,1.6036367624516281,0.06933423512668369,0.9396160362406688,-0.1557783400964835,0.9703309425768462,0.912396961281589,0.8336386776720698,1.0235248265928067,0.07753305732988669,-0.15577834009648417,-,CAGR
B,B136,B136k20d14,B136,10.0,M,0,3,False,1.5603712175474995,0.07179529119744954,0.9577756411142415,-0.16431504222310522,0.9393252982381346,0.9766449118526783,0.7936800426814089,1.0852733507492633,0.08458228433760562,-0.1643150422231049,-,"H1,CAGR"
B,B136,B136k20d14,B136,10.0,M,0,4,False,1.5615936543329993,0.06730299397490924,0.8759021110930156,-0.20920328043405223,0.9573064107764645,0.8152423997769381,0.813096125321064,0.9245113415410356,0.07597163619839198,-0.20920328043405212,-,"H2,DD,CAGR"
B,B136,B136k20d14,B136,10.0,Q,0,0,True,0.8837992608109885,0.06950403536191185,0.8304310302495831,-0.23699156673974586,0.9314538477604931,0.7555025090371473,0.7886981335849753,0.8640221020232127,0.07740528594300611,-0.23699156673974564,DD,"H1,H2,OOS,DD,CAGR"
B,B136,B136k20d14,B136,10.0,Q,0,1,False,0.92571318601889,0.06809401514373925,0.8237585346025195,-0.23749849906892584,0.8861445863731526,0.7824995196424253,0.7371567327962671,0.8888137920127588,0.07946148462276659,-0.23749849906892584,DD,"H1,H2,DD,CAGR"
B,B136,B136k20d14,B136,10.0,Q,0,2,False,0.9238843001565333,0.06653958472411525,0.8042578453260927,-0.2370354473173757,0.8539890452824562,0.7710671698722689,0.7030429111241706,0.8795879492298706,0.07828915451119611,-0.23703544731737614,DD,"H1,H2,OOS,DD,CAGR"
B,B136,B136k20d14,B136,10.0,Q,0,3,False,0.9084841899445705,0.07070433286024325,0.8566887085071335,-0.23686539100842474,0.895361183953677,0.8343271592969868,0.7344201784358,0.9467726472473059,0.08452217993800226,-0.23686539100842474,DD,"H1,DD,CAGR"
B,B136,B136k20d14,B136,10.0,Q,0,4,False,0.8999982873761414,0.0676229365919696,0.8324135355409826,-0.23698212175219102,0.9104920406569142,0.7763338208365511,0.763667034900494,0.885083545641775,0.07732008775464938,-0.23698212175219047,DD,"H1,H2,DD,CAGR"
B,B136,B136k20d15,B136,10.0,D,0,0,True,6.8749708120431405,0.05367835708966373,0.9252603583940031,-0.10106352760859649,0.9969218540158629,0.8531622516634703,0.874344104158631,0.9705943897326955,0.05487065897507715,-0.1010635276085966,-,CAGR
B,B136,B136k20d15,B136,10.0,W,0,0,True,3.202422897194885,0.054063105032398084,0.9168119863146218,-0.11148752811360296,0.972027460530648,0.8630809835430859,0.860013320614775,0.9652623965094684,0.05626244909449207,-0.11148752811360363,-,CAGR
B,B136,B136k20d15,B136,10.0,W,0,1,False,3.1919545505927553,0.05654630128421201,0.9562086105412365,-0.11108596987882913,0.9444394723523583,0.9676780609779656,0.8295370861086893,1.0665886138816079,0.062014885919591034,-0.11108596987882902,-,"H1,CAGR"
B,B136,B136k20d15,B136,10.0,W,0,2,False,3.1725310850194144,0.05911651505502591,0.9884327310629462,-0.10229922170690431,0.9920905703863511,0.984950640997275,0.8779191888691321,1.0820227390057255,0.06430217240345737,-0.10229922170690475,-,CAGR
B,B136,B136k20d15,B136,10.0,W,0,3,False,3.1815173649547095,0.059933376109669645,1.0064478241988382,-0.08286082804577988,1.0290473101331759,0.9841576487306397,0.909395260916801,1.089931531047757,0.06404459482665148,-0.08286082804578021,-,CAGR
B,B136,B136k20d15,B136,10.0,W,0,4,False,3.2797035008540534,0.05236133361597628,0.8859364055879122,-0.11278213055061748,0.9275378229329216,0.8447465523987155,0.8133558729620011,0.9489612167384995,0.05512895285795483,-0.11278213055061637,-,"H1,CAGR"
B,B136,B136k20d15,B136,10.0,M,0,0,True,1.5205763963969365,0.06510324187161398,1.054447151203591,-0.10151204062630759,1.0936284838376893,1.0157130060338622,0.9666800351618302,1.130574225027866,0.0686370935352889,-0.10151204062630725,-,CAGR
B,B136,B136k20d15,B136,10.0,M,0,1,False,1.5588789625583668,0.06572041512428983,1.0481307399668336,-0.1221880415019061,1.0497747352752838,1.046641370134221,0.9503483443233101,1.1310648007203665,0.07037342057072893,-0.12218804150190632,-,CAGR
B,B136,B136k20d15,B136,10.0,M,0,2,False,1.5750447093028566,0.06553458630170406,1.0226023895638792,-0.14364221440207314,1.0876119175017136,0.9643248930668797,0.9881081342590253,1.0504143638589751,0.06801648778280267,-0.14364221440207314,-,CAGR
B,B136,B136k20d15,B136,10.0,M,0,3,False,1.561459289601773,0.06423843945665375,0.9927796277402691,-0.1451619818110811,1.0094481098281316,0.9796136035374218,0.9051834445652447,1.0628911591809413,0.07005875502134185,-0.1451619818110812,-,CAGR
B,B136,B136k20d15,B136,10.0,M,0,4,False,1.5509510156613264,0.062021979518400716,0.9511192160474605,-0.16055653603567177,1.0093675878296233,0.9054715842696492,0.916596895280994,0.9785719162528655,0.06621266709401308,-0.16055653603567133,-,CAGR
B,B136,B136k20d15,B136,10.0,Q,0,0,True,0.9156600897218841,0.05829947195336138,0.8205196990098379,-0.20194156619177406,0.9145231438379576,0.7538254602232644,0.8068280402111285,0.8339805423912732,0.06309866331618674,-0.20194156619177417,-,"H1,H2,OOS,CAGR"
B,B136,B136k20d15,B136,10.0,Q,0,1,False,0.9147331248559201,0.05960131109390021,0.8447150695921982,-0.20221473219541353,0.9633778033312181,0.7570281490575536,0.8582158652703362,0.8384976849830366,0.06269761362212023,-0.20221473219541375,-,"H2,OOS,CAGR"
B,B136,B136k20d15,B136,10.0,Q,0,2,False,0.8970672062677296,0.06152966351295519,0.8690548613341771,-0.2017934168410097,0.9743506987250861,0.7907132826805237,0.8717641624094293,0.870105290612389,0.06506399160801424,-0.2017934168410095,-,"H2,OOS,CAGR"
B,B136,B136k20d15,B136,10.0,Q,0,3,False,0.9066513497366193,0.06335546059150099,0.8960564769343026,-0.20187010332797373,0.9985846679781168,0.821946994353367,0.8974774130506289,0.898703912294246,0.06741722785090354,-0.20187010332797428,-,"H2,CAGR"
B,B136,B136k20d15,B136,10.0,Q,0,4,False,0.9115916692594512,0.05737712052853894,0.8252325740508403,-0.2021639551923864,0.9839732303816554,0.7043267228634564,0.8887720271001759,0.7826968120892422,0.05735605792502119,-0.2021639551923864,-,"H2,OOS,CAGR"
B,B136,B136k40d00,B136,10.0,D,0,0,True,18.876032681284567,0.07234922663031251,0.7879249093294796,-0.1679465942844447,0.9198308104030524,0.6597495080380953,0.8405933579020778,0.7430434466650914,0.06683675657196853,-0.16794659428444425,-,"H1,H2,OOS,CAGR"
B,B136,B136k40d00,B136,10.0,W,0,0,True,7.730461193983774,0.08441933834162607,0.8926704367427131,-0.17752562614324807,1.0390817887910822,0.7530453727822112,0.9772697313588532,0.8216449649402908,0.07652497649027268,-0.17752562614324785,-,"H2,OOS,CAGR"
B,B136,B136k40d00,B136,10.0,W,0,1,False,7.460224021527867,0.08894063708641897,0.9309834401011557,-0.17742588082989585,1.1137134084170668,0.7553945436178384,1.04266893775012,0.8367285559669629,0.07831142379102984,-0.17742588082989608,-,"H2,OOS,CAGR"
B,B136,B136k40d00,B136,10.0,W,0,2,False,7.58353745758284,0.09030431643333592,0.9346624315794603,-0.15042883123663509,1.0723622146560983,0.803909969293546,1.0029208914139465,0.8774754925460856,0.0837707227711244,-0.15042883123663553,-,"H2,OOS,CAGR"
B,B136,B136k40d00,B136,10.0,W,0,3,False,7.354161888493506,0.08659987758364363,0.8959771684547411,-0.17479814080948053,1.0757487831455985,0.7293532882516895,1.0029795388900848,0.8080478708827888,0.07747291006354917,-0.17479814080948053,-,"H2,OOS,CAGR"
B,B136,B136k40d00,B136,10.0,W,0,4,False,7.641639927131589,0.07975741116516133,0.8510734135495575,-0.1587394543691103,0.9808370241483273,0.7259590988101067,0.9034585479082151,0.8066736459676535,0.07433046379675923,-0.1587394543691103,-,"H2,OOS,CAGR"
B,B136,B136k40d00,B136,10.0,M,0,0,True,3.385241473646223,0.09520388785055034,0.9548835007086116,-0.1885032964713914,1.033123606638824,0.8810941868098966,0.9818832222268771,0.9321652126939762,0.09220435865301702,-0.1885032964713914,-,CAGR
B,B136,B136k40d00,B136,10.0,M,0,1,False,3.443997048153272,0.09118248757597036,0.8994382696798359,-0.220948745646665,1.0021127488265265,0.8074378088225828,0.9503270076630566,0.8585342082496616,0.08762924135073291,-0.22094874564666533,DD,"H2,OOS,DD,CAGR"
B,B136,B136k40d00,B136,10.0,M,0,2,False,3.4171660457023694,0.0907767441927354,0.8772862033727511,-0.2501051431943805,1.0634094968488332,0.7243387898642034,1.0232019657916613,0.7695762896144624,0.08165288469220977,-0.25010514319438026,DD,"H2,OOS,DD,CAGR"
B,B136,B136k40d00,B136,10.0,M,0,3,False,3.3473561453919416,0.09393458443811342,0.902517747282301,-0.25134294152550407,1.064777295420526,0.7673098763727648,0.9973118874111879,0.8318122304973032,0.0888722399297952,-0.25134294152550396,DD,"H2,OOS,DD,CAGR"
B,B136,B136k40d00,B136,10.0,M,0,4,False,3.3973157713062294,0.09050940763404292,0.8725371354231622,-0.26595189184021806,1.0749936451356326,0.7082708471001324,1.0059793662526513,0.7757640726451414,0.08301225340985474,-0.2659518918402177,DD,"H2,OOS,DD,CAGR"
B,B136,B136k40d00,B136,10.0,Q,0,0,True,2.0408776536416973,0.08266998161963524,0.7768039090398414,-0.27339141399399625,0.9816593006942343,0.6037812945465817,0.9041154699303292,0.680565001441521,0.07357967760934114,-0.27339141399399614,DD,"H2,OOS,DD,CAGR"
B,B136,B136k40d00,B136,10.0,Q,0,1,False,2.058328723937641,0.08030279239004123,0.7526204928346114,-0.2734988043241482,0.936707722002788,0.5995281193875859,0.8645305223130257,0.6689516459769831,0.07282942132304426,-0.2734988043241484,DD,"H1,H2,OOS,DD,CAGR"
B,B136,B136k40d00,B136,10.0,Q,0,2,False,2.020547525412416,0.08318717261301245,0.773866315630335,-0.2731991320226118,0.968578285244525,0.6117760981264407,0.8999304892133156,0.6797204384843127,0.07450231841138333,-0.2731991320226119,DD,"H2,OOS,DD,CAGR"
B,B136,B136k40d00,B136,10.0,Q,0,3,False,2.055932960621831,0.0884789282625198,0.8207928318845206,-0.2689994863963088,1.026467209509661,0.6502486120540649,0.9486477383183676,0.7259891370432775,0.08008123068286954,-0.2689994863963088,DD,"H2,OOS,DD,CAGR"
B,B136,B136k40d00,B136,10.0,Q,0,4,False,2.0213389383254325,0.08717017044935105,0.8249995167281979,-0.26928545218156974,1.0511296072886942,0.6372586846204391,0.9696294585334184,0.717821433915767,0.07752927644366703,-0.2692854521815693,DD,"H2,OOS,DD,CAGR"
B,B136,B136k40d01,B136,10.0,D,0,0,True,19.031952678569183,0.08724777508674486,0.8701562078402998,-0.1511926450677189,0.8795957111745191,0.8606194468208818,0.7358186115408099,0.9868185946078452,0.09808222072947204,-0.14210208228971477,-,"H1,CAGR"
B,B136,B136k40d01,B136,10.0,W,0,0,True,8.00197676020774,0.09996987205422148,0.9686113168786933,-0.17971698016145787,1.0419022412445185,0.8978457225959737,0.9149696585112773,1.0139247804945215,0.10399017386549758,-0.17971698016145776,-,CAGR
B,B136,B136k40d01,B136,10.0,W,0,1,False,7.772135838049049,0.10657772894298878,1.0215365890170063,-0.16880814943411915,1.132533527749222,0.9148547783834274,1.0247192815736257,1.0187471161317425,0.10523710938858066,-0.16880814943411926,-,CAGR
B,B136,B136k40d01,B136,10.0,W,0,2,False,8.045477899646068,0.10224538561800234,0.977455111155025,-0.15811835276609143,1.0110785079419577,0.944377464153054,0.8856112114674516,1.0564153790509463,0.10946687599050375,-0.14333591157068948,-,CAGR
B,B136,B136k40d01,B136,10.0,W,0,3,False,7.9935888422177035,0.09915236310911046,0.9504138015913985,-0.14312898600954416,1.0006254901814802,0.9016117715216238,0.864838559835042,1.0232281696300791,0.10613580458828231,-0.1431289860095447,-,CAGR
B,B136,B136k40d01,B136,10.0,W,0,4,False,8.021635399348801,0.09181182850500114,0.8946413634564682,-0.17436043185714256,0.9435931930210727,0.8467338812811777,0.8137834546033939,0.9638673917027067,0.09812504074931505,-0.15191517203933813,-,"H1,CAGR"
B,B136,B136k40d01,B136,10.0,M,0,0,True,3.587527236368751,0.10649692961796875,0.9938891143619649,-0.16314717312917704,1.0266113537085035,0.9616314206345609,0.9143839968936381,1.0624679669376962,0.11253098168820963,-0.16314717312917693,-,CAGR
B,B136,B136k40d01,B136,10.0,M,0,1,False,3.6622814061281215,0.10484137315843411,0.9384937887306614,-0.2349607591222982,0.976365287395389,0.9077924274727397,0.8494261059458843,1.0084570286215901,0.11644984444703166,-0.23496075912229775,DD,"DD,CAGR"
B,B136,B136k40d01,B136,10.0,M,0,2,False,3.618279047022208,0.09957221117204451,0.8986423740028094,-0.24635207964485661,0.9674838013910821,0.8401466735547563,0.8355648553318613,0.9483616935343502,0.10827181635026606,-0.24635207964485617,DD,"DD,CAGR"
B,B136,B136k40d01,B136,10.0,M,0,3,False,3.632799841599969,0.10759772729820138,0.9677907036729899,-0.23708422147371566,0.986188056266034,0.9541705536327462,0.8430852417093986,1.0659573020422266,0.12260126364375101,-0.2370842214737161,DD,DD
B,B136,B136k40d01,B136,10.0,M,0,4,False,3.603370557759549,0.09806368808026167,0.8867835106332307,-0.24713694192867197,0.9798194771018421,0.809983045699718,0.8531757339795675,0.9134450214033533,0.10478478017794246,-0.24713694192867186,DD,"H2,DD,CAGR"
B,B136,B136k40d01,B136,10.0,Q,0,0,True,2.0965917088430417,0.09761049512686615,0.8354302028567251,-0.3005494650520707,1.006050089241688,0.6898607466999072,0.8962509624967439,0.789264140408696,0.09419350927187509,-0.3005494650520709,DD,"H2,OOS,DD,CAGR"
B,B136,B136k40d01,B136,10.0,Q,0,1,False,2.0737774415211154,0.10645616595595353,0.913218495588052,-0.2871940292288828,1.0636885494000015,0.7867496613255852,0.9568011818450881,0.880833327753144,0.10553694134140779,-0.2871940292288826,DD,"H2,OOS,DD,CAGR"
B,B136,B136k40d01,B136,10.0,Q,0,2,False,1.999694114289966,0.10424180908336744,0.895836138161931,-0.28632232636024957,1.0215285089218997,0.7904474192908756,0.918137733643446,0.8795964183914399,0.10532081234645374,-0.2863223263602498,DD,"H2,OOS,DD,CAGR"
B,B136,B136k40d01,B136,10.0,Q,0,3,False,2.000342437039348,0.11105281524080657,0.9472132378842657,-0.28623074916339175,1.086235314510944,0.8325125896488232,0.9673205538047193,0.9333414908853523,0.11329247976955381,-0.28623074916339164,DD,"H2,DD"
B,B136,B136k40d01,B136,10.0,Q,0,4,False,2.040305880568909,0.10527069834886582,0.9098457093781622,-0.27886611892733426,1.0545186836622982,0.7879415612323901,0.9501021185987044,0.8798892643521123,0.10458868581810798,-0.2788661189273345,DD,"H2,OOS,DD,CAGR"
B,B136,B136k40d02,B136,10.0,D,0,0,True,16.87412112960479,0.09182418896740274,0.8875637676848468,-0.1682980392800888,1.0035953501672654,0.7865186612674743,0.8471133573788477,0.9194647632185476,0.09848851283633175,-0.16829803928008913,-,"H2,CAGR"
B,B136,B136k40d02,B136,10.0,W,0,0,True,7.296784944723482,0.10082134234941775,0.9460897907171366,-0.20364637560574317,1.0500378812720041,0.8611160949320886,0.887393861680774,0.9917735064823126,0.11109468309813098,-0.20364637560574372,-,"DD,CAGR"
B,B136,B136k40d02,B136,10.0,W,0,1,False,7.121059264034813,0.10296044909114999,0.9625009212970179,-0.19987615234455847,1.127609859618989,0.822816679215453,0.972750049305091,0.9564961619829749,0.1064476309267286,-0.19987615234455836,-,"H2,CAGR"
B,B136,B136k40d02,B136,10.0,W,0,2,False,7.075897860556354,0.11044318253293128,1.024914293045459,-0.15602919191507758,1.1533161682083735,0.9158526910853962,0.9913292880834151,1.0517898241253119,0.117919119978106,-0.1560291919150778,-,-
B,B136,B136k40d02,B136,10.0,W,0,3,False,7.1648743712234415,0.10781183738789646,1.0024342447492032,-0.16564007244565704,1.1113157159409466,0.9122064911652922,0.9392277216944064,1.051644011351336,0.11847504714290302,-0.16564007244565682,-,-
B,B136,B136k40d02,B136,10.0,W,0,4,False,7.105616762926968,0.09901955121181572,0.9362453958856234,-0.1704279683226354,1.0296118951242212,0.8577684900426686,0.8519026697860549,1.00142814750366,0.11076634424399057,-0.17042796832263518,-,CAGR
B,B136,B136k40d02,B136,10.0,M,0,0,True,3.290578217044605,0.11410092741299671,1.016336504190645,-0.1944111284430694,1.099545598916309,0.9484017508561324,0.966338571643172,1.0556455035704837,0.12366828906850902,-0.1944111284430694,-,-
B,B136,B136k40d02,B136,10.0,M,0,1,False,3.400804241810445,0.11061359366056078,0.9539535416203103,-0.24960154542631574,1.1275920187206434,0.8261367110464873,0.9919197716639203,0.9333470265940761,0.11573976683405118,-0.24960154542631574,DD,"H2,DD"
B,B136,B136k40d02,B136,10.0,M,0,2,False,3.2718734359708774,0.10664774559957713,0.9243936936971463,-0.2464921049226142,1.0555170026983691,0.8283016921391733,0.9023189695062954,0.944857027700806,0.11682620944751965,-0.24649210492261453,DD,"H2,DD"
B,B136,B136k40d02,B136,10.0,M,0,3,False,3.2868745474874768,0.10827764525641892,0.9361258140531956,-0.25199048955835635,1.0845041546993548,0.8281580027522992,0.912744233429832,0.9580663524972841,0.11926178930019304,-0.2519904895583561,DD,"H2,DD"
B,B136,B136k40d02,B136,10.0,M,0,4,False,3.2477135595610287,0.09997435916884623,0.8810652320363661,-0.2507590688866339,1.0387495728359013,0.7663057783552852,0.8729980192354513,0.8924731508613926,0.10906987783706446,-0.2507590688866336,DD,"H2,DD,CAGR"
B,B136,B136k40d02,B136,10.0,Q,0,0,True,1.9194227719428216,0.101784785786325,0.8423594484138307,-0.27470886854064547,1.0209233211855213,0.7121239483175121,0.864668608248974,0.832540189370524,0.10786384531960991,-0.2747088685406458,DD,"H2,OOS,DD,CAGR"
B,B136,B136k40d02,B136,10.0,Q,0,1,False,2.0019161702973696,0.10617328921260638,0.8838033639677048,-0.2687956544417699,1.08916325982342,0.729896301721167,0.9483344655424265,0.8439271468184462,0.10778327211626593,-0.26879565444176967,DD,"H2,OOS,DD,CAGR"
B,B136,B136k40d02,B136,10.0,Q,0,2,False,1.9364479575703484,0.11023666594143156,0.9045472836542416,-0.2691911230084547,1.056033915408436,0.7918451901592886,0.9038323342467247,0.9095783759603011,0.11823375234258582,-0.2691911230084548,DD,"H2,DD"
B,B136,B136k40d02,B136,10.0,Q,0,3,False,1.9145833010266107,0.11531986250783555,0.9443969634467857,-0.273881407680997,1.128846318714069,0.8151721723274576,0.9699117310465074,0.9347505140544164,0.12341514762088956,-0.273881407680997,DD,"H2,DD"
B,B136,B136k40d02,B136,10.0,Q,0,4,False,1.903176531001322,0.10583420381537634,0.8910129403404158,-0.27559516445493837,1.066550554461213,0.7673576156040913,0.9055017661288062,0.8882684754096184,0.1140683975898753,-0.27559516445493837,DD,"H2,DD,CAGR"
B,B136,B136k40d03,B136,10.0,D,0,0,True,18.45358653093324,0.10321184156312513,0.9490477895449476,-0.1426457895779233,1.0196184939299908,0.8807147024889939,0.8919116324327531,0.9967922739520743,0.1082658928954594,-0.1307135807989993,-,CAGR
B,B136,B136k40d03,B136,10.0,W,0,0,True,7.710699027165349,0.11207150278335298,1.001330954506754,-0.16506017803849604,1.1554543102366168,0.8578664269178317,1.0216552164769328,0.984663688535147,0.11075004069777772,-0.16506017803849637,-,-
B,B136,B136k40d03,B136,10.0,W,0,1,False,7.600631987660144,0.11765531292776688,1.048405961841175,-0.15861663246137825,1.1554363683722486,0.9454591218354956,1.039208439073486,1.0558933821976013,0.11800433518871634,-0.15861663246137825,-,-
B,B136,B136k40d03,B136,10.0,W,0,2,False,7.728463136268563,0.11627987986643373,1.0343992150510342,-0.15234134807738897,1.1457331390844403,0.9296119371186503,1.0357198357154145,1.0331121429242187,0.11643837450261163,-0.12893337277303474,-,-
B,B136,B136k40d03,B136,10.0,W,0,3,False,7.518539109103058,0.11192731590544769,1.0082513473791967,-0.14352309511358774,1.1564667759076315,0.8668500971199935,1.0278188182128494,0.9918366286011708,0.10971058268111622,-0.14352309511358785,-,-
B,B136,B136k40d03,B136,10.0,W,0,4,False,7.841153016026202,0.1040039957308434,0.9418513715274706,-0.1559546284799801,1.1018987849512407,0.788623570037288,0.9605197113381978,0.9261556414795894,0.10176564019097056,-0.14187508601261267,-,"H2,CAGR"
B,B136,B136k40d03,B136,10.0,M,0,0,True,3.5153792146917606,0.12575801787410312,1.062556550847302,-0.1773248050913655,1.2254532439921308,0.9117327801808949,1.1140400203239087,1.0206396588129616,0.12111887033054347,-0.17732480509136583,-,-
B,B136,B136k40d03,B136,10.0,M,0,1,False,3.5619071100599378,0.1202266433896726,1.0209988873384253,-0.18271888902107758,1.1505829461884418,0.9017969341606384,1.040018311006158,1.0055157060134843,0.11928009301622011,-0.18271888902107714,-,-
B,B136,B136k40d03,B136,10.0,M,0,2,False,3.493063127129099,0.11939384109422768,0.9871815732431383,-0.2224640102241222,1.1662053157882484,0.8315323834246423,1.056167799475608,0.9343953822013573,0.11529443235651349,-0.22246401022412254,DD,"H2,DD"
B,B136,B136k40d03,B136,10.0,M,0,3,False,3.5103113808001964,0.12347665346445691,1.0229256337679693,-0.21125620737816098,1.1784214643005124,0.8889202718740294,1.0559934665066917,0.9982357568896173,0.12367946700580834,-0.2112562073781612,-,DD
B,B136,B136k40d03,B136,10.0,M,0,4,False,3.4777694217753643,0.11959861246310188,1.0017095317936437,-0.21752053999199028,1.2249066118468481,0.8095001534580366,1.1109137106977185,0.9190412631053023,0.11202174351678562,-0.21752053999199017,DD,"H2,DD"
B,B136,B136k40d03,B136,10.0,Q,0,0,True,1.992420415560785,0.11910832807530292,0.9497521923784621,-0.24803896536796555,1.199456578028671,0.7353227915907773,1.0707368625443077,0.8583628912146889,0.10967725073077061,-0.24803896536796544,DD,"H2,OOS,DD"
B,B136,B136k40d03,B136,10.0,Q,0,1,False,2.0400185567948403,0.11441685797692291,0.9261089443743988,-0.24065102008097916,1.1360041305687132,0.7447364856502289,1.01513294397495,0.8584321542397635,0.10813691813107429,-0.24065102008097905,DD,"H2,OOS,DD"
B,B136,B136k40d03,B136,10.0,Q,0,2,False,2.037581501495071,0.12237379760149603,0.9737987345040285,-0.24368591630865988,1.1764698253782397,0.7968078481934933,1.0753633350877525,0.895234825142967,0.1140259278715905,-0.24368591630865988,DD,"H2,DD"
B,B136,B136k40d03,B136,10.0,Q,0,3,False,1.9773341165729423,0.13233910997006948,1.0402327817928536,-0.24366605924382168,1.2566832278357485,0.8533847457665051,1.1426043478946637,0.9621620309716022,0.12472455867819932,-0.24366605924382134,DD,DD
B,B136,B136k40d03,B136,10.0,Q,0,4,False,2.0139240725825602,0.1257543746054397,1.0097888366800511,-0.23594446082718656,1.2742464356354064,0.7731561232899563,1.1689929070936675,0.8840772169541522,0.1101690490294025,-0.23594446082718656,DD,"H2,DD"
B,B136,B136k40d04,B136,10.0,D,0,0,True,18.854564325087864,0.10354762303103415,0.9785917277829778,-0.17411478545060666,1.0414760509631418,0.9221590824155617,0.9013041098671327,1.040305898029387,0.11252386219450372,-0.1741147854506062,-,CAGR
B,B136,B136k40d04,B136,10.0,W,0,0,True,7.785768691612735,0.12122807717737305,1.105896471863865,-0.1807137275947679,1.2104121435434905,1.014508805939611,1.076708747017565,1.1292171307584313,0.1270766731033246,-0.18071372759476778,-,-
B,B136,B136k40d04,B136,10.0,W,0,1,False,7.556584179803556,0.11869097388180094,1.0849167946548368,-0.19176886277416838,1.2412066585093557,0.9439807571004897,1.1065621780317085,1.0679280703590994,0.1187205868564356,-0.19176886277416794,-,-
B,B136,B136k40d04,B136,10.0,W,0,2,False,7.695569724880852,0.12184932236095514,1.1073329708747441,-0.15286445896341394,1.1930766810807643,1.0314928795831795,1.0607142898177924,1.1444330041036965,0.12885458850060938,-0.15286445896341394,-,-
B,B136,B136k40d04,B136,10.0,W,0,3,False,7.888082223788263,0.11805644808009697,1.0679054887535835,-0.18350113956085057,1.1911738085346555,0.9625356174230004,1.0574049504628429,1.0769333772898069,0.12288566598787809,-0.18350113956085035,-,-
B,B136,B136k40d04,B136,10.0,W,0,4,False,7.856613929795087,0.11091067916007225,1.0272357452716234,-0.1687765509532978,1.085756416987277,0.9755187602283364,0.9436435675595486,1.093767299384996,0.12099518250381402,-0.1687765509532987,-,-
B,B136,B136k40d04,B136,10.0,M,0,0,True,3.48865935251514,0.13670042093649304,1.1814418026556919,-0.18551015419229877,1.2293394735003718,1.1416112505609433,1.086312441111261,1.2563396457112481,0.15011026653214343,-0.18551015419229888,-,-
B,B136,B136k40d04,B136,10.0,M,0,1,False,3.5211739324029576,0.12961567418996967,1.1178886287701848,-0.2061916223639223,1.2148121679856987,1.0383990910696055,1.061686411526679,1.1620525656200826,0.1404012922678226,-0.20619162236392186,-,DD
B,B136,B136k40d04,B136,10.0,M,0,2,False,3.4523496947565127,0.12380822238569333,1.0428750604012376,-0.2570130564169838,1.2097882524776906,0.9154452480325448,1.0718339020231944,1.0265610283154032,0.12914203159361626,-0.2570130564169836,DD,DD
B,B136,B136k40d04,B136,10.0,M,0,3,False,3.4910665119341107,0.12545872040913708,1.0558056286650368,-0.25457555993689895,1.2088259998685866,0.9380681812906828,1.063543932986665,1.0541941756403514,0.13260533650500572,-0.25457555993689873,DD,DD
B,B136,B136k40d04,B136,10.0,M,0,4,False,3.5426054033494836,0.12426007324424315,1.0563150158413352,-0.2515809703279889,1.2152031033700055,0.9367127519291081,1.0795188922150376,1.0446400740470063,0.13060638939366376,-0.2515809703279889,DD,DD
B,B136,B136k40d04,B136,10.0,Q,0,0,True,1.943031901023661,0.12601064589275213,1.024737795856983,-0.265892616495228,1.2139132707093647,0.8781867585396211,1.0585914991838519,1.004625707103659,0.13067074281825564,-0.2658926164952281,DD,DD
B,B136,B136k40d04,B136,10.0,Q,0,1,False,2.0142837047156585,0.12511708774203956,1.026223076309848,-0.25196865094931353,1.2380750856729943,0.8588227098031002,1.0786529870445818,0.9919802980395072,0.12726216712110827,-0.25196865094931364,DD,DD
B,B136,B136k40d04,B136,10.0,Q,0,2,False,2.0027954574774998,0.12377196202955609,1.00912592411947,-0.26033011130035166,1.2284062826540263,0.83387659559512,1.076492285111191,0.9634427846411485,0.12383626600434217,-0.2603301113003521,DD,"H2,DD"
B,B136,B136k40d04,B136,10.0,Q,0,3,False,1.9942316144311512,0.1277046162194151,1.0358770285436025,-0.26030284807289306,1.2728988906081786,0.8511782343386417,1.1315544361010677,0.9719848593291537,0.12616312318117817,-0.26030284807289306,DD,DD
B,B136,B136k40d04,B136,10.0,Q,0,4,False,1.9754900018296062,0.12502605227403585,1.0229164848954486,-0.2676673879095337,1.27042247302786,0.8266040488514149,1.1337057530940027,0.9468383884005824,0.12116176969765613,-0.2676673879095348,DD,"H2,DD"
B,B136,B136k40d05,B136,10.0,D,0,0,True,17.855681563752068,0.07750887050714117,0.8249786619612463,-0.1450460170395489,0.8364448859172651,0.8152785777357188,0.6755844389216629,0.9453197599439369,0.09100889418411429,-0.14504601703954811,-,"H1,H2,CAGR"
B,B136,B136k40d05,B136,10.0,W,0,0,True,7.468151606551476,0.09088489968267277,0.9327646744502285,-0.1850398938471446,1.0199889952044248,0.8574350497168794,0.858827675894194,0.9907560720613264,0.09975843322857947,-0.1850398938471448,-,CAGR
B,B136,B136k40d05,B136,10.0,W,0,1,False,7.326140872518175,0.08893439453680019,0.9153928678544316,-0.17711758208807704,0.9565130886419074,0.8794889847235693,0.8046207714931226,1.00336232348456,0.1001711509205252,-0.17711758208807626,-,"H1,CAGR"
B,B136,B136k40d05,B136,10.0,W,0,2,False,7.185030341056383,0.09216341026478214,0.943482446395046,-0.131117082558305,0.9595599354710823,0.9302160130813828,0.8006223727581653,1.0574608590751626,0.1061429534983791,-0.13111708255830545,-,CAGR
B,B136,B136k40d05,B136,10.0,W,0,3,False,7.551075496709806,0.09069895137180484,0.9257476192933882,-0.14831064349025314,1.0056454174570288,0.8557155102362961,0.852895500163396,0.9833453184672212,0.09901687878815912,-0.14831064349025358,-,CAGR
B,B136,B136k40d05,B136,10.0,W,0,4,False,7.55365949260137,0.08073044965477583,0.8422445571391609,-0.17154171514437944,0.921985623151772,0.7734900447082161,0.74577734916786,0.917599273397872,0.0911635734706322,-0.17154171514438,-,"H1,H2,CAGR"
B,B136,B136k40d05,B136,10.0,M,0,0,True,3.3750165361224873,0.10480687497388308,1.0114913486676094,-0.21715148200040357,1.0800296021157598,0.9569932642858181,0.9346964362744571,1.0709805149716234,0.11616399651127662,-0.21715148200040346,DD,"DD,CAGR"
B,B136,B136k40d05,B136,10.0,M,0,1,False,3.334430371692918,0.09884836414743559,0.9400698544328311,-0.22519613680099315,0.9992354637537153,0.8975441689334305,0.8425184834919299,1.0140834210322183,0.11332897132485642,-0.22519613680099326,DD,"DD,CAGR"
B,B136,B136k40d05,B136,10.0,M,0,2,False,3.3531228577200585,0.08805792979385241,0.8292742622725574,-0.25861864009745694,0.9389875334080836,0.7528403654014824,0.7922957474971662,0.8600884516090122,0.09846511150324866,-0.25861864009745694,DD,"H1,H2,OOS,DD,CAGR"
B,B136,B136k40d05,B136,10.0,M,0,3,False,3.3595631567845072,0.08925700663283775,0.8426256157303981,-0.25781476548106086,0.9541527703500328,0.7655767529854208,0.8045506558927897,0.8744281864654083,0.10003736215477166,-0.2578147654810611,DD,"H1,H2,OOS,DD,CAGR"
B,B136,B136k40d05,B136,10.0,M,0,4,False,3.30332408406051,0.09082103553171161,0.8622396162691358,-0.25574685108788875,0.972522111066578,0.7867708460631871,0.8287272819056223,0.8912189537740046,0.1015202427340387,-0.25574685108788875,DD,"H2,DD,CAGR"
B,B136,B136k40d05,B136,10.0,Q,0,0,True,1.9605479181955672,0.09599072632411021,0.8763924171263487,-0.27752507389730596,1.0131263584284238,0.7794282740137963,0.8674887501307982,0.8882515200354707,0.104724406227372,-0.27752507389730574,DD,"H2,DD,CAGR"
B,B136,B136k40d05,B136,10.0,Q,0,1,False,1.9661617001296998,0.09651404219962045,0.8825369066398683,-0.2776295166603303,1.0076542983996655,0.797166689663518,0.8501347289305361,0.9111592761555802,0.10800296258833697,-0.2776295166603301,DD,"H2,DD,CAGR"
B,B136,B136k40d05,B136,10.0,Q,0,2,False,1.9581270015567807,0.09601079470606266,0.8779205797412224,-0.269312459910498,0.9504790093345933,0.8301971385252831,0.8027702118500647,0.9353407891909169,0.1103259330184625,-0.2693124599104987,DD,"H1,H2,DD,CAGR"
B,B136,B136k40d05,B136,10.0,Q,0,3,False,1.958524611618171,0.10057961909750235,0.9142532894531011,-0.2692767917693367,1.0180157250796567,0.8449060621926525,0.8538074977755367,0.9619974341098154,0.11470937227121714,-0.2692767917693364,DD,"DD,CAGR"
B,B136,B136k40d05,B136,10.0,Q,0,4,False,1.9465995655364734,0.09901920361566208,0.91168752782216,-0.2693561842620139,1.0360682265353578,0.8236560796897119,0.8853029712525105,0.9355175940140795,0.10931246021849561,-0.26935618426201424,DD,"H2,DD,CAGR"
B,B136,B136k40d06,B136,10.0,D,0,0,True,18.99907961832399,0.10570356611285003,0.9900461149554212,-0.15799033393900774,1.0752594062515783,0.9059024673039084,0.9745797854009378,1.0033741218242984,0.10552610055295086,-0.15799033393900763,-,CAGR
B,B136,B136k40d06,B136,10.0,W,0,0,True,7.974401773269664,0.11774829465341874,1.0725294951911424,-0.17372078298443183,1.1676787527260308,0.9807746222857514,1.0858569321035358,1.06119370912107,0.11550175819974573,-0.17372078298443183,-,-
B,B136,B136k40d06,B136,10.0,W,0,1,False,7.9018848435348445,0.11763028244306595,1.0698715255181808,-0.17168091832065735,1.174572842934287,0.9682639497044803,1.112169341328839,1.0341324634455964,0.11221762907971411,-0.17168091832065768,-,-
B,B136,B136k40d06,B136,10.0,W,0,2,False,7.93698998028292,0.11773117500780561,1.0609379488328499,-0.1520149237167806,1.153026877231908,0.9724404385432334,1.072309673867535,1.0512523613633844,0.11585390875215928,-0.1520149237167805,-,-
B,B136,B136k40d06,B136,10.0,W,0,3,False,7.927689669130288,0.11728039891850783,1.051864345797526,-0.16625920569711816,1.1839904985943586,0.9257495276584055,1.0898054898636225,1.020061471345641,0.11284773435540818,-0.16625920569711816,-,-
B,B136,B136k40d06,B136,10.0,W,0,4,False,8.021880749380495,0.10527483997817022,0.9709519764922503,-0.17078415385856371,1.0630859490308417,0.8811829604325278,0.9724945591916208,0.9695846597294979,0.10392993419671637,-0.15502600413280043,-,CAGR
B,B136,B136k40d06,B136,10.0,M,0,0,True,3.598539527825129,0.1282353548210562,1.1214350588246969,-0.15449682809358278,1.2182955636464838,1.027513784335196,1.1431064513709954,1.103053200834618,0.12468055156228375,-0.15449682809358267,-,-
B,B136,B136k40d06,B136,10.0,M,0,1,False,3.6497271055056903,0.12819773068588458,1.0967552939432959,-0.20018898156886944,1.169558881205963,1.0314200265784268,1.0874723298219595,1.1041906508630417,0.13092555208276746,-0.20018898156886944,-,-
B,B136,B136k40d06,B136,10.0,M,0,2,False,3.5974424305755894,0.12094491432954224,1.0128850987958105,-0.22502545776010385,1.209473470937763,0.8479589007703603,1.1213168601564787,0.9328123213179612,0.11455961291610217,-0.22502545776010452,DD,DD
B,B136,B136k40d06,B136,10.0,M,0,3,False,3.641155851075254,0.12273085320846833,1.0349110716632672,-0.22374572466430587,1.152063976842218,0.935522472818875,1.0533422782107227,1.0217724124958514,0.12486012710714323,-0.22374572466430565,DD,DD
B,B136,B136k40d06,B136,10.0,M,0,4,False,3.537934754987919,0.1212123441337365,1.0260606196126176,-0.22037268604451699,1.2475708204800828,0.8396929351194896,1.1620588291790146,0.9254144214885668,0.11221368734978099,-0.22037268604451687,DD,DD
B,B136,B136k40d06,B136,10.0,Q,0,0,True,2.0135479317038385,0.11795877066723337,0.9575572635347268,-0.24564275925516255,1.160126858361282,0.7834315569684267,1.0548641962747705,0.8836954791726839,0.11103424773344517,-0.24564275925516232,DD,"H2,DD"
B,B136,B136k40d06,B136,10.0,Q,0,1,False,1.9982026382216842,0.12235784274060002,0.9906720411419131,-0.24515342649992855,1.1485008852212595,0.8589145976477874,1.0380579541299795,0.956324038316443,0.12204363519449446,-0.24515342649992844,DD,DD
B,B136,B136k40d06,B136,10.0,Q,0,2,False,1.9725775281899223,0.12221923824062775,0.9855553273543843,-0.24295655870481736,1.1808778498045984,0.8207043209929106,1.0731001084560832,0.9205901559429794,0.11730155187512392,-0.24295655870481736,DD,"H2,DD"
B,B136,B136k40d06,B136,10.0,Q,0,3,False,1.994383658787854,0.1226425398814146,0.9961405855032621,-0.2477628312743705,1.1866038116558115,0.8342657327455894,1.0826957916395266,0.9313186392799073,0.11755257524326757,-0.24776283127437038,DD,DD
B,B136,B136k40d06,B136,10.0,Q,0,4,False,1.9900150194369677,0.12364257271183066,1.007030577898247,-0.24997567477337712,1.2412141653768627,0.8066213713266357,1.1463715860426806,0.9021186542739071,0.1129499835883172,-0.24997567477337734,DD,"H2,DD"
B,B136,B136k40d07,B136,10.0,D,0,0,True,19.282499240406878,0.09782422665918755,0.9091653367032719,-0.16038718541359032,0.9807692714818694,0.8375557684282916,0.8967482380276457,0.920234195392044,0.09697915774250898,-0.16038718541358998,-,CAGR
B,B136,B136k40d07,B136,10.0,W,0,0,True,8.151056817526074,0.10774086541227179,0.9665206468452392,-0.20282493727892403,1.074443391543887,0.8626794908781876,1.0111502099807395,0.9289447017913033,0.10231431596418217,-0.20282493727892414,-,DD
B,B136,B136k40d07,B136,10.0,W,0,1,False,8.004191483691644,0.10985122270290759,0.9823549003568379,-0.19334355116877,1.1079876128758543,0.8594074531847518,1.0463315222878875,0.9279380386300455,0.10165546206490328,-0.1933435511687699,-,-
B,B136,B136k40d07,B136,10.0,W,0,2,False,7.981153549317011,0.11659433521445295,1.042341579153795,-0.15432804132831368,1.1073979996742216,0.9776300166725231,1.0383663010532493,1.0460345308470447,0.11467635616813676,-0.15432804132831335,-,-
B,B136,B136k40d07,B136,10.0,W,0,3,False,7.918139164319104,0.10671384341415835,0.9597107162743763,-0.17197471387707586,1.0573173722379987,0.8637938210595533,0.9740113683893216,0.9475603264563629,0.10356477035744471,-0.1719747138770763,-,-
B,B136,B136k40d07,B136,10.0,W,0,4,False,8.153775027023443,0.09808387321435919,0.903532021242393,-0.16443527978525652,0.9666087683135487,0.8406155567442744,0.8943430628706661,0.9117411865739304,0.09700809905993246,-0.16443527978525696,-,CAGR
B,B136,B136k40d07,B136,10.0,M,0,0,True,3.6739563303091667,0.12629791563026993,1.0666394989085386,-0.2183694209838657,1.166105219976179,0.9748686135650216,1.0966042770441318,1.042129662909625,0.12389758073591528,-0.21836942098386525,DD,DD
B,B136,B136k40d07,B136,10.0,M,0,1,False,3.7065639209592147,0.1220964771606241,1.0179074943646176,-0.23908677361327058,1.1427864523932358,0.9080142719631825,1.0729425029295112,0.9750672104814953,0.11888487671421388,-0.23908677361327046,DD,DD
B,B136,B136k40d07,B136,10.0,M,0,2,False,3.6468802347242244,0.11423542173524215,0.9610116694386983,-0.24311992677978345,1.1099654446698326,0.8300605347582637,1.034707662994481,0.903665736846267,0.10899723328409627,-0.24311992677978367,DD,"H2,DD"
B,B136,B136k40d07,B136,10.0,M,0,3,False,3.575119241665003,0.12014756468245347,0.9995767454752402,-0.2461967379366179,1.1283001855363703,0.8857219315619924,1.0501001757171076,0.9600006818693332,0.11710068596723078,-0.24619673793661812,DD,DD
B,B136,B136k40d07,B136,10.0,M,0,4,False,3.6050601351587206,0.11408324295723782,0.9602400493414139,-0.23931469620037382,1.1277522128978361,0.8132416026550455,1.0521037256333667,0.8891827116241084,0.10722357564573559,-0.23931469620037393,DD,"H2,DD"
B,B136,B136k40d07,B136,10.0,Q,0,0,True,2.0413433380184904,0.12313125035682537,1.0014426294854883,-0.2574882053708031,1.1771298387670386,0.8511731289399556,1.076611707158708,0.9447929083859447,0.11896593904248176,-0.25748820537080297,DD,DD
B,B136,B136k40d07,B136,10.0,Q,0,1,False,2.082488140418571,0.12360893011389029,1.0045981285975338,-0.24777311386787837,1.152139973896203,0.8790164710986867,1.0535123769129857,0.9680760479218026,0.1223356409412697,-0.2477731138678786,DD,DD
B,B136,B136k40d07,B136,10.0,Q,0,2,False,2.0325008007576932,0.12400199238615661,1.0017356003460216,-0.24270162834370135,1.1504159206443034,0.8703556330160762,1.0520072179448303,0.9624360302150088,0.1209541505271634,-0.24270162834370135,DD,DD
B,B136,B136k40d07,B136,10.0,Q,0,3,False,2.0884442739532245,0.12633468035626483,1.0167970137738838,-0.2470802523244544,1.1631704756765693,0.8892563389225764,1.0641357879630189,0.9803665831367604,0.12421324762007702,-0.2470802523244544,DD,DD
B,B136,B136k40d07,B136,10.0,Q,0,4,False,2.065693639321684,0.1235775180255696,1.004171741018585,-0.2474134915971299,1.2087505882946046,0.8205007834935104,1.1233042555904584,0.910171916386546,0.11263620114471706,-0.2474134915971299,DD,"H2,DD"
B,B136,B136k40d08,B136,10.0,D,0,0,True,18.662726017425655,0.08708799333412598,0.8952224854322042,-0.1476519716540351,0.9969369962473524,0.7966689299785152,0.8965640324198624,0.8940257395513103,0.08600936897555345,-0.1476519716540352,-,"H2,CAGR"
B,B136,B136k40d08,B136,10.0,W,0,0,True,7.7391960937356075,0.09935848254107893,0.9905028293495539,-0.16322819144275114,1.1755252637624232,0.817292759120206,1.0811667768994109,0.915955665005422,0.091377942072572,-0.16322819144275114,-,"H2,CAGR"
B,B136,B136k40d08,B136,10.0,W,0,1,False,7.529309743388039,0.1029350584512192,1.0140653769551964,-0.1686146021885656,1.2206022887453634,0.8179849061389891,1.1322337538015437,0.9157452082943791,0.09169139045299102,-0.1686146021885655,-,"H2,CAGR"
B,B136,B136k40d08,B136,10.0,W,0,2,False,7.656420452268839,0.10840756791458639,1.0684671512891175,-0.1453215334914053,1.2351946533282911,0.9082064763669299,1.1436678209497846,1.005132762935795,0.10049254747738678,-0.14532153349140542,-,-
B,B136,B136k40d08,B136,10.0,W,0,3,False,7.657289604531747,0.10172624842428934,1.0077779412296448,-0.14852839512638294,1.145393962515378,0.8778717146188949,1.0499653859185398,0.9726493797299864,0.09768143368828897,-0.14852839512638283,-,CAGR
B,B136,B136k40d08,B136,10.0,W,0,4,False,7.710881170963553,0.09119319763481659,0.9188287130385601,-0.16117442980874264,1.069101587450068,0.7747215658119103,0.9632027085265339,0.8814932840852983,0.08649969302235427,-0.1593188138574545,-,"H2,OOS,CAGR"
B,B136,B136k40d08,B136,10.0,M,0,0,True,3.4205552525711873,0.11265189548126475,1.0659489664766981,-0.18674559972627547,1.2092906101240242,0.9337701949836628,1.1240353892723431,1.0184726028666524,0.10774070217863896,-0.18674559972627525,-,-
B,B136,B136k40d08,B136,10.0,M,0,1,False,3.508332122995912,0.10654631145119087,0.9882205399793772,-0.21322252077565862,1.152383552078968,0.843806142503086,1.056787762072407,0.934682050693868,0.10230261616945069,-0.2132225207756585,DD,"DD,CAGR"
B,B136,B136k40d08,B136,10.0,M,0,2,False,3.4565892787175665,0.10591408117378842,0.9783741173597188,-0.22318172462418773,1.1928367347728577,0.7954274220153817,1.1034712341420314,0.8835047006727407,0.09756007587096471,-0.22318172462418773,DD,"H2,DD,CAGR"
B,B136,B136k40d08,B136,10.0,M,0,3,False,3.480513849192314,0.10630652430493504,0.975348085503542,-0.23694785334528468,1.1566181612756132,0.8250108628078758,1.0579834227243983,0.9147467818448801,0.1028923403423232,-0.23694785334528456,DD,"H2,DD,CAGR"
B,B136,B136k40d08,B136,10.0,M,0,4,False,3.4267802993426275,0.10495268625323262,0.9747515127515916,-0.22539043851362728,1.1911622082782614,0.7905180206178036,1.0961054698120947,0.8832078732260349,0.09718962628538819,-0.22539043851362706,DD,"H2,DD,CAGR"
B,B136,B136k40d08,B136,10.0,Q,0,0,True,1.965126114268055,0.1042609523701643,0.9127159138653601,-0.27442370657761717,1.104038490582319,0.7574068323815131,1.0037855655185708,0.8471840068682551,0.10020422492278391,-0.27442370657761717,DD,"H2,OOS,DD,CAGR"
B,B136,B136k40d08,B136,10.0,Q,0,1,False,2.073568021461179,0.10198694350551607,0.8989883855054449,-0.27455413875869006,1.0918998995972264,0.7427944089082814,0.9851397037787695,0.8374536275713664,0.0985511989308232,-0.2745541387586896,DD,"H2,OOS,DD,CAGR"
B,B136,B136k40d08,B136,10.0,Q,0,2,False,1.9852716607713983,0.1079775594686243,0.9398884355269317,-0.2742314940189279,1.1424771126458826,0.7740285325140219,1.0476017497149457,0.861529859190066,0.10215784526498983,-0.2742314940189282,DD,"H2,OOS,DD"
B,B136,B136k40d08,B136,10.0,Q,0,3,False,2.0177214334891898,0.11202874686754871,0.9722321458070274,-0.27416884100799055,1.171529041156607,0.8142571424995462,1.0783129663321462,0.897622757958724,0.10771803694770266,-0.27416884100799044,DD,"H2,DD"
B,B136,B136k40d08,B136,10.0,Q,0,4,False,1.9324316044591099,0.11309650875211164,0.9885540985095054,-0.2744009750436991,1.2383181407352002,0.7841634319749691,1.1460944009598995,0.8737185549185088,0.10287802425369597,-0.27440097504369954,DD,"H2,OOS,DD"
B,B136,B136k40d09,B136,10.0,D,0,0,True,18.12454114608607,0.08965150879279649,0.8971869932914291,-0.1627997434834254,0.9707004539614276,0.8260451684636042,0.8652593910133669,0.9244658781336249,0.09129035302006594,-0.16279974348342485,-,"H2,CAGR"
B,B136,B136k40d09,B136,10.0,W,0,0,True,7.561886066392515,0.0954026343699963,0.9299417933290525,-0.1882653429429858,1.0322059706158493,0.8330026285705938,0.9435458894320101,0.9183903991891907,0.09336360967397139,-0.1882653429429859,-,"H2,CAGR"
B,B136,B136k40d09,B136,10.0,W,0,1,False,7.254495611629724,0.10372301978400467,1.0045799578154153,-0.1730779586557636,1.0967828125129329,0.9165136888960153,1.0123826223184622,0.9979049648901246,0.10188699505881638,-0.1730779586557636,-,CAGR
B,B136,B136k40d09,B136,10.0,W,0,2,False,7.3778394151292055,0.10663180510511316,1.0185211570294648,-0.14837656467342086,1.0834684891213622,0.9582423886672693,0.9919542869297233,1.0403575121061763,0.10891962572815506,-0.14837656467342053,-,-
B,B136,B136k40d09,B136,10.0,W,0,3,False,7.462651554307082,0.10151938000058847,0.9855189643755083,-0.15387965269561055,1.0984165143442428,0.8792954983499018,0.9969901615490472,0.9757693255514952,0.09989513017164975,-0.15387965269561021,-,CAGR
B,B136,B136k40d09,B136,10.0,W,0,4,False,7.566323099288979,0.09175679462897812,0.9016375525024173,-0.15589383865195938,0.9377448637933034,0.8670772719312533,0.8339439131594999,0.9589325033690819,0.09709306583146238,-0.15589383865195927,-,"H1,CAGR"
B,B136,B136k40d09,B136,10.0,M,0,0,True,3.432540495958593,0.10500386577476739,0.9769736178401117,-0.17641202126429123,1.031292766670547,0.9239980352187681,0.94493653850016,1.0047550260797165,0.10625187886590726,-0.17641202126429145,-,CAGR
B,B136,B136k40d09,B136,10.0,M,0,1,False,3.4446886261682748,0.0992635089476368,0.9064595783329076,-0.22413152696026895,0.9984978515870168,0.8257560565566766,0.8980874567725567,0.9132128364804717,0.10171696589479584,-0.22413152696026883,DD,"H2,DD,CAGR"
B,B136,B136k40d09,B136,10.0,M,0,2,False,3.435330542980007,0.09317722245925686,0.8280667113918088,-0.2809480004908588,1.0224821252059948,0.671402988664998,0.9242258008130313,0.7588542156934707,0.08827223007389096,-0.2809480004908589,DD,"H2,OOS,DD,CAGR"
B,B136,B136k40d09,B136,10.0,M,0,3,False,3.386625977602451,0.09997991745246071,0.8897651018592052,-0.27795013159049764,1.0553455862103427,0.7573273280836712,0.956821140713639,0.8420922550365854,0.09824826702906231,-0.27795013159049753,DD,"H2,OOS,DD,CAGR"
B,B136,B136k40d09,B136,10.0,M,0,4,False,3.3107245892058588,0.09534212912874596,0.8574749503570916,-0.27620262373289606,1.0592659691294908,0.6959009622637089,0.9583508405603429,0.7854042985981416,0.09049381785838362,-0.27620262373289617,DD,"H2,OOS,DD,CAGR"
B,B136,B136k40d09,B136,10.0,Q,0,0,True,1.9846745690454632,0.10171227163761976,0.883158945209214,-0.2796204405986523,1.0681126278618036,0.7339376639582803,0.9785031858718406,0.8141168890735591,0.09685557663826483,-0.27962044059865176,DD,"H2,OOS,DD,CAGR"
B,B136,B136k40d09,B136,10.0,Q,0,1,False,2.009900861560055,0.10294293761176854,0.8921935626723264,-0.2770594563365858,1.0620400480340306,0.7574652477785458,0.9666517284021878,0.8396107177773754,0.10072518214831971,-0.27705945633658613,DD,"H2,OOS,DD,CAGR"
B,B136,B136k40d09,B136,10.0,Q,0,2,False,1.969995522277269,0.1031160934245885,0.8856414618198775,-0.2930750245944025,1.054624670753522,0.7536457803738587,0.9604049715651057,0.8337338848365079,0.10127458400750311,-0.2930750245944027,DD,"H2,OOS,DD,CAGR"
B,B136,B136k40d09,B136,10.0,Q,0,3,False,1.9880907011126572,0.10719457416510658,0.9138639850902665,-0.2919215068683292,1.0932935839877784,0.7737498039256088,1.0000541664271514,0.8538042525847687,0.10444143794439609,-0.2919215068683291,DD,"H2,OOS,DD"
B,B136,B136k40d09,B136,10.0,Q,0,4,False,1.9889895172025642,0.10347945491499289,0.8955364933516345,-0.2932376424481674,1.0886056816020302,0.7404879379086217,0.996352837184261,0.8230262479946326,0.09839522773560061,-0.29323764244816786,DD,"H2,OOS,DD,CAGR"
B,B136,B136k40d10,B136,10.0,D,0,0,True,19.267257406166323,0.08592709517283437,0.8255667684184215,-0.18169417954846923,0.8195790548359545,0.8321130790329666,0.6962180257092897,0.9297363144079887,0.09912627950339803,-0.18169417954847078,-,"H1,H2,CAGR"
B,B136,B136k40d10,B136,10.0,W,0,0,True,8.343151060179046,0.09657525803897715,0.8993018358546038,-0.19202708505048605,0.9029047937587561,0.8982339918123549,0.795569769416387,0.9810416978918647,0.10878073788687481,-0.1920270850504875,-,"H1,CAGR"
B,B136,B136k40d10,B136,10.0,W,0,1,False,8.04029303183631,0.09920386781628321,0.9169531194768296,-0.179315969122405,0.9662112362583047,0.8735077068716074,0.8781578121531717,0.947930674349782,0.10456290835589144,-0.17931596912240577,-,CAGR
B,B136,B136k40d10,B136,10.0,W,0,2,False,8.068430983254796,0.10718940335886584,0.9846016669615212,-0.16965969445816198,0.9745237428678284,0.9953411256732744,0.8783614313310639,1.0697131060553187,0.11915087436868488,-0.16965969445816198,-,-
B,B136,B136k40d10,B136,10.0,W,0,3,False,8.026968378973933,0.09574116894973872,0.8859453677689042,-0.18532837359035403,0.9265013596815761,0.8514753792412135,0.8283108418426054,0.9315894275903199,0.10335374230133199,-0.18532837359035292,-,"H1,CAGR"
B,B136,B136k40d10,B136,10.0,W,0,4,False,8.262737812563971,0.08751981323082747,0.8237894784970361,-0.18222769346353052,0.8341738545867817,0.8157225130362387,0.7343737640746574,0.8951544380132098,0.09747188857293576,-0.18222769346352974,-,"H1,H2,CAGR"
B,B136,B136k40d10,B136,10.0,M,0,0,True,3.70250004148505,0.11577752671989572,1.0060556632039575,-0.22466117337825486,1.0639505751028016,0.9578890533340587,0.9881115585791742,1.0206415061088712,0.12092519166537574,-0.22466117337825442,DD,DD
B,B136,B136k40d10,B136,10.0,M,0,1,False,3.7411873956867336,0.10961308041886353,0.9325040347294348,-0.2504066285839317,1.0253989935789878,0.8601728413963486,0.9430418839922964,0.9269903125514624,0.11403368983747719,-0.25040662858393137,DD,DD
B,B136,B136k40d10,B136,10.0,M,0,2,False,3.74487337363101,0.10631323015705574,0.907599612063501,-0.24409862140602112,0.9745735516111048,0.8592116914503544,0.8960609753040617,0.91893801567896,0.11362987318935036,-0.24409862140602123,DD,"DD,CAGR"
B,B136,B136k40d10,B136,10.0,M,0,3,False,3.697688029308755,0.11182909848179667,0.9541875257597753,-0.24263410214549375,1.0125487585927135,0.9123106468840975,0.920344771171257,0.9817200286373188,0.12142355807326721,-0.24263410214549386,DD,DD
B,B136,B136k40d10,B136,10.0,M,0,4,False,3.6984388349205934,0.10205066252018535,0.8861214167474423,-0.2367909925977727,0.9673567671320479,0.8249585662312747,0.8600481230338252,0.9079082474813593,0.11046285767541608,-0.23679099259777248,DD,"H2,DD,CAGR"
B,B136,B136k40d10,B136,10.0,Q,0,0,True,2.0711569653888615,0.11592922771789804,0.9477221155450515,-0.2676628855967177,1.0846385223136485,0.8474328636470093,0.9909587461898056,0.9220630059766889,0.11983709420336552,-0.2676628855967179,DD,DD
B,B136,B136k40d10,B136,10.0,Q,0,1,False,2.1300244350815616,0.11505373842984024,0.9509719363462323,-0.25945552985005327,1.0646286600936288,0.8676741429662637,0.9777568512405836,0.9361790593387678,0.12012417003117792,-0.25945552985005327,DD,DD
B,B136,B136k40d10,B136,10.0,Q,0,2,False,2.138401025123281,0.1182048870574901,0.9673490313124481,-0.2548248541083933,1.050710143470145,0.9062018956232133,0.9687695123520318,0.9695545955012999,0.1250290755071113,-0.25482485410839295,DD,DD
B,B136,B136k40d10,B136,10.0,Q,0,3,False,2.164497399714066,0.12320765196241834,1.0059182725904305,-0.2548092592878948,1.1149902442404231,0.9216454303219415,1.029789210826592,0.9910603247173784,0.12718427993130121,-0.25480925928789455,DD,DD
B,B136,B136k40d10,B136,10.0,Q,0,4,False,2.1319412676788705,0.11406891779275297,0.9348654957705317,-0.28124974661236835,1.104730617408001,0.8057117409034401,1.0072977381494683,0.8877107216945612,0.11433222122533415,-0.2812497466123681,DD,"H2,DD"
B,B136,B136k40d11,B136,10.0,D,0,0,True,18.919026427158013,0.08408191923996333,0.859018139077931,-0.13892157172695352,0.9372759914512637,0.7815119312759417,0.8546151771472238,0.8630502945651672,0.0828029181464609,-0.13892157172695319,-,"H1,H2,OOS,CAGR"
B,B136,B136k40d11,B136,10.0,W,0,0,True,7.894993046877455,0.09448310456246567,0.9421791025233971,-0.15812500567362975,1.0530227065673579,0.8351141250717301,0.9797451028733898,0.9103896956846962,0.09004970817718361,-0.15812500567362986,-,CAGR
B,B136,B136k40d11,B136,10.0,W,0,1,False,7.7739840659549095,0.09659618177974028,0.9529874902184792,-0.15568505536546362,1.0525476481878435,0.8553359047960002,0.9753495991781708,0.9339451672566689,0.09292624250138926,-0.15568505536546384,-,CAGR
B,B136,B136k40d11,B136,10.0,W,0,2,False,7.805561012406458,0.0965379645421367,0.9430917412435335,-0.14387970868968847,1.0487213308215302,0.8404869190649068,0.9743981575392917,0.9164938550628022,0.09233881358936036,-0.13444441092917792,-,CAGR
B,B136,B136k40d11,B136,10.0,W,0,3,False,7.962209566324897,0.09503653463220463,0.9414625474253678,-0.13811457089582668,1.0552620200087222,0.830680377933712,0.9833975025327186,0.9057679589323699,0.08976369859686861,-0.13811457089582746,-,"H2,CAGR"
B,B136,B136k40d11,B136,10.0,W,0,4,False,7.9073909160275635,0.08974690230385485,0.9010963414349047,-0.14549960716411747,0.9929973835443623,0.8111108345809084,0.9133917013444746,0.8906574816983084,0.08719566942977042,-0.1344087292926055,-,"H2,CAGR"
B,B136,B136k40d11,B136,10.0,M,0,0,True,3.530986129725316,0.1078362548656302,1.022491164754985,-0.16292944901571982,1.1059674492481608,0.9416857476054573,1.0511147142122046,0.9981965091695966,0.10376508390384598,-0.16292944901572026,-,-
B,B136,B136k40d11,B136,10.0,M,0,1,False,3.509304616168553,0.1051837674585776,0.9734280641507006,-0.19892451496407537,1.0400668690558796,0.9147738473271944,0.9665222153923082,0.97901018344779,0.10754026945349215,-0.19892451496407537,-,CAGR
B,B136,B136k40d11,B136,10.0,M,0,2,False,3.579553244126315,0.09841089871233688,0.9132104004956578,-0.20828373540711864,1.0178682284916276,0.8214190115765876,0.9385378492634531,0.893482448493327,0.09796255604670456,-0.20828373540711853,-,"H2,DD,CAGR"
B,B136,B136k40d11,B136,10.0,M,0,3,False,3.5875114029418302,0.10321486602274921,0.954171229812228,-0.21484419237131724,1.0620733752454938,0.858207620902304,0.9817633765065195,0.9322592259472481,0.10214006022337996,-0.21484419237131758,DD,"DD,CAGR"
B,B136,B136k40d11,B136,10.0,M,0,4,False,3.4960281813150598,0.10203740727323929,0.9413811324061044,-0.21448168906982623,1.0761712267581836,0.8265245724016123,0.9960469123432105,0.9000086067250049,0.09991537747026058,-0.21448168906982612,DD,"H2,DD,CAGR"
B,B136,B136k40d11,B136,10.0,Q,0,0,True,2.032481099764058,0.09582071647283574,0.8525441047398377,-0.24945467291832935,0.9966567299393219,0.7313818961445769,0.9131082504023501,0.8073294432324275,0.09314351892611095,-0.24945467291832946,DD,"H2,OOS,DD,CAGR"
B,B136,B136k40d11,B136,10.0,Q,0,1,False,2.089025366290144,0.097707026073234,0.8724454755739943,-0.2511570769868744,1.0102293456623608,0.7606798403464685,0.9251174865233721,0.8349081690374459,0.09698408228815758,-0.2511570769868743,DD,"H2,OOS,DD,CAGR"
B,B136,B136k40d11,B136,10.0,Q,0,2,False,2.106085332549096,0.09829921172086498,0.8714316043489343,-0.24525332027272595,1.0200873144892444,0.7460838429751323,0.9397963448794359,0.8200893613276532,0.094801557693166,-0.24525332027272595,DD,"H2,OOS,DD,CAGR"
B,B136,B136k40d11,B136,10.0,Q,0,3,False,2.124939632176528,0.10419654097098086,0.9144407554415422,-0.25313872839768237,1.0825658739300859,0.7756299198844934,1.0119692248847125,0.842483235361798,0.09873548232730367,-0.25313872839768226,DD,"H2,OOS,DD,CAGR"
B,B136,B136k40d11,B136,10.0,Q,0,4,False,2.077203453523904,0.1008912655419778,0.9026525351103771,-0.2449379680126369,1.1156809356513033,0.7244822576429252,1.0562908618820281,0.7881121738387928,0.08991191597362613,-0.24493796801263668,DD,"H2,OOS,DD,CAGR"
B,B136,B136k40d12,B136,10.0,D,0,0,True,18.88655784767483,0.09057993106325601,0.921004805514876,-0.16498854133396035,1.0011071035460564,0.8418719202559701,0.907208015069512,0.9328428791183566,0.09045430075013172,-0.16498854133396024,-,CAGR
B,B136,B136k40d12,B136,10.0,W,0,0,True,7.865583632154469,0.09982918493802084,0.9791858345150514,-0.18726180562922623,1.1138496461399425,0.8521465813509962,1.0386244249151941,0.9301343649455709,0.09447420470454038,-0.18726180562922645,-,CAGR
B,B136,B136k40d12,B136,10.0,W,0,1,False,7.600410247162844,0.10740075896738088,1.0511620533732973,-0.1869886374361377,1.1801783876199472,0.9280711302558986,1.102285836401559,1.008582543951439,0.1024013841474598,-0.1869886374361368,-,-
B,B136,B136k40d12,B136,10.0,W,0,2,False,7.6381750860030655,0.10762735995226969,1.0511114183119963,-0.14341280572243986,1.120909723594069,0.9826708116713297,1.0267049271755857,1.0718294253943008,0.10852879887385392,-0.14341280572243953,-,-
B,B136,B136k40d12,B136,10.0,W,0,3,False,7.670765158831251,0.10208567848774774,0.9888519595966541,-0.17121324916592162,1.0897723693865649,0.8937824442689807,0.9880905459727237,0.9892767178400258,0.10220863611342912,-0.17121324916592162,-,CAGR
B,B136,B136k40d12,B136,10.0,W,0,4,False,7.763031737258873,0.09767451330448762,0.9726063940315993,-0.16079761719283692,1.0611808026366922,0.8851789001373521,0.9719399245791015,0.9732350818587715,0.09623689578280192,-0.1607976171928368,-,CAGR
B,B136,B136k40d12,B136,10.0,M,0,0,True,3.4962874640851793,0.1098662412058542,1.0545180305376824,-0.15231296585023935,1.1575563486880156,0.9538909827988524,1.080881268675321,1.032110569412447,0.10587885677040632,-0.15231296585023935,-,-
B,B136,B136k40d12,B136,10.0,M,0,1,False,3.536498070222443,0.10868633133187822,1.0221840310081758,-0.18791378102026834,1.1414928669500692,0.9119619042470976,1.0651729638925145,0.9871393497171298,0.1053250316358636,-0.1879137810202679,-,-
B,B136,B136k40d12,B136,10.0,M,0,2,False,3.5575690897991885,0.10029701725698859,0.9233730889726591,-0.22603539178430543,1.1312868411936123,0.7458875883560809,1.0391492995025422,0.8363158618635608,0.09287289935788712,-0.22603539178430543,DD,"H2,OOS,DD,CAGR"
B,B136,B136k40d12,B136,10.0,M,0,3,False,3.5257668033212686,0.10189048811800028,0.9204728351666734,-0.24911224083301597,1.1059517259796623,0.7663824878313541,1.0076075866391303,0.8568487036474686,0.0979024111333564,-0.24911224083301586,DD,"H2,OOS,DD,CAGR"
B,B136,B136k40d12,B136,10.0,M,0,4,False,3.4760677453091335,0.1065080383406154,0.9820706909063962,-0.23183037107188575,1.1971002935482016,0.7958279769415649,1.094691894093616,0.8963414562352507,0.09913298541226445,-0.23183037107188575,DD,"H2,DD,CAGR"
B,B136,B136k40d12,B136,10.0,Q,0,0,True,1.9084868585975252,0.10267542546234498,0.9014100181175957,-0.27021440804698904,1.1187974145111415,0.7198405043387804,1.013373163705813,0.8189136717203511,0.09586051753458791,-0.27021440804698915,DD,"H2,OOS,DD,CAGR"
B,B136,B136k40d12,B136,10.0,Q,0,1,False,1.9667250279055324,0.1050914427919658,0.928607961786336,-0.2644700845793343,1.1515708852624995,0.7400370891523187,1.050062966510958,0.8379625484549171,0.0970873213300556,-0.26447008457933396,DD,"H2,OOS,DD,CAGR"
B,B136,B136k40d12,B136,10.0,Q,0,2,False,1.9698567805176044,0.10162166772634174,0.8987678056308986,-0.2623857689290793,1.1268866576260377,0.7063180162161788,1.021933479781816,0.8070664583720661,0.09341666772654666,-0.2623857689290793,DD,"H2,OOS,DD,CAGR"
B,B136,B136k40d12,B136,10.0,Q,0,3,False,1.940962436719577,0.1085818859355836,0.9553482234140694,-0.2553057762889306,1.1818615361277702,0.7613548048346743,1.0822211301165974,0.8592155234197645,0.09951217536016732,-0.2553057762889305,DD,"H2,OOS,DD"
B,B136,B136k40d12,B136,10.0,Q,0,4,False,1.9664132010459525,0.1062137112614181,0.94506814293425,-0.26248679327886193,1.2036542389253408,0.722320301841059,1.109868720084911,0.8196881320017685,0.09339623079694737,-0.26248679327886193,DD,"H2,OOS,DD,CAGR"
B,B136,B136k40d13,B136,10.0,D,0,0,True,17.86002630176574,0.10247042375458482,0.9953793529495737,-0.1541977290098583,0.9556711401513808,1.0336568413767198,0.7990825467665409,1.159882934669754,0.12050930025312301,-0.1541977290098585,-,"H1,CAGR"
B,B136,B136k40d13,B136,10.0,W,0,0,True,7.476490503378419,0.10542915005149389,1.0001012054696545,-0.18734236584706676,0.9561770083181971,1.0421755331403235,0.7949885033185697,1.1699098018922007,0.12526122748436386,-0.18734236584706654,-,"H1,CAGR"
B,B136,B136k40d13,B136,10.0,W,0,1,False,7.222254078891462,0.11454637581603899,1.07767660005037,-0.18523974656731046,1.0552233428315978,1.0994533387612757,0.9045885453956835,1.2216904320466122,0.13112234155849656,-0.18523974656731013,-,-
B,B136,B136k40d13,B136,10.0,W,0,2,False,7.589606319147269,0.11441994082211226,1.0719812106957443,-0.13978474606624758,1.0285790545127713,1.113564410434424,0.8758357211315907,1.2336385284809344,0.1337868176049426,-0.1397847460662477,-,-
B,B136,B136k40d13,B136,10.0,W,0,3,False,7.481261729245532,0.11296478131739618,1.0657239463546473,-0.14965781810246348,1.072063285244237,1.0605325618981247,0.9170610881887364,1.1879131061097559,0.12759745976118952,-0.14965781810246304,-,-
B,B136,B136k40d13,B136,10.0,W,0,4,False,7.495102655844026,0.10445479276772884,0.9957335806440215,-0.17481686934179852,0.9505082672876962,1.0393454578048453,0.786030687907473,1.1720273054854509,0.1240929975527949,-0.14319122566450682,-,"H1,CAGR"
B,B136,B136k40d13,B136,10.0,M,0,0,True,3.401208140213726,0.11814282743761506,1.0703082633650696,-0.1835679456324495,1.0857979682915253,1.0554445260764098,0.9440385098269242,1.1771717370631756,0.12983167808507767,-0.18356794563244938,-,-
B,B136,B136k40d13,B136,10.0,M,0,1,False,3.476506576476715,0.11611722910351063,1.0259621189833072,-0.2424652546536914,1.0833589728685775,0.9779006258092674,0.9359526322488133,1.0968381535971303,0.12812112248818108,-0.2424652546536914,DD,DD
B,B136,B136k40d13,B136,10.0,M,0,2,False,3.5172545883593886,0.11114472038767853,0.9710563670995469,-0.24506823261523847,1.0505116482632892,0.9072093410276673,0.8967000241153684,1.0287867607264458,0.12295518850459453,-0.2450682326152388,DD,DD
B,B136,B136k40d13,B136,10.0,M,0,3,False,3.4978870382495866,0.11691051551550591,1.0212594518390927,-0.2527153465313233,1.0838768950481832,0.9729406204872315,0.9240434953329011,1.0961550378490625,0.1316549074919946,-0.2527153465313232,DD,DD
B,B136,B136k40d13,B136,10.0,M,0,4,False,3.501108712273001,0.11141824714536042,0.9837738768660308,-0.24636889666656736,1.0162213600068983,0.9622548802348176,0.8592043221530307,1.0786142048998222,0.12906645873128464,-0.24636889666656736,DD,DD
B,B136,B136k40d13,B136,10.0,Q,0,0,True,2.0277379574676884,0.1111072484359672,0.9267779081062671,-0.2933896459235331,1.1069418680078993,0.7870362619057366,0.9668154035030343,0.9010677041645526,0.11361957924804189,-0.29338964592353334,DD,"H2,DD"
B,B136,B136k40d13,B136,10.0,Q,0,1,False,2.069861221517988,0.11298162201652828,0.9413560208845266,-0.2927230274825213,1.106424608274683,0.8168527951657033,0.9624330172321197,0.9302986254414727,0.11829376957087301,-0.2927230274825213,DD,"H2,DD"
B,B136,B136k40d13,B136,10.0,Q,0,2,False,2.0372686941888705,0.1184813370533202,0.9756689318161601,-0.2918351794120687,1.1151031848120199,0.8730128232031069,0.9692711701508147,0.9845224416538056,0.12719748221545868,-0.29183517941206905,DD,DD
B,B136,B136k40d13,B136,10.0,Q,0,3,False,1.9997469273323014,0.12672686780230635,1.040137332766217,-0.2827070882163263,1.1959735388908446,0.9245860918170291,1.0491170543014006,1.0383132404072155,0.13445619324193747,-0.2827070882163263,DD,DD
B,B136,B136k40d13,B136,10.0,Q,0,4,False,1.9916140252513364,0.12016141747291842,0.9986885489892146,-0.28752621307136284,1.173503956368342,0.8717142819321074,1.0155579397336356,0.9924241773175875,0.12765292104952075,-0.2875262130713626,DD,DD
B,B136,B136k40d14,B136,10.0,D,0,0,True,19.131773660548646,0.1000202508932806,0.9445110866412995,-0.14794710838084169,0.8906561543646616,0.9952748135521637,0.7184474156522648,1.120617207078936,0.12428128445785003,-0.1479471083808418,-,"H1,CAGR"
B,B136,B136k40d14,B136,10.0,W,0,0,True,7.88355931744493,0.11379484210988045,1.0380385927159699,-0.17842063542451336,1.0841951627439417,1.0024741072361738,0.9208795134041041,1.1278760569096562,0.13000864952900093,-0.17842063542451325,-,-
B,B136,B136k40d14,B136,10.0,W,0,1,False,7.817088582887737,0.11725354686116707,1.0685676805255522,-0.18057716316212313,1.1457961784145274,1.0039020642157674,1.0034062966509874,1.1195188717214266,0.12784899791234627,-0.18057716316212324,-,-
B,B136,B136k40d14,B136,10.0,W,0,2,False,7.692342443424001,0.1220264507065556,1.1023473201211387,-0.14698932274951182,1.1226394036241083,1.0878677669668047,0.9680960098089679,1.2062936365066825,0.1395047923095174,-0.14419777196762862,-,-
B,B136,B136k40d14,B136,10.0,W,0,3,False,7.881494100639436,0.11540093270986485,1.0463376713442738,-0.15591948487727592,1.0812675715086997,1.0200704237913247,0.9270057558367096,1.1381051656612218,0.13170540119414942,-0.15591948487727625,-,-
B,B136,B136k40d14,B136,10.0,W,0,4,False,7.889627654188321,0.1047721427380206,0.9621878098769863,-0.16981502385330438,0.9938103510768859,0.9378013221175606,0.8347011308187268,1.0603777395338618,0.12097157988549734,-0.1698150238533046,-,CAGR
B,B136,B136k40d14,B136,10.0,M,0,0,True,3.450284393647474,0.13041648622228807,1.129517274221472,-0.17716605912728267,1.1475582649099654,1.1177931938660175,1.0019454702882349,1.228064637002125,0.14843281629788163,-0.17716605912728234,-,-
B,B136,B136k40d14,B136,10.0,M,0,1,False,3.5374609534154695,0.1284123600427729,1.1017110530451653,-0.19553225403628727,1.165587778792873,1.0527219957535416,1.0178428199249707,1.166461519076566,0.14325556396013717,-0.1955322540362875,-,-
B,B136,B136k40d14,B136,10.0,M,0,2,False,3.503697704473352,0.11725267270213258,0.9895974385252386,-0.21624092300506592,1.0902387255338655,0.9185186313645167,0.923692061842231,1.0411513187310708,0.13285213427433007,-0.2162409230050658,DD,DD
B,B136,B136k40d14,B136,10.0,M,0,3,False,3.4865679666028133,0.12288023329335718,1.0321852480090974,-0.22349499346752255,1.0514577614641802,1.0268163028439352,0.8892137290658246,1.138061797956629,0.14668384942596502,-0.22349499346752277,DD,DD
B,B136,B136k40d14,B136,10.0,M,0,4,False,3.446684509083654,0.11995186751825138,1.0150470028438925,-0.22266084559379518,1.0723825404954666,0.9794597515547446,0.922559342737626,1.0853621238845317,0.13858862017735474,-0.22266084559379484,DD,DD
B,B136,B136k40d14,B136,10.0,Q,0,0,True,1.9739124501438488,0.11742754927115095,0.9459985294423194,-0.2781637206964658,1.0911171166235334,0.8379201470570808,0.9374482985323053,0.9567134270631042,0.12677753077742304,-0.2781637206964661,DD,DD
B,B136,B136k40d14,B136,10.0,Q,0,1,False,2.012516438094862,0.12282799819766055,0.9869388592647659,-0.26542474631073665,1.176614807730428,0.8406364765342098,1.0321798199994947,0.9588384005647567,0.1261775448729614,-0.26542474631073665,DD,DD
B,B136,B136k40d14,B136,10.0,Q,0,2,False,2.020340766563059,0.12049827492084764,0.9638445270494238,-0.27009810873311524,1.1623469937939335,0.8143482952892885,1.0160372802716249,0.9322766680265212,0.12388554320221412,-0.27009810873311524,DD,"H2,DD"
B,B136,B136k40d14,B136,10.0,Q,0,3,False,1.9919360955793417,0.1257059517109096,1.0031860500914176,-0.2604887801636395,1.1159605678507154,0.9231143730578103,0.974283245993275,1.028786540214253,0.1382465415442875,-0.2604887801636395,DD,DD
B,B136,B136k40d14,B136,10.0,Q,0,4,False,1.9507469001061897,0.12758711376430343,1.035918883833805,-0.24743038348449609,1.1698149982167216,0.9363026800612767,1.031561975995385,1.0436620686515201,0.13686934258936767,-0.24743038348449642,DD,DD
B,B136,B136k40d15,B136,10.0,D,0,0,True,19.232646932058525,0.07934442696787292,0.7668373634329083,-0.17946856680560774,0.8507590369730774,0.6851357329980547,0.7056538658279934,0.8184601409676109,0.0844521037576238,-0.17946856680560774,-,"H1,H2,OOS,CAGR"
B,B136,B136k40d15,B136,10.0,W,0,0,True,8.06373001526981,0.09542458929498121,0.8844602852673062,-0.19825869272748586,0.9234208103467679,0.8485821212443464,0.7947273368865811,0.9575863127244615,0.10476147082973375,-0.19825869272748597,-,"H1,CAGR"
B,B136,B136k40d15,B136,10.0,W,0,1,False,7.912505699786165,0.09766923781562653,0.902851597409478,-0.192562317849733,0.9378915172357889,0.8700702959615467,0.8165860329783079,0.9737107276238254,0.10636386268178222,-0.1925623178497332,-,"H1,CAGR"
B,B136,B136k40d15,B136,10.0,W,0,2,False,8.044958708829796,0.09804018128549741,0.9077617952788604,-0.15050391216000403,0.9490567409836647,0.8689498503461659,0.8170702374353346,0.9824726994316966,0.10705831463019866,-0.15050391216000414,-,"H1,CAGR"
B,B136,B136k40d15,B136,10.0,W,0,3,False,7.953293260273775,0.09101176984105752,0.8506085762367763,-0.16710025276163865,0.9068659975214783,0.7977714980521821,0.760843358492163,0.9244195325101535,0.09993339018772418,-0.1671002527616383,-,"H1,H2,CAGR"
B,B136,B136k40d15,B136,10.0,W,0,4,False,8.026600825510497,0.0865501351311928,0.8185449252700059,-0.16270129567164715,0.8697978877634063,0.7692609766125207,0.7288139248797354,0.8934755599124782,0.09486764580138218,-0.16270129567164715,-,"H1,H2,CAGR"
B,B136,B136k40d15,B136,10.0,M,0,0,True,3.628404616266554,0.10758923220047256,0.9530869322101044,-0.18729397312046414,0.9783890150079774,0.928779578413738,0.861438239559995,1.0300179617635425,0.11637985148725716,-0.18729397312046392,-,-
B,B136,B136k40d15,B136,10.0,M,0,1,False,3.637889679532893,0.10551973696585737,0.9190539010396973,-0.2358522172163119,0.9702129300036098,0.8750559894275397,0.8440386075994571,0.9784027305300947,0.11553947676634535,-0.2358522172163119,DD,"DD,CAGR"
B,B136,B136k40d15,B136,10.0,M,0,2,False,3.603293851639821,0.10309838786487746,0.8845541490753993,-0.25109825475755987,1.01181770809136,0.777904082030967,0.8876514358198785,0.8833539301712321,0.10660079410256196,-0.25109825475755954,DD,"H2,DD,CAGR"
B,B136,B136k40d15,B136,10.0,M,0,3,False,3.550583757959703,0.10621804259090939,0.9147121518123715,-0.24026053452177054,0.9656188686617653,0.8725791619373102,0.8339056397696675,0.9779220404295468,0.11771261336978056,-0.24026053452177076,DD,"DD,CAGR"
B,B136,B136k40d15,B136,10.0,M,0,4,False,3.490599641292031,0.10049664373449008,0.872124546743717,-0.24965029160996444,0.9168633393337893,0.837433078763388,0.7937746189831751,0.9326667428623602,0.11245046516594837,-0.24965029160996455,DD,"H1,DD,CAGR"
B,B136,B136k40d15,B136,10.0,Q,0,0,True,2.013364266730804,0.10635500097361028,0.8779103483149938,-0.27217403759147163,1.0807751215662174,0.7133850527477987,0.9467780348147257,0.8294750541533841,0.10449244455859796,-0.2721740375914714,DD,"H2,OOS,DD,CAGR"
B,B136,B136k40d15,B136,10.0,Q,0,1,False,2.025322975849806,0.10853315950433151,0.9086072951073362,-0.25775838133170015,1.0752005300408565,0.7720135097398476,0.9438466716633364,0.8841858856951448,0.10979699755827621,-0.2577583813316999,DD,"H2,DD"
B,B136,B136k40d15,B136,10.0,Q,0,2,False,2.01134312815432,0.11135674727747458,0.9134579032138436,-0.26618578962173134,1.080623148086588,0.774380769101638,0.9528390643279542,0.8852214422409156,0.11162172675463533,-0.26618578962173134,DD,"H2,DD"
B,B136,B136k40d15,B136,10.0,Q,0,3,False,1.9908340703492522,0.11791425077220663,0.9631068453606069,-0.25232191978526464,1.1287039428110803,0.8248334246917879,0.996788611429873,0.9390274359977765,0.11889036897372973,-0.2523219197852643,DD,"H2,DD"
B,B136,B136k40d15,B136,10.0,Q,0,4,False,1.9842021489993664,0.11212483950676133,0.9253247228301859,-0.26668435246152444,1.0697972699985723,0.808301572022293,0.9377777723762472,0.9181603699316836,0.1161883044645049,-0.26668435246152433,DD,"H2,DD"
B,B136,B136k80d00,B136,10.0,D,0,0,True,26.783755810523083,0.0924031324632113,0.7962959701676139,-0.17371887047387236,0.7919403037046681,0.8011040518541007,0.6660534493211525,0.9013283012045703,0.10733142727190526,-0.17371887047387247,-,"H1,H2,CAGR"
B,B136,B136k80d00,B136,10.0,W,0,0,True,11.570160090941554,0.10905664587752684,0.9061145571400636,-0.19567175368941736,0.9628405826437804,0.8559012497785997,0.8446446413890757,0.9548663611923205,0.11796106645945859,-0.19567175368941736,-,-
B,B136,B136k80d00,B136,10.0,W,0,1,False,11.34427791483912,0.10924070038142619,0.9076066317373829,-0.20117416613036698,0.9424684327171211,0.8774764844955588,0.8282083719762436,0.9704421596449244,0.12020254087583249,-0.20117416613036676,-,H1
B,B136,B136k80d00,B136,10.0,W,0,2,False,11.11785258582021,0.1191176786644097,0.9823090632663798,-0.15722223017274384,0.9808926998292778,0.9847688227275324,0.8631826644126962,1.0778120021768418,0.1339983587216953,-0.1572222301727444,-,-
B,B136,B136k80d00,B136,10.0,W,0,3,False,11.199317772484255,0.11507463221059155,0.9333987630905968,-0.20667043786621175,0.9549139136955167,0.9170679316563405,0.8342685896286143,1.0105698746776854,0.12970389406997018,-0.20667043786621198,-,"H1,DD"
B,B136,B136k80d00,B136,10.0,W,0,4,False,11.418377789708648,0.09994809009497718,0.8396497280172102,-0.21510922659470721,0.8775112644597306,0.806455375424699,0.7565031395388966,0.9056377430306571,0.11085138952158635,-0.21510922659470666,DD,"H1,H2,DD,CAGR"
B,B136,B136k80d00,B136,10.0,M,0,0,True,5.361799013705003,0.12995573647516356,1.0033342868959123,-0.24807055187940408,1.066702139480788,0.9547677921244371,0.9498775757381382,1.0452574835865465,0.14241800851486652,-0.24807055187940374,DD,DD
B,B136,B136k80d00,B136,10.0,M,0,1,False,5.373744292633688,0.1266320097759026,0.967679044173007,-0.25866361311006236,1.0490748881592207,0.905679559146036,0.9202468273070395,1.0052124100258186,0.1391233619026353,-0.2586636131100628,DD,DD
B,B136,B136k80d00,B136,10.0,M,0,2,False,5.362738308587231,0.11932270986929616,0.9205246152021916,-0.2554275588500241,0.9897408878437206,0.8678819928219648,0.8385612970438553,0.9832415107172974,0.13503323241120024,-0.2554275588500238,DD,DD
B,B136,B136k80d00,B136,10.0,M,0,3,False,5.316536160248672,0.1196078918226684,0.9328826581111925,-0.24794252040672604,0.9701194486923939,0.9060886920706026,0.8162910764687177,1.0215671857065298,0.13865358814409312,-0.24794252040672604,DD,DD
B,B136,B136k80d00,B136,10.0,M,0,4,False,5.302369488871762,0.11857923962392825,0.9319544978083526,-0.25601230113559703,1.0611854234617153,0.8256027439927592,0.9133271732386715,0.9476751648416121,0.1260006751641498,-0.2560123011355967,DD,"H2,DD"
B,B136,B136k80d00,B136,10.0,Q,0,0,True,3.074176714275062,0.11155692265874761,0.8461304780736,-0.2867758634459029,1.0188129357754216,0.7199419491417812,0.8639947343503328,0.8395373698166502,0.11878218296879961,-0.2867758634459032,DD,"H2,OOS,DD"
B,B136,B136k80d00,B136,10.0,Q,0,1,False,3.0648279106263163,0.11592181350225572,0.8702839800762322,-0.2875979421571343,1.0058011864445473,0.7742633944352444,0.8585363899706455,0.8842009478381633,0.12689930985223308,-0.2875979421571343,DD,"H2,DD"
B,B136,B136k80d00,B136,10.0,Q,0,2,False,3.0176107530173257,0.1125696298051968,0.8504514606425668,-0.28091362422072197,0.9770073007119711,0.7592278935864782,0.8202379745973384,0.8766103264302713,0.12491766956645955,-0.28091362422072175,DD,"H2,OOS,DD"
B,B136,B136k80d00,B136,10.0,Q,0,3,False,3.0326076248429574,0.11740804829058438,0.8880261848910843,-0.2660689649310096,0.9827370421123861,0.8180884486827715,0.8344805215925762,0.9300172666275086,0.13131731012417847,-0.2660689649310093,DD,"H2,DD"
B,B136,B136k80d00,B136,10.0,Q,0,4,False,3.038840492183593,0.11494295974721735,0.8716344245524542,-0.2846215117507276,1.0110442318415138,0.7660270737006616,0.8668130825668429,0.8791349237835074,0.12341237050766951,-0.28462151175072725,DD,"H2,OOS,DD"
B,B136,B136k80d01,B136,10.0,D,0,0,True,26.81125845051018,0.09976823111983069,0.8463101900141516,-0.17293765187686572,0.8577818105050178,0.837539720369677,0.7568733122257587,0.9165868782076724,0.11177704055740056,-0.1729376518768656,-,"H1,CAGR"
B,B136,B136k80d01,B136,10.0,W,0,0,True,11.220790406915947,0.11926486479751208,0.9727113196132573,-0.19665259366865173,1.0737377644974786,0.8875169919843526,0.9815298105697952,0.9674751651887015,0.12303860909084219,-0.19665259366865162,-,-
B,B136,B136k80d01,B136,10.0,W,0,1,False,11.31317560689857,0.11685672003282588,0.9554873998080461,-0.20188690430355827,1.0228141807707358,0.8990457552476684,0.9392548035446161,0.9690315775606312,0.12292620023850032,-0.20188690430355827,-,-
B,B136,B136k80d01,B136,10.0,W,0,2,False,10.979413083511607,0.12272047647713036,0.9994548393039528,-0.15536693029803128,1.058074657289034,0.949180110340808,0.9667518333014484,1.025485066584101,0.1300145923601368,-0.15536693029803128,-,-
B,B136,B136k80d01,B136,10.0,W,0,3,False,11.288192104932827,0.11773065196941279,0.9534026031331307,-0.20054300107565182,1.0322202217424077,0.8880404405043631,0.9273426380447931,0.9745449302987985,0.1253744627079676,-0.20054300107565137,-,-
B,B136,B136k80d01,B136,10.0,W,0,4,False,11.290643674420824,0.10943920821372033,0.905985875736106,-0.1920235882823188,0.9486998671622728,0.8706833195064403,0.8314987444662724,0.9639389012572753,0.12125830099715018,-0.1920235882823189,-,H1
B,B136,B136k80d01,B136,10.0,M,0,0,True,5.351948886324529,0.1360621709902161,1.0399337338030594,-0.22554174424263596,1.0849062227320878,1.0109420585866244,0.9826518055344683,1.0852562157196939,0.15176118915874803,-0.2255417442426363,DD,DD
B,B136,B136k80d01,B136,10.0,M,0,1,False,5.355075611958981,0.12919904858943543,0.9954972412966782,-0.2317958194107923,1.0264946828943187,0.9763978288731734,0.9010214697652433,1.0673080374279384,0.147942055806364,-0.23179581941079241,DD,DD
B,B136,B136k80d01,B136,10.0,M,0,2,False,5.298163895184041,0.12324092371988149,0.9437781253574178,-0.2463156490913767,1.0272026930547062,0.8827136719820204,0.9058536544989665,0.9749493025988106,0.13590693958300393,-0.24631564909137682,DD,DD
B,B136,B136k80d01,B136,10.0,M,0,3,False,5.204855526582032,0.12872841179180616,0.9790183802171397,-0.2485224742424027,1.0779681496979048,0.9076263269449804,0.9632483669850658,0.9953515322625694,0.14023392918496325,-0.2485224742424027,DD,DD
B,B136,B136k80d01,B136,10.0,M,0,4,False,5.1544367270878695,0.13019398301170604,1.0022403085290719,-0.24908400390299912,1.1469595135576198,0.8942085964821227,1.0368545073133137,0.9836154126115403,0.13635531712783044,-0.24908400390299912,DD,DD
B,B136,B136k80d01,B136,10.0,Q,0,0,True,3.0486037411751714,0.11988778402163769,0.8871165400034748,-0.27390698468564045,1.0178776231267668,0.7973326803405183,0.8674384617259714,0.9076413415308845,0.13326270418293706,-0.27390698468564056,DD,"H2,DD"
B,B136,B136k80d01,B136,10.0,Q,0,1,False,3.0914369097247865,0.11779092031879212,0.8749986064553943,-0.2733811263475796,0.9481245021444655,0.8280873366849548,0.7869004399367173,0.9414533408690309,0.13822154283581467,-0.2733811263475796,DD,"H1,H2,DD"
B,B136,B136k80d01,B136,10.0,Q,0,2,False,3.1099421150242383,0.11566821049269516,0.8617158248705955,-0.2665087883490591,0.9505866251409087,0.8019834561557457,0.7915939278630674,0.9158396874830028,0.13385256929386413,-0.2665087883490588,DD,"H1,H2,DD"
B,B136,B136k80d01,B136,10.0,Q,0,3,False,3.0277326000186005,0.12187819650302645,0.9056516089604225,-0.2720886834482883,1.004921760341272,0.8393808977644523,0.8476920066647221,0.9520390006644698,0.13968731820912894,-0.2720886834482883,DD,DD
B,B136,B136k80d01,B136,10.0,Q,0,4,False,2.9901584351208728,0.11934148731391203,0.894083348106665,-0.26908215066072305,1.0498591347848796,0.7797324269352698,0.914787928224391,0.8857363445932365,0.12685607203137228,-0.26908215066072283,DD,"H2,DD"
B,B136,B136k80d02,B136,10.0,D,0,0,True,27.650544702520055,0.11133194195946094,0.899573169122601,-0.18302371878883816,0.9555494192104323,0.8494374704236229,0.8660984757308708,0.9262086609224441,0.11735858269770505,-0.18302371878883794,-,H1
B,B136,B136k80d02,B136,10.0,W,0,0,True,11.408697059079984,0.1308876742485996,1.0143440863458972,-0.19906884483170562,1.07453024303586,0.9634185843956639,1.0008750756279625,1.0256416667450505,0.13673632530955016,-0.19906884483170573,-,-
B,B136,B136k80d02,B136,10.0,W,0,1,False,11.513310543404325,0.1343005999536604,1.0421116397892651,-0.20946711015569186,1.1320471389710252,0.9633362994489884,1.0616148416764994,1.0277408113853561,0.13591972159066357,-0.20946711015569175,-,DD
B,B136,B136k80d02,B136,10.0,W,0,2,False,11.331381551067665,0.14045723087436301,1.0903280939747213,-0.16264818462361952,1.2094026396640445,0.9855061621910981,1.1329370837633925,1.0580723147045292,0.13956682189983582,-0.16264818462361985,-,-
B,B136,B136k80d02,B136,10.0,W,0,3,False,11.478299709012749,0.13684877284270303,1.0512104456892857,-0.197530207987197,1.154184140591849,0.9631965930784248,1.0633085311064634,1.0431975850645532,0.14035457738571844,-0.19753020798719723,-,-
B,B136,B136k80d02,B136,10.0,W,0,4,False,11.639635319904194,0.12023719330237381,0.9476085697972547,-0.2102067672082768,1.0291708814591687,0.8777030728937933,0.9283512816859674,0.9633365533322289,0.126505729629373,-0.21020676720827713,-,DD
B,B136,B136k80d02,B136,10.0,M,0,0,True,5.379316343147336,0.1536090461017161,1.1084884567174573,-0.25271809049775884,1.1924027674270377,1.0467583073354272,1.0878982939180886,1.1274952219225272,0.1659311364842353,-0.25271809049775884,DD,DD
B,B136,B136k80d02,B136,10.0,M,0,1,False,5.388345161712693,0.1487085904774712,1.0807445856696831,-0.2651362607974026,1.191866341632767,0.9947266892625702,1.0762784426332688,1.0876571559755637,0.15822712741373368,-0.26513626079740304,DD,DD
B,B136,B136k80d02,B136,10.0,M,0,2,False,5.330854344236505,0.14298672115569344,1.038243903299001,-0.2537293668942646,1.1614986440068082,0.9446300517491363,1.0526702539682409,1.0324146384373851,0.15091588823532054,-0.2537293668942646,DD,DD
B,B136,B136k80d02,B136,10.0,M,0,3,False,5.272827642065138,0.14421377097615884,1.0454695993215743,-0.25312232817550884,1.186359034421513,0.937773393072032,1.0878108219235867,1.0198312776019083,0.14892802863896137,-0.2531223281755087,DD,DD
B,B136,B136k80d02,B136,10.0,M,0,4,False,5.319935439552486,0.135795009214442,1.0020697818456517,-0.25116300252134927,1.1915191611565488,0.8545964446975041,1.0838503808043463,0.9487328880836687,0.13569043981871953,-0.25116300252134904,DD,DD
B,B136,B136k80d02,B136,10.0,Q,0,0,True,2.962699537739067,0.14221328127731847,0.9956281447743474,-0.27567050633885437,1.1985819641963884,0.8478320554639913,1.0784185022857504,0.9472814122219465,0.1451887844132329,-0.2756705063388546,DD,DD
B,B136,B136k80d02,B136,10.0,Q,0,1,False,3.028883935486721,0.14261338994807748,0.9959556675969237,-0.29231479670139604,1.1620815997460336,0.8786804230487131,1.035082214892787,0.9777564379359669,0.15129320057684503,-0.2923147967013958,DD,DD
B,B136,B136k80d02,B136,10.0,Q,0,2,False,3.0398915341050134,0.1393425649979021,0.9741559130439784,-0.28709907424294123,1.1199909186940533,0.8725606913251797,0.9812176009539126,0.9774259051859301,0.15160659254386943,-0.28709907424294123,DD,DD
B,B136,B136k80d02,B136,10.0,Q,0,3,False,3.007597859534912,0.14149191393080596,0.9924837786601785,-0.26807749919242985,1.163907375611956,0.8687978070430106,1.038310650729845,0.9685910663909023,0.14851208335927035,-0.26807749919243007,DD,DD
B,B136,B136k80d02,B136,10.0,Q,0,4,False,2.9758426864487797,0.13848787036821109,0.9808413588096236,-0.28553313706707883,1.1847353275222365,0.8295918159572179,1.0718053225335984,0.9253069545065938,0.13941176315774806,-0.28553313706707917,DD,"H2,DD"
B,B136,B136k80d03,B136,10.0,D,0,0,True,27.042885556474808,0.10494914903475672,0.8621137078887268,-0.17496365724994123,0.9558649711495121,0.7811477636902034,0.8186350379621264,0.896272490991486,0.11347626511788556,-0.17496365724994145,-,"H1,H2,CAGR"
B,B136,B136k80d03,B136,10.0,W,0,0,True,11.264261434152747,0.12662212011621565,0.9988299954411695,-0.1993343898783343,1.169797933153004,0.8559436547008895,1.0440673329867134,0.9677103957200238,0.12788038887904607,-0.19933438987833407,-,-
B,B136,B136k80d03,B136,10.0,W,0,1,False,11.191444905738521,0.1310941746291927,1.031325348194344,-0.1903467651883759,1.1400359245032303,0.9390240718960622,1.0230708735729723,1.0391529576926253,0.13740309636612635,-0.1903467651883759,-,-
B,B136,B136k80d03,B136,10.0,W,0,2,False,11.263575560990025,0.12925241243621355,1.0194726198893107,-0.1705158550681305,1.136942293736917,0.9194077259354809,1.0153869980472414,1.0240949614567032,0.13493794999694653,-0.17051585506813105,-,-
B,B136,B136k80d03,B136,10.0,W,0,3,False,11.25522336766097,0.13230464941513387,1.032971157086189,-0.20994190010148617,1.212476892896371,0.884577285245979,1.0779309237821306,1.0028037748165397,0.13438154633226218,-0.2099419001014856,-,DD
B,B136,B136k80d03,B136,10.0,W,0,4,False,11.2654455648933,0.1185485981130785,0.9473099336909195,-0.21355081560906175,1.0797772498228633,0.8372185463383223,0.9311812156978294,0.9615128076249703,0.12625234519325979,-0.21355081560906208,DD,DD
B,B136,B136k80d03,B136,10.0,M,0,0,True,5.216624145275562,0.153019543851171,1.1172857951490187,-0.2435944943606806,1.2555524456742129,1.0156266623589019,1.138279757710326,1.1087644688253353,0.16244281157965146,-0.24359449436068048,DD,DD
B,B136,B136k80d03,B136,10.0,M,0,1,False,5.2259928378539735,0.14393795492863637,1.060568201158431,-0.23677982591026592,1.2217594201670485,0.9351781180463351,1.110525936939422,1.0297632809135655,0.14799633203243645,-0.23677982591026603,DD,DD
B,B136,B136k80d03,B136,10.0,M,0,2,False,5.264007205105143,0.1396765865534726,1.0223916379677385,-0.23998976863820154,1.1528293785561785,0.927340265558655,1.0213130784371172,1.0294075674094774,0.15114078153202537,-0.23998976863820187,DD,DD
B,B136,B136k80d03,B136,10.0,M,0,3,False,5.161363844525282,0.14401952746918822,1.0476994684122471,-0.2520601918692219,1.1726075871757042,0.9592369292159572,1.0356455421798016,1.0630817749011319,0.15780945940355573,-0.25206019186922246,DD,DD
B,B136,B136k80d03,B136,10.0,M,0,4,False,5.239354835071722,0.14110924858792906,1.0455349134259164,-0.2368613099086595,1.2690100538374984,0.8762726007215161,1.139589258931162,0.9873433149621353,0.1420692700107944,-0.2368613099086595,DD,DD
B,B136,B136k80d03,B136,10.0,Q,0,0,True,3.0438675557204986,0.13065459834059845,0.9323753099312848,-0.26901765935570177,1.1151950441960523,0.8061822997264607,0.9565919273279778,0.9255900649207907,0.14129208209789423,-0.2690176593557019,DD,"H2,DD"
B,B136,B136k80d03,B136,10.0,Q,0,1,False,3.06742775817944,0.12819023506445948,0.9199447015348062,-0.26447665362166284,1.0840648753190067,0.8067877322732003,0.9426113637277785,0.9136285373094255,0.1384501573292305,-0.2644766536216626,DD,"H2,DD"
B,B136,B136k80d03,B136,10.0,Q,0,2,False,3.0467564878621727,0.12814249808153066,0.9129803763608938,-0.2647037287329328,1.0237252925689797,0.8407055783388496,0.8730621653348746,0.9480529891788785,0.1457121408173221,-0.26470372873293324,DD,DD
B,B136,B136k80d03,B136,10.0,Q,0,3,False,3.071384005566478,0.13439866410926693,0.9566618358512409,-0.2645225274631059,1.1008907553257872,0.8616969625791913,0.9529217738594988,0.9691152909524648,0.14921073242065797,-0.264522527463106,DD,DD
B,B136,B136k80d03,B136,10.0,Q,0,4,False,2.9944936811338048,0.1307588877103023,0.9334677425340537,-0.26812459506068254,1.160672278638808,0.7732325711019383,1.0209725281449091,0.8849209055710467,0.1339943208219423,-0.268124595060683,DD,"H2,DD"
B,B136,B136k80d04,B136,10.0,D,0,0,True,27.700193752037006,0.09146987372086945,0.7698804630339735,-0.19193091768651704,0.8424731990993886,0.7045605686047588,0.7681340970974221,0.7714316295458529,0.09338474704216182,-0.19193091768651727,-,"H1,H2,OOS,CAGR"
B,B136,B136k80d04,B136,10.0,W,0,0,True,11.79327246701009,0.11423588995699419,0.9165125225796285,-0.19301898838212406,1.0411208086606132,0.8077902502776856,0.9711985696780191,0.8751524321333685,0.1116094315058278,-0.19301898838212428,-,"H2,OOS"
B,B136,B136k80d04,B136,10.0,W,0,1,False,11.56516157450579,0.11920537400530606,0.9549774632516015,-0.20706724389482767,1.0587743619201542,0.8648011168241561,1.000563872953644,0.9205863476959937,0.11770208055945619,-0.207067243894828,-,DD
B,B136,B136k80d04,B136,10.0,W,0,2,False,11.663476873548307,0.11769130716860121,0.9489703469168392,-0.16286743950335147,1.1159009343365742,0.7999941012760466,1.0459876623768305,0.8737452112840959,0.10977406255614386,-0.16286743950335159,-,"H2,OOS"
B,B136,B136k80d04,B136,10.0,W,0,3,False,11.670968529989482,0.11453270287746187,0.9116493328902351,-0.21250190477482123,1.0285744231740146,0.8114155970035262,0.9472920619166593,0.8855398837895552,0.11457133830178967,-0.21250190477482123,DD,"H2,DD"
B,B136,B136k80d04,B136,10.0,W,0,4,False,11.970259205498717,0.101592688913416,0.8332922807350638,-0.19616035608563298,0.9562805091841828,0.725562700844055,0.8716168006829617,0.8044290815200604,0.100426760213701,-0.19616035608563243,-,"H1,H2,OOS,CAGR"
B,B136,B136k80d04,B136,10.0,M,0,0,True,5.456413688317723,0.14042503875549128,1.053584083822558,-0.2103416179723384,1.1552052446574015,0.9706919898533117,1.0770020903013648,1.0380532737704813,0.1439708662175052,-0.21034161797233863,-,DD
B,B136,B136k80d04,B136,10.0,M,0,1,False,5.4333661037567795,0.1356167458250388,1.0174134700107211,-0.23002560218600765,1.1660861347828695,0.8984787810033259,1.072530926271269,0.9803505946407974,0.13687355136042134,-0.23002560218600754,DD,DD
B,B136,B136k80d04,B136,10.0,M,0,2,False,5.416930285813687,0.13788051083130215,1.0298809559919715,-0.22895850117701355,1.1753169971591197,0.91613764262004,1.0738034268506085,1.0018868927633295,0.14124947438179247,-0.22895850117701388,DD,DD
B,B136,B136k80d04,B136,10.0,M,0,3,False,5.408672418103375,0.13100041396153794,0.9801678410522227,-0.240962307165985,1.131578347028971,0.8632568672697523,1.0267919971090766,0.9511286035458382,0.1343660411004448,-0.240962307165985,DD,DD
B,B136,B136k80d04,B136,10.0,M,0,4,False,5.3765387667591265,0.12912678186216264,0.9802535618265095,-0.23848562988224187,1.1543443708976484,0.8439520993249486,1.0429360580532638,0.9394671935368394,0.13043511488688275,-0.2384856298822421,DD,DD
B,B136,B136k80d04,B136,10.0,Q,0,0,True,3.0268036525523496,0.1327933005791302,0.9586905947826057,-0.2601409271159897,1.1249376437142544,0.8349163477747097,1.0050109903720448,0.9321727540571715,0.1377468436031024,-0.26014092711598946,DD,DD
B,B136,B136k80d04,B136,10.0,Q,0,1,False,3.0707633789086417,0.13247355903165348,0.9533950244553129,-0.25951513510717283,1.1034652724266847,0.8461178691325631,0.9884292389203828,0.9360159498367535,0.1396684608621701,-0.2595151351071726,DD,DD
B,B136,B136k80d04,B136,10.0,Q,0,2,False,3.0241200885187633,0.13296949461963203,0.9575672086807839,-0.2562887606726205,1.0900097200586087,0.8610108233567725,0.9652810277625513,0.9577693077915215,0.14243776256523022,-0.2562887606726204,DD,DD
B,B136,B136k80d04,B136,10.0,Q,0,3,False,3.0550156830457404,0.13440741649427812,0.9679891401016758,-0.2593279765479506,1.1181764263240883,0.8566970696125065,0.9902872775168223,0.9579755844761407,0.14215861284607745,-0.2593279765479508,DD,DD
B,B136,B136k80d04,B136,10.0,Q,0,4,False,3.0752416430516805,0.13468549114319628,0.9785743906759001,-0.26179746979786245,1.1635889060530573,0.8365039655446932,1.040252118805991,0.9401207660357649,0.13716739055011562,-0.26179746979786267,DD,DD
B,B136,B136k80d05,B136,10.0,D,0,0,True,28.536782992601765,0.0773185508250942,0.678636875087563,-0.18277428973273213,0.6743424037727792,0.6841898092946788,0.5608318893873772,0.770882447271024,0.09149729734445788,-0.1827742897327329,H1,"H1,H2,OOS,CAGR"
B,B136,B136k80d05,B136,10.0,W,0,0,True,11.728775390838296,0.1039100156522017,0.8660673971745777,-0.19808162905796056,1.002828517181791,0.7492516897253731,0.8931824354084134,0.8463678248943236,0.1046222763149749,-0.19808162905796045,-,"H2,OOS,CAGR"
B,B136,B136k80d05,B136,10.0,W,0,1,False,11.589323719701571,0.10559628480031691,0.8770781252318987,-0.20134565870426524,0.9573026833674088,0.8088905428823371,0.8728035172195262,0.8811131657019603,0.10929650742509156,-0.20134565870426502,-,"H2,OOS,CAGR"
B,B136,B136k80d05,B136,10.0,W,0,2,False,11.66830452914479,0.1080193644143852,0.8998215565126881,-0.15894723790292486,0.9367391592617058,0.8695315280791001,0.8425916858139015,0.9448022745780205,0.11722877063820047,-0.1589472379029253,-,H1
B,B136,B136k80d05,B136,10.0,W,0,3,False,11.698161242578331,0.10477347390134617,0.8602889636642659,-0.21245911451074184,0.9456617121532939,0.7915521455904411,0.8322849177735608,0.8828938324607318,0.11249216273955542,-0.2124591145107413,DD,"H1,H2,DD,CAGR"
B,B136,B136k80d05,B136,10.0,W,0,4,False,11.993679092574169,0.09304644895396996,0.7842909227893333,-0.21262355289604007,0.8487927544788968,0.7315172935163482,0.7268484657874105,0.8288988434874183,0.10268227804756846,-0.2126235528960405,DD,"H1,H2,OOS,DD,CAGR"
B,B136,B136k80d05,B136,10.0,M,0,0,True,5.449870336700094,0.123229394658116,0.9521325901467881,-0.24645524857566448,1.043730874672181,0.8860714342566484,0.9432886407635042,0.9626854308516511,0.13263640395124776,-0.2464552485756647,DD,DD
B,B136,B136k80d05,B136,10.0,M,0,1,False,5.475855020544366,0.11990585078736538,0.927319292265103,-0.2560666026532725,1.0446232307718473,0.841626465118787,0.9193519608766372,0.9375734610801177,0.12942702749891644,-0.2560666026532722,DD,DD
B,B136,B136k80d05,B136,10.0,M,0,2,False,5.415509610000379,0.1137336883512865,0.8843246892155716,-0.24399347373982505,1.0046398676058836,0.7951417533112547,0.8794009416629237,0.8920006136298204,0.12219231882431503,-0.2439934737398255,DD,"H2,DD"
B,B136,B136k80d05,B136,10.0,M,0,3,False,5.357405695216136,0.1170490229016321,0.9048930479292001,-0.24661043604491706,1.0011108207715866,0.8355550453789352,0.8788720613632748,0.9276143977503438,0.12815261695029667,-0.24661043604491684,DD,DD
B,B136,B136k80d05,B136,10.0,M,0,4,False,5.428856629282843,0.11650091126040363,0.9106962559194953,-0.2533927779301617,1.0782470113133906,0.783717341617164,0.9660486598690398,0.8760314032602108,0.11865699476463787,-0.253392777930162,DD,"H2,OOS,DD"
B,B136,B136k80d05,B136,10.0,Q,0,0,True,3.0895069484326974,0.11375258442008418,0.855226880493929,-0.28381666780289094,1.0450177624614914,0.7182847912157108,0.9218377395879392,0.8161729134362599,0.11614789048105734,-0.28381666780289083,DD,"H2,OOS,DD"
B,B136,B136k80d05,B136,10.0,Q,0,1,False,3.115290052171781,0.11482080912417025,0.8621497458487546,-0.28244010445482304,1.022492894338101,0.7488280018342367,0.885652316255428,0.8527158027524124,0.12232967557383345,-0.28244010445482315,DD,"H2,OOS,DD"
B,B136,B136k80d05,B136,10.0,Q,0,2,False,3.0891014983318485,0.11182696520177782,0.8395887187793544,-0.281587299520656,1.003634993955799,0.724041219310732,0.8735660753323274,0.8232766317382347,0.11809626168969012,-0.2815872995206562,DD,"H2,OOS,DD"
B,B136,B136k80d05,B136,10.0,Q,0,3,False,3.1036818882527895,0.11730043433752968,0.8785961754227642,-0.28364251368968396,1.041231227728005,0.763394849272659,0.9096325616401801,0.8641627246818643,0.12419432934990327,-0.2836425136896845,DD,"H2,OOS,DD"
B,B136,B136k80d05,B136,10.0,Q,0,4,False,3.047640820467446,0.11676148997339286,0.8773528877670753,-0.2883437327274512,1.053066340961073,0.7474005859242046,0.933129624314027,0.8440408218119222,0.11963412109419025,-0.2883437327274514,DD,"H2,OOS,DD"
B,B136,B136k80d06,B136,10.0,D,0,0,True,27.517135867477144,0.10448535713341989,0.8319467450537729,-0.1937464834199366,0.8834504927894516,0.7857850151160526,0.7537048835459165,0.8937481431934563,0.11574398110744877,-0.19374648341993606,-,"H1,H2,CAGR"
B,B136,B136k80d06,B136,10.0,W,0,0,True,11.568205176415415,0.12954504678524326,0.9809469269505398,-0.20620236634483802,1.105545118830701,0.8717575293097978,1.0057299621155364,0.9628760191474773,0.13083831724031958,-0.20620236634483813,-,DD
B,B136,B136k80d06,B136,10.0,W,0,1,False,11.568400692573405,0.13044253173908915,0.9907292337628976,-0.20343080988232254,1.1003076926913584,0.8935591221431161,0.9826691490542969,0.9976435291788606,0.13510559657091248,-0.20343080988232232,-,DD
B,B136,B136k80d06,B136,10.0,W,0,2,False,11.426043169893596,0.13999116126869726,1.0618197771267432,-0.16461906073553034,1.1786315422238134,0.956924138894415,1.054067876259084,1.0683834730996264,0.14445065043849037,-0.16461906073553,-,-
B,B136,B136k80d06,B136,10.0,W,0,3,False,11.378628327656005,0.13383519568229585,1.0066726392400618,-0.21144310015874435,1.1320022418322038,0.8989568216711891,1.0105677598476215,1.005102019009512,0.1385331294097436,-0.21144310015874457,-,DD
B,B136,B136k80d06,B136,10.0,W,0,4,False,11.409630124145254,0.123482235098622,0.9507238473721904,-0.21480863930873761,1.0555323425651806,0.8585049312011067,0.9305204063606325,0.9670943153727891,0.12969286217383824,-0.21480863930873773,DD,DD
B,B136,B136k80d06,B136,10.0,M,0,0,True,5.4637788608905,0.15578809336502997,1.099885040021771,-0.25973879570286906,1.2182083577239333,1.0090275286339945,1.1076001795864268,1.0985267332349204,0.1648099426977283,-0.2597387957028695,DD,DD
B,B136,B136k80d06,B136,10.0,M,0,1,False,5.427378381040484,0.1518623118601956,1.06929922108806,-0.2646253384768097,1.222144033383585,0.9486987731283455,1.0934467235946113,1.0560186926954878,0.1585431829748103,-0.2646253384768096,DD,DD
B,B136,B136k80d06,B136,10.0,M,0,2,False,5.422429087123976,0.1440357521231168,1.0209157085526321,-0.25538238837834115,1.1220188642448174,0.9430531220514334,1.0019581552480155,1.038318453384881,0.15532963391720078,-0.2553823883783407,DD,DD
B,B136,B136k80d06,B136,10.0,M,0,3,False,5.32849361920666,0.1486505583183344,1.0530572498808577,-0.2535627074039212,1.1369998018946639,0.989457057331329,1.0069696930251761,1.0901459320537454,0.1636484474575397,-0.2535627074039212,DD,DD
B,B136,B136k80d06,B136,10.0,M,0,4,False,5.354460190564216,0.1398407585566419,1.0085186013231247,-0.2485231790446163,1.1908977649298293,0.8621787315440692,1.0546553342114258,0.978913270728639,0.14286854351493083,-0.2485231790446163,DD,DD
B,B136,B136k80d06,B136,10.0,Q,0,0,True,3.025183227909665,0.1327895130423451,0.9251244704930325,-0.2864145105197393,1.1601709476210402,0.7548827746775044,1.0305974075323372,0.8624471957535044,0.13268723893360135,-0.2864145105197391,DD,"H2,OOS,DD"
B,B136,B136k80d06,B136,10.0,Q,0,1,False,3.0271499770849366,0.14117850451796032,0.9784185833794269,-0.27628861911844016,1.1300322497041355,0.8690809935978325,0.986881106371804,0.9794745477867254,0.15232098135511052,-0.2762886191184404,DD,DD
B,B136,B136k80d06,B136,10.0,Q,0,2,False,2.9924475644850603,0.1409553186017547,0.9774957848646907,-0.273596288600802,1.1015431587136544,0.8916235547456706,0.9600739626746796,0.9966681267660633,0.15573518436540423,-0.2735962886008021,DD,DD
B,B136,B136k80d06,B136,10.0,Q,0,3,False,3.0198640069939913,0.14061856972558284,0.9790516030313171,-0.2779440023729264,1.1264591553752898,0.8693151037651057,0.9942280472108902,0.9742230516598861,0.14977774594122262,-0.2779440023729264,DD,DD
B,B136,B136k80d06,B136,10.0,Q,0,4,False,2.9841719313114057,0.1362668355113037,0.9568836233073856,-0.28041924304248356,1.1301128723027627,0.8286444131339205,0.9826785559951922,0.945541551971492,0.1445450809170441,-0.28041924304248345,DD,"H2,DD"
B,B136,B136k80d07,B136,10.0,D,0,0,True,27.74146629013566,0.09788121665298966,0.809625399477312,-0.1817263923438932,0.7766752510935215,0.8414349992381355,0.6583041490147332,0.9259457223024334,0.11787960680009468,-0.18172639234389332,-,"H1,CAGR"
B,B136,B136k80d07,B136,10.0,W,0,0,True,11.674193328301572,0.11697918853207012,0.9300354495547398,-0.19843359127736482,0.9471112523583853,0.9191926232250289,0.8265826168232762,1.0092531608547628,0.1337455805711032,-0.1984335912773646,-,H1
B,B136,B136k80d07,B136,10.0,W,0,1,False,11.559002275201225,0.12256340199463978,0.9699014348473916,-0.19598147729729998,0.9742564997628854,0.9696291887961231,0.8793874934652066,1.0397897149063011,0.13769631486849954,-0.1959814772973001,-,-
B,B136,B136k80d07,B136,10.0,W,0,2,False,11.395328563463867,0.13007456722747435,1.0221633082580681,-0.16804455667516405,1.017970769360264,1.0293882573149413,0.9093590088799767,1.1092235875868048,0.1479331740031804,-0.16804455667516338,-,-
B,B136,B136k80d07,B136,10.0,W,0,3,False,11.658021704530436,0.12489004387351432,0.9751499729507908,-0.20754676950453155,1.028733890524522,0.9339389053831934,0.9201972684010734,1.018123186267506,0.13725519493520855,-0.20754676950453155,-,DD
B,B136,B136k80d07,B136,10.0,W,0,4,False,11.84258032088453,0.10472602933175357,0.8470439025441383,-0.20038637048716834,0.8584199678503865,0.8406500432536544,0.7363106148352538,0.9316763306510984,0.12141834227489023,-0.20038637048716823,-,"H1,CAGR"
B,B136,B136k80d07,B136,10.0,M,0,0,True,5.546352152793082,0.14421762853999098,1.0601766118030793,-0.2641408579456582,1.0990851830985888,1.0373167958185914,0.9866179936541902,1.1172336191420404,0.16287490182955655,-0.26414085794565856,DD,DD
B,B136,B136k80d07,B136,10.0,M,0,1,False,5.462212723837171,0.1402218110929907,1.0289327106375912,-0.25936506125712455,1.1222117543827161,0.959917929274703,0.9889946952339845,1.0617752197090509,0.1543130176663805,-0.2593650612571242,DD,DD
B,B136,B136k80d07,B136,10.0,M,0,2,False,5.383208959981305,0.13705891428206285,1.0028040723118399,-0.2599154581549902,1.1023761347316483,0.9333822225192973,0.9633732783313429,1.0362082507998174,0.15267789885023086,-0.2599154581549902,DD,DD
B,B136,B136k80d07,B136,10.0,M,0,3,False,5.351197632374073,0.13728078173043778,1.0073646270812588,-0.24773167442079314,1.0624306971737447,0.9717818794210868,0.9246793902166419,1.070727274609624,0.1572151351927773,-0.24773167442079314,DD,DD
B,B136,B136k80d07,B136,10.0,M,0,4,False,5.397862880411866,0.13735761408724478,1.0207134711879422,-0.245888687826746,1.1542378235834239,0.921497501843983,1.0206811253029457,1.0258852792061404,0.14742764339064185,-0.24588868782674622,DD,DD
B,B136,B136k80d07,B136,10.0,Q,0,0,True,3.0204469608119022,0.13089513798309915,0.932745710510905,-0.287375808669562,1.087432043610563,0.8305532597896534,0.9365031396588709,0.9401510676062516,0.14448267219081634,-0.28737580866956214,DD,"H2,DD"
B,B136,B136k80d07,B136,10.0,Q,0,1,False,3.064438584222797,0.1336926259980562,0.9517859639744688,-0.27032257016590466,1.054833412152161,0.8858350597389762,0.9031489146749674,0.9927980150404009,0.15265683654693873,-0.27032257016590466,DD,DD
B,B136,B136k80d07,B136,10.0,Q,0,2,False,3.0603821338992394,0.13437201778483243,0.9580117993260018,-0.28254299253041393,1.0512267796444716,0.9016368618764266,0.8915573020558514,1.01137653523001,0.15622065193861912,-0.28254299253041404,DD,DD
B,B136,B136k80d07,B136,10.0,Q,0,3,False,3.045125423865095,0.1390369580178652,0.995179339584743,-0.27013687743790615,1.0929454700871573,0.932147684463077,0.944976763992901,1.0372147201057063,0.15818694342220918,-0.27013687743790615,DD,DD
B,B136,B136k80d07,B136,10.0,Q,0,4,False,3.067567916766462,0.1372660574160316,0.9839898553469679,-0.28409909690771884,1.1342643269328778,0.881274356765726,0.9848831679033495,0.9920733937504754,0.1506033782964893,-0.28409909690771884,DD,DD
B,B136,B136k80d08,B136,10.0,D,0,0,True,27.106439855293765,0.11256667076853066,0.9131410327000288,-0.17882399333453702,1.089297176986551,0.7463689718133641,0.9974350226332568,0.8447660120077438,0.10390560143285166,-0.17882399333453658,-,"H2,OOS"
B,B136,B136k80d08,B136,10.0,W,0,0,True,11.617678503857935,0.1325501186125322,1.0354404245324513,-0.1997955203942159,1.2355473068859668,0.8498252444148728,1.1411339494460078,0.9512818857570968,0.12223697365689445,-0.19979552039421622,-,-
B,B136,B136k80d08,B136,10.0,W,0,1,False,11.521541023522607,0.13872107508970255,1.0808930706624538,-0.19823225679293544,1.3065224967428553,0.8722924626378155,1.2208448333430322,0.9696962588153525,0.12463669662861876,-0.1982322567929351,-,-
B,B136,B136k80d08,B136,10.0,W,0,2,False,11.295490162144016,0.1418771976491071,1.1048618022086087,-0.17052014813423455,1.3227611135232578,0.9015742349452301,1.2403135217193908,0.9963932005319949,0.12786952122431017,-0.170520148134234,-,-
B,B136,B136k80d08,B136,10.0,W,0,3,False,11.3512779073625,0.14283544461417774,1.0977125251550184,-0.20066606037280488,1.2814061173732134,0.9330550349358112,1.19242554867535,1.0246468010850283,0.13552004650534433,-0.20066606037280488,-,-
B,B136,B136k80d08,B136,10.0,W,0,4,False,11.672099240504162,0.12095922054434527,0.960064918460357,-0.22368723528881362,1.1714578532634274,0.7670264373818305,1.0753279704590968,0.8696866221559154,0.11035159707211672,-0.22368723528881362,DD,"H2,OOS,DD"
B,B136,B136k80d08,B136,10.0,M,0,0,True,5.388574234754715,0.15756000396097547,1.1575655114302597,-0.25037012253512325,1.3272913686374286,1.0150559100443723,1.2431783814714175,1.0953928699952427,0.15413432048555364,-0.25037012253512336,DD,DD
B,B136,B136k80d08,B136,10.0,M,0,1,False,5.390917429739036,0.15036417270579627,1.1007285507918962,-0.26862616558991026,1.2928819675161163,0.9419168327321941,1.17757546235818,1.046809696845242,0.14888250797797453,-0.26862616558991026,DD,DD
B,B136,B136k80d08,B136,10.0,M,0,2,False,5.390073320682675,0.14297721078500114,1.0429700915217315,-0.2711727237370831,1.2306195512016391,0.8920160958048607,1.1202023634063023,0.9908203674932017,0.14243191225842033,-0.27117272373708323,DD,DD
B,B136,B136k80d08,B136,10.0,M,0,3,False,5.319271686290379,0.14368141571030302,1.0499612820170876,-0.2531241587196068,1.2466843924229016,0.8882157488863794,1.1338700712800232,0.9913310960524402,0.14133841613771359,-0.25312415871960703,DD,DD
B,B136,B136k80d08,B136,10.0,M,0,4,False,5.262299931563247,0.14069609806797012,1.0361720710121567,-0.27421485889854014,1.315954540352151,0.8053238014512557,1.1982671765763384,0.9215045165812656,0.12956758455103445,-0.2742148588985399,DD,"H2,DD"
B,B136,B136k80d08,B136,10.0,Q,0,0,True,3.0318891455565207,0.1285739333084881,0.9251477583658524,-0.30319885280266123,1.2048406815562083,0.704679502733444,1.0644994859674883,0.831515572298228,0.12100613298016771,-0.30319885280266123,DD,"H2,OOS,DD"
B,B136,B136k80d08,B136,10.0,Q,0,1,False,3.0296726947866075,0.13157372960663127,0.943968032984476,-0.30243258611740853,1.154416470886185,0.7805034309238661,1.0102929201755964,0.9021058562243527,0.1331127637843028,-0.30243258611740853,DD,"H2,DD"
B,B136,B136k80d08,B136,10.0,Q,0,2,False,3.0409182985207464,0.13245854826290993,0.9466363413020445,-0.2980176228950868,1.1734515673619639,0.7668723140313202,1.0382617950713224,0.8858282259576472,0.13032672442484228,-0.2980176228950867,DD,"H2,DD"
B,B136,B136k80d08,B136,10.0,Q,0,3,False,3.030194521755656,0.13090266720676436,0.939585723545808,-0.2795746013431549,1.157209851749879,0.760894414275364,1.0198550944962224,0.8839035180162162,0.12832340688688193,-0.2795746013431548,DD,"H2,DD"
B,B136,B136k80d08,B136,10.0,Q,0,4,False,3.000667586822651,0.13157982898766774,0.9510117296016487,-0.2974067215420788,1.1918625428866902,0.7579669445716751,1.0630602732027203,0.8751762008173898,0.1268189806737554,-0.2974067215420785,DD,"H2,OOS,DD"
B,B136,B136k80d09,B136,10.0,D,0,0,True,27.45000418623818,0.10523216550487824,0.8712621184578976,-0.18419570439685262,0.9778042848537515,0.7718067961093452,0.8704018057594727,0.87182659726542,0.10599030825297695,-0.1841957043968524,-,"H2,OOS,CAGR"
B,B136,B136k80d09,B136,10.0,W,0,0,True,11.331900635172113,0.12338853941001648,0.9833520460734236,-0.21528419769526252,1.1860081357984178,0.7984111997061711,1.0754578760666547,0.9099044705658089,0.11465172908171994,-0.21528419769526264,DD,"H2,DD"
B,B136,B136k80d09,B136,10.0,W,0,1,False,11.113755130104511,0.1312204087828739,1.040990760704598,-0.2096874329753161,1.215787821528895,0.8819322100754168,1.1110581126103165,0.9853186691779163,0.1252730027968263,-0.2096874329753159,-,DD
B,B136,B136k80d09,B136,10.0,W,0,2,False,11.178102809614817,0.1364232720139693,1.0825646092806778,-0.16978097225590516,1.2046332665218784,0.9691151569006431,1.0833977886630317,1.0817362096351721,0.13733982812488077,-0.1697809722559056,-,-
B,B136,B136k80d09,B136,10.0,W,0,3,False,11.488461111868203,0.13254059365894122,1.0328886235818324,-0.23000932156554355,1.1892824822557715,0.8966498363685317,1.0781578507431702,0.9987335828278309,0.13129104702806327,-0.23000932156554388,DD,DD
B,B136,B136k80d09,B136,10.0,W,0,4,False,11.661151234917183,0.11977649329548967,0.9676327510842312,-0.21675959420758717,1.0856571931300192,0.858972037083308,0.9804365350536658,0.957280593474514,0.11967328265649924,-0.2167595942075874,DD,DD
B,B136,B136k80d09,B136,10.0,M,0,0,True,5.303533102553519,0.1519474795415583,1.1196263840422593,-0.2753757091351444,1.2960400915833852,0.9772893051125895,1.182869344291617,1.0755492932366237,0.15208205867184543,-0.27537570913514453,DD,DD
B,B136,B136k80d09,B136,10.0,M,0,1,False,5.342282058377212,0.13982321909804996,1.0431608658203944,-0.2733220452609192,1.2456196273345015,0.8761225488812838,1.1156524579072187,0.9913525651705994,0.13777121535206782,-0.27332204526091985,DD,DD
B,B136,B136k80d09,B136,10.0,M,0,2,False,5.3187480506666125,0.13800792661254357,1.0285247862963698,-0.2737257679839541,1.1991769789643243,0.8885625555889171,1.0565019978827925,1.0098579960268732,0.1411794103665771,-0.2737257679839541,DD,DD
B,B136,B136k80d09,B136,10.0,M,0,3,False,5.337663771998279,0.1351360583788428,1.008459611587925,-0.26655529581022563,1.200395570327227,0.852129421851343,1.0412903693448408,0.9868564753982954,0.13825440093606667,-0.26655529581022563,DD,DD
B,B136,B136k80d09,B136,10.0,M,0,4,False,5.301106510109451,0.13889082198413294,1.0482359018439005,-0.2580469573906965,1.256286815773204,0.8751049938001949,1.0996862005865993,1.0118622977018659,0.1391869209119967,-0.2580469573906965,DD,DD
B,B136,B136k80d09,B136,10.0,Q,0,0,True,3.0048018977088136,0.13162040545394604,0.9605522806441847,-0.29292356367954575,1.2503987254380153,0.7376569273574797,1.0929850944520287,0.8731781340468021,0.12598953693822268,-0.29292356367954586,DD,"H2,OOS,DD"
B,B136,B136k80d09,B136,10.0,Q,0,1,False,3.041164647780504,0.13161840412115478,0.9653234215955699,-0.27394076463905237,1.201710654149803,0.7814505056165815,1.0462561319889803,0.9121814115962211,0.13105825059781928,-0.2739407646390517,DD,"H2,DD"
B,B136,B136k80d09,B136,10.0,Q,0,2,False,2.9563634832769163,0.1374090305934197,0.9956916482540834,-0.28047850276546615,1.200140740060378,0.8384839829427418,1.0473096646829103,0.9635597369428978,0.1407023479432108,-0.28047850276546604,DD,DD
B,B136,B136k80d09,B136,10.0,Q,0,3,False,3.027602330018406,0.13539401126102946,0.9804492570095091,-0.28032805173563324,1.2009523518734881,0.8083556305052177,1.040110631538992,0.9419622510841513,0.13716474661655753,-0.28032805173563313,DD,"H2,DD"
B,B136,B136k80d09,B136,10.0,Q,0,4,False,3.005777518354972,0.1268906171596189,0.9343066365899837,-0.29601152572143363,1.1961452771347691,0.7267402154414674,1.04378507116305,0.8600002842878969,0.12225777962924278,-0.29601152572143374,DD,"H2,OOS,DD"
B,B136,B136k80d10,B136,10.0,D,0,0,True,27.239955914345238,0.10629310920673074,0.8821154903173933,-0.19151132494808176,1.0145753998664293,0.7650714906464848,0.9167931029257352,0.8560715162436481,0.10572673658706155,-0.19151132494808232,-,"H2,OOS,CAGR"
B,B136,B136k80d10,B136,10.0,W,0,0,True,11.51396092208457,0.1298910194707763,1.0333595176696377,-0.21151963781351524,1.2199854004807686,0.8723486186390317,1.121322480403695,0.9682083347912537,0.12515377110296222,-0.21151963781351524,-,DD
B,B136,B136k80d10,B136,10.0,W,0,1,False,11.119079595598762,0.1382046481290531,1.092975684454452,-0.20157178843364254,1.2709387481511027,0.940116437455919,1.178991541684949,1.029465841123042,0.13404971929698384,-0.20157178843364232,-,-
B,B136,B136k80d10,B136,10.0,W,0,2,False,11.191489929631048,0.14190949478398918,1.1192691471556542,-0.17314604993743088,1.3004486742412795,0.9621267374947952,1.2124202348183055,1.0495627697483167,0.13654751684701605,-0.17314604993743055,-,-
B,B136,B136k80d10,B136,10.0,W,0,3,False,11.31181162608096,0.14092470138925606,1.108033713059069,-0.2055541762735973,1.2485050349874172,0.9899684220597476,1.15653286465275,1.0737195718997388,0.1417556319667792,-0.20555417627359707,-,DD
B,B136,B136k80d10,B136,10.0,W,0,4,False,11.325592383515652,0.12256109100845691,0.9890267423306235,-0.20914592673532306,1.1126714233866155,0.8840678108257725,1.015371290193329,0.9707395817124309,0.12471485222802814,-0.20914592673532317,-,DD
B,B136,B136k80d10,B136,10.0,M,0,0,True,5.332448382393569,0.15659218914518291,1.1649952472344993,-0.25954054188650877,1.2974682089169811,1.0632976766846933,1.2159944569297474,1.1326712111644537,0.1606659005219191,-0.25954054188650855,DD,DD
B,B136,B136k80d10,B136,10.0,M,0,1,False,5.293835959830705,0.14514696851808684,1.0813093935671247,-0.26737797649473516,1.2629392881431334,0.9404763120971551,1.1539087224294173,1.034473516539762,0.14674340165550648,-0.26737797649473494,DD,DD
B,B136,B136k80d10,B136,10.0,M,0,2,False,5.297639277690555,0.13989501761887957,1.0434094836852597,-0.2586920614213444,1.167476033088532,0.948995142581817,1.050696817222353,1.042595836455432,0.14840689878804536,-0.2586920614213446,DD,DD
B,B136,B136k80d10,B136,10.0,M,0,3,False,5.2532142353725195,0.14051221929215507,1.0427851970537672,-0.2641662526192661,1.214904225996124,0.9116940707563975,1.1031087969571445,1.0055409024029505,0.14381407793689704,-0.26416625261926574,DD,DD
B,B136,B136k80d10,B136,10.0,M,0,4,False,5.2002336354505605,0.13791475383000473,1.0372788858760817,-0.269817833564748,1.2317680243318632,0.8880262788444108,1.1136736039842454,0.9888690014707683,0.1394024321849161,-0.2698178335647481,DD,DD
B,B136,B136k80d10,B136,10.0,Q,0,0,True,3.016345774306612,0.13157132916149683,0.9522608436691895,-0.3060787086652085,1.2078141554847017,0.7681106174473745,1.084554115817199,0.8720735307745539,0.1289815170727595,-0.3060787086652079,DD,"H2,OOS,DD"
B,B136,B136k80d10,B136,10.0,Q,0,1,False,3.0402610414938644,0.1298020246888476,0.938511554105006,-0.30512183914233115,1.1331538455619816,0.8024612539651423,0.9947428392860571,0.9095357048174245,0.1360579467138845,-0.3051218391423316,DD,"H2,DD"
B,B136,B136k80d10,B136,10.0,Q,0,2,False,3.0149281935477985,0.13294449004064313,0.9625873692580852,-0.30061825158023436,1.0995985580942857,0.8676691459055608,0.9638102648166236,0.9692866415674967,0.14496128849013035,-0.3006182515802345,DD,DD
B,B136,B136k80d10,B136,10.0,Q,0,3,False,2.9632212115803283,0.1362240910306125,0.9806417499081831,-0.30097436525100174,1.1551382701967472,0.8564271072370214,1.024440650324239,0.9584683394709229,0.14342848222531845,-0.30097436525100174,DD,DD
B,B136,B136k80d10,B136,10.0,Q,0,4,False,2.9285018586387777,0.13126350424868605,0.9572937442093338,-0.3015050555197898,1.1315425227399083,0.8322928874012505,1.002529233998254,0.933901338662122,0.13783881377228413,-0.30150505551979,DD,"H2,DD"
B,B136,B136k80d11,B136,10.0,D,0,0,True,27.809337917001983,0.08347773498515965,0.7272630403741102,-0.18403221034178552,0.8210595302871522,0.6424045229826154,0.7287504361405159,0.7262247123929269,0.08482369124273981,-0.18403221034178585,-,"H1,H2,OOS,CAGR"
B,B136,B136k80d11,B136,10.0,W,0,0,True,11.697161985906765,0.1047748921391074,0.8708904919996148,-0.1967398795699754,1.0346137739263457,0.728588758858191,0.9419790443493082,0.8173991457218401,0.10064220575330363,-0.19673987956997496,-,"H2,OOS,CAGR"
B,B136,B136k80d11,B136,10.0,W,0,1,False,11.446201192560052,0.11226764579715787,0.9256680579833333,-0.19863791364381256,1.0493658369063694,0.8182223043343303,0.9702472603931274,0.8922795310872872,0.11102423204519107,-0.19863791364381267,-,H2
B,B136,B136k80d11,B136,10.0,W,0,2,False,11.4778290266218,0.1149878864207523,0.9528424549131342,-0.15508305259188937,1.0547796147551305,0.8619307264057442,0.9666238398068242,0.9423557130629588,0.11604467335514568,-0.15508305259188848,-,-
B,B136,B136k80d11,B136,10.0,W,0,3,False,11.569280107363756,0.11494938331351445,0.9311968407154849,-0.20630429952257612,1.120542598722568,0.7700787664635844,1.0261910774601903,0.8610493770294069,0.10922739110395918,-0.206304299522576,-,"H2,OOS,DD"
B,B136,B136k80d11,B136,10.0,W,0,4,False,11.732084735568076,0.10165253717453604,0.8557200859765745,-0.19136349725122792,0.9968756148697181,0.7312360889070774,0.8944218880718453,0.8262519238360874,0.1002941849478971,-0.19136349725122814,-,"H2,OOS,CAGR"
B,B136,B136k80d11,B136,10.0,M,0,0,True,5.37418580738106,0.13553116442424606,1.0649842288170177,-0.20732883254022905,1.1361944812078972,1.0077486331293173,1.0666171266286142,1.0655308791222846,0.1411169499851408,-0.20732883254022916,-,DD
B,B136,B136k80d11,B136,10.0,M,0,1,False,5.34486038231343,0.13661105848386423,1.041193388831786,-0.25321189296529845,1.1540294464581133,0.9551561769035244,1.0438814180566813,1.0432300803202135,0.1449953833606048,-0.253211892965298,DD,DD
B,B136,B136k80d11,B136,10.0,M,0,2,False,5.318755193119457,0.12885768272467635,0.9940802671056883,-0.24665757213043205,1.1456753654692218,0.8764403721788915,1.0307348335270548,0.9719841743483622,0.13323166525423802,-0.24665757213043182,DD,DD
B,B136,B136k80d11,B136,10.0,M,0,3,False,5.3084237952422235,0.12808537938658793,0.9835768106550845,-0.24214321970174713,1.1354142713567532,0.865609502295053,1.0241193256011987,0.9585461389613235,0.13185097120203304,-0.24214321970174713,DD,DD
B,B136,B136k80d11,B136,10.0,M,0,4,False,5.330918952735063,0.12421895244241643,0.9695275025754179,-0.2516573262156928,1.1838216867250517,0.7997165656166453,1.0656326859281793,0.9048617799634703,0.12175391034392913,-0.25165732621569303,DD,"H2,DD"
B,B136,B136k80d11,B136,10.0,Q,0,0,True,3.052716940103421,0.1184318214770268,0.8839842309346136,-0.27085079498272,1.066424956707869,0.7570115463358563,0.9352377399472687,0.8581060599772615,0.12441249011907618,-0.27085079498272024,DD,"H2,OOS,DD"
B,B136,B136k80d11,B136,10.0,Q,0,1,False,3.075721301152743,0.123652029962519,0.9153297811383914,-0.2751311794052502,1.058660417314267,0.8192096427447151,0.932185746893472,0.9128369192556393,0.13420826166489963,-0.27513117940525034,DD,"H2,DD"
B,B136,B136k80d11,B136,10.0,Q,0,2,False,3.054497375899104,0.1240176347252826,0.9251797849793433,-0.26828719268530365,1.078445872123618,0.8202951990550316,0.941814251399256,0.9226582540716025,0.13449053866789407,-0.26828719268530365,DD,"H2,DD"
B,B136,B136k80d11,B136,10.0,Q,0,3,False,3.0428541080537603,0.1271277520774119,0.9385958047866028,-0.2705417647872663,1.1055501025449033,0.8215509393551309,0.9792982114596744,0.9191459929944861,0.13453950288493788,-0.2705417647872661,DD,"H2,DD"
B,B136,B136k80d11,B136,10.0,Q,0,4,False,3.0655058997736253,0.12174747110641482,0.9186033173799485,-0.273179355679959,1.0984367047497519,0.7889538130500371,0.9670240215510424,0.8930414138433241,0.12741732910067505,-0.27317935567995855,DD,"H2,DD"
B,B136,B136k80d12,B136,10.0,D,0,0,True,27.27879361083922,0.10139049737095451,0.8478357918196293,-0.18724219574109724,0.9653394978053288,0.7438821536644086,0.8624997540255239,0.8367608040092321,0.10223016696202292,-0.1872421957410978,-,"H2,OOS,CAGR"
B,B136,B136k80d12,B136,10.0,W,0,0,True,11.430624891175015,0.11990463429214149,0.9684620742777379,-0.21131253953246443,1.1331199800834844,0.8276919087676894,1.0287281758034692,0.9237697376619615,0.11762258773904022,-0.21131253953246576,-,"H2,DD"
B,B136,B136k80d12,B136,10.0,W,0,1,False,11.290400777461475,0.12468278772992214,0.9992910699531072,-0.20456869674675682,1.1701280029256933,0.8503551538912284,1.0902514693259286,0.9298152641089223,0.11822406981138989,-0.2045686967467567,-,DD
B,B136,B136k80d12,B136,10.0,W,0,2,False,11.444446928859579,0.1271588682941105,1.021316651134587,-0.18156127067982275,1.1817678904364766,0.8807572975963828,1.0879809922995909,0.970296069750723,0.12327255286553518,-0.18156127067982153,-,-
B,B136,B136k80d12,B136,10.0,W,0,3,False,11.394138234255303,0.12580150516337318,0.9950615928095251,-0.2110532075226823,1.1947974781297628,0.8310417309884203,1.0993219945169104,0.9205127392837898,0.12061668124401526,-0.21105320752268275,-,"H2,DD"
B,B136,B136k80d12,B136,10.0,W,0,4,False,11.49018104006216,0.11842718251870377,0.9691096251247914,-0.2006354250062129,1.117760652932923,0.8401325299007073,1.0232468272733075,0.9282467325058241,0.11618900624728412,-0.20063542500621268,-,-
B,B136,B136k80d12,B136,10.0,M,0,0,True,5.2374936866647985,0.14665490614385912,1.1019917081636375,-0.24181436971186498,1.2740566600049796,0.9675816106512442,1.1652322147731018,1.0601331195671237,0.14832776317799956,-0.24181436971186476,DD,DD
B,B136,B136k80d12,B136,10.0,M,0,1,False,5.184520634153151,0.1456669254194347,1.0891044879253127,-0.25794544623647364,1.3384219918640676,0.8917479166508921,1.2291548881513878,0.9924705076292405,0.1386828252387,-0.2579454462364732,DD,DD
B,B136,B136k80d12,B136,10.0,M,0,2,False,5.124968722167774,0.14214930643040713,1.0598960379716316,-0.2527293315623015,1.2700349374892435,0.8988670866644259,1.1503095891987278,1.0008474617694014,0.14177520637312413,-0.2527293315623017,DD,DD
B,B136,B136k80d12,B136,10.0,M,0,3,False,5.170982115654915,0.14514959560132557,1.0752264964966423,-0.2663180880427837,1.3198666323768153,0.8886030164345775,1.1947112910576703,0.9969032212655049,0.14219287957328897,-0.26631808804278356,DD,DD
B,B136,B136k80d12,B136,10.0,M,0,4,False,5.193127356906322,0.1351555900000776,1.0238323602226478,-0.2600474000211156,1.304347028622335,0.8091088489174684,1.176524784307904,0.9230594973214146,0.12847365352810103,-0.2600474000211158,DD,"H2,DD"
B,B136,B136k80d12,B136,10.0,Q,0,0,True,2.947503970536566,0.13409732959663456,0.9742533914659007,-0.29726667225460535,1.2555948964423866,0.768290204763173,1.1253311400457233,0.8793429585297611,0.12874667500150272,-0.2972666722546051,DD,"H2,OOS,DD"
B,B136,B136k80d12,B136,10.0,Q,0,1,False,2.971412185602453,0.13377936610889551,0.9731972785441659,-0.28737302710867285,1.218293337010323,0.7931887447727786,1.0883404045784273,0.9013030963277149,0.1319309604928387,-0.28737302710867274,DD,"H2,DD"
B,B136,B136k80d12,B136,10.0,Q,0,2,False,2.9460328882628386,0.13490039062719572,0.9772540252769139,-0.2869732663067016,1.1717190376981357,0.8369931853336197,1.0301681097955748,0.9480259295387843,0.1404267296815369,-0.2869732663067013,DD,DD
B,B136,B136k80d12,B136,10.0,Q,0,3,False,2.9765845227330985,0.13822511066961463,1.0010582149118739,-0.29350036458052464,1.1918130812056555,0.8657519011235779,1.0505386176535303,0.9751405362018226,0.14500352188929644,-0.29350036458052486,DD,DD
B,B136,B136k80d12,B136,10.0,Q,0,4,False,2.938139166450908,0.1322860261270138,0.9727444882401973,-0.29310245772415744,1.2408417201334807,0.7747174449914969,1.108528460161575,0.8871240855059621,0.12827496979347197,-0.29310245772415777,DD,"H2,DD"
B,B136,B136k80d13,B136,10.0,D,0,0,True,26.597216193922193,0.10347634549416895,0.8909802047454358,-0.17764694397729386,1.1086177099094754,0.6802465778619278,1.0398694684884877,0.765914647044962,0.0866078156680854,-0.1776469439772933,-,"H2,OOS,CAGR"
B,B136,B136k80d13,B136,10.0,W,0,0,True,11.163356427086075,0.11917975173159867,0.995568720378138,-0.17781206143556316,1.2989289373973836,0.7069427043871218,1.2227801829230374,0.8077159140698605,0.09408600331251615,-0.17781206143556305,-,"H2,OOS"
B,B136,B136k80d13,B136,10.0,W,0,1,False,10.870988258377666,0.12254155922756294,1.018856307866255,-0.18220342910247134,1.2571433195990929,0.7926970993524389,1.19485599948202,0.873611695103077,0.10308694262270057,-0.18220342910247156,-,"H2,OOS"
B,B136,B136k80d13,B136,10.0,W,0,2,False,11.092084449852813,0.13079505403236857,1.0791457818767263,-0.15708171124207315,1.2899880969697606,0.8781195306763245,1.221174513832321,0.9612384787058573,0.11459007173249924,-0.1570817112420726,-,-
B,B136,B136k80d13,B136,10.0,W,0,3,False,10.903042681590811,0.1307304337238353,1.0716185303318733,-0.19241146091782546,1.2878575498288016,0.8686373711500565,1.215594165954666,0.953600799829888,0.11503254653632644,-0.19241146091782546,-,-
B,B136,B136k80d13,B136,10.0,W,0,4,False,11.169512045391189,0.11814462433780304,0.9959344869519651,-0.1910264940854769,1.207159825698981,0.7940830250306774,1.120740915079627,0.8922208582935061,0.10414942731026788,-0.19102649408547656,-,H2
B,B136,B136k80d13,B136,10.0,M,0,0,True,5.235120249132212,0.14302375980830329,1.1269932449192526,-0.21566825130467893,1.3576444689635434,0.9157494444708825,1.2933042943480169,0.9936240308008006,0.12559202037197603,-0.2156682513046787,DD,DD
B,B136,B136k80d13,B136,10.0,M,0,1,False,5.254647177906976,0.13393310790790025,1.0415814489591986,-0.25463288485818636,1.3286537906090663,0.7923846593985905,1.2477102292498417,0.8848517828379844,0.11485508465705752,-0.25463288485818625,DD,"H2,DD"
B,B136,B136k80d13,B136,10.0,M,0,2,False,5.3046056156194,0.12980896188677749,1.0130977177431923,-0.24323833375153747,1.2878528130968594,0.7739654980300065,1.2063560448524369,0.8658059532087102,0.11196300411184801,-0.24323833375153725,DD,"H2,OOS,DD"
B,B136,B136k80d13,B136,10.0,M,0,3,False,5.175595664908061,0.13155429630484505,1.0178685591298604,-0.25053472955631095,1.2506936690010555,0.8161777898153664,1.1662234002862,0.9050601856606955,0.11872511529917396,-0.2505347295563116,DD,"H2,DD"
B,B136,B136k80d13,B136,10.0,M,0,4,False,5.15996168887566,0.13306127569523207,1.0378644126689742,-0.25825950315392465,1.3540676536521883,0.7638532962939877,1.2735067853189812,0.8591258197528605,0.11090383686072913,-0.25825950315392443,DD,"H2,OOS,DD"
B,B136,B136k80d13,B136,10.0,Q,0,0,True,2.9724351108448497,0.1260555466355584,0.9509759095141375,-0.26762231976852013,1.2593352955412476,0.6944809180967242,1.1627848896511452,0.7961744479487896,0.10744547201513077,-0.2676223197685199,DD,"H2,OOS,DD"
B,B136,B136k80d13,B136,10.0,Q,0,1,False,3.0198224618597953,0.12400108754665218,0.9384698043901653,-0.2800442694363886,1.2397777496950972,0.6903166059252694,1.1450143275753546,0.7892452742532658,0.10658174216078353,-0.2800442694363888,DD,"H2,OOS,DD"
B,B136,B136k80d13,B136,10.0,Q,0,2,False,2.9900207270457386,0.1239010991792342,0.9323147232459253,-0.2907201845034081,1.240397224735771,0.6785765385059968,1.1555521853654818,0.7709956326436299,0.1044364408500944,-0.2907201845034083,DD,"H2,OOS,DD"
B,B136,B136k80d13,B136,10.0,Q,0,3,False,2.937570868746057,0.12906253470762286,0.967315371656651,-0.28853325480310965,1.2681396665849556,0.7182102354101615,1.184445448699952,0.8094636485542807,0.11012501563430477,-0.2885332548031099,DD,"H2,OOS,DD"
B,B136,B136k80d13,B136,10.0,Q,0,4,False,2.885710220969486,0.1276191077978106,0.9674014050911431,-0.29262357352429635,1.2782166661623957,0.7073316831047454,1.1958908820390113,0.7999085240957593,0.10718860859946844,-0.29262357352429613,DD,"H2,OOS,DD"
B,B136,B136k80d14,B136,10.0,D,0,0,True,27.488409461182915,0.0922177524414185,0.801580538906695,-0.18207469523619757,0.868437915463148,0.7387278681967065,0.7798556422940393,0.8192634353031154,0.09472239240846148,-0.18207469523619813,-,"H1,H2,OOS,CAGR"
B,B136,B136k80d14,B136,10.0,W,0,0,True,11.599078510027534,0.10958908563023617,0.9192075731341736,-0.2077706115562058,1.0634852963947337,0.7872708592934657,0.9928757458238358,0.8601513844999991,0.102966351997551,-0.20777061155620558,-,"H2,OOS,DD"
B,B136,B136k80d14,B136,10.0,W,0,1,False,11.487233403068485,0.11019560973814158,0.9214063878716182,-0.19540465890989644,1.0517303700282556,0.8018049729238057,0.9849830947407726,0.8702445756179267,0.10448859166471958,-0.19540465890989667,-,"H2,OOS"
B,B136,B136k80d14,B136,10.0,W,0,2,False,11.320017886509442,0.1110256811952004,0.9312804334253008,-0.16230406530687924,1.02329519416369,0.8458042352600321,0.9458698283810999,0.9192574530585628,0.1100913962261918,-0.16230406530687957,-,-
B,B136,B136k80d14,B136,10.0,W,0,3,False,11.445218370802104,0.11424644568777209,0.940855997631009,-0.20752374198469492,1.0369792209632027,0.8545258723029608,0.9493561367324828,0.9341680316396708,0.1151167009574714,-0.20752374198469525,-,DD
B,B136,B136k80d14,B136,10.0,W,0,4,False,11.524509277121545,0.10241612756714824,0.8682211560667773,-0.21217533826864743,0.9346240972948353,0.807502023890218,0.8352290410905671,0.8947794131525056,0.106979561997945,-0.21217533826864732,DD,"H1,H2,DD,CAGR"
B,B136,B136k80d14,B136,10.0,M,0,0,True,5.450554748841719,0.12794851174867516,0.9979044425114765,-0.2517101594490435,1.092727587555268,0.9213274447796708,1.0086069010369356,0.9916588636138609,0.1323022318849929,-0.25171015944904374,DD,DD
B,B136,B136k80d14,B136,10.0,M,0,1,False,5.425817722083381,0.12417851303491423,0.9687716282159569,-0.2532665280556283,1.0762396372182346,0.8809374673756747,0.9821497169860328,0.9604702054981729,0.12804375098006449,-0.25326652805562844,DD,DD
B,B136,B136k80d14,B136,10.0,M,0,2,False,5.400953404624604,0.12338680363156862,0.9563402724003179,-0.2661427810507552,1.0486161156505325,0.8828789087391551,0.9388986111349833,0.9713622197620155,0.1312207921075088,-0.26614278105075484,DD,DD
B,B136,B136k80d14,B136,10.0,M,0,3,False,5.359012466952129,0.1236859261651646,0.9605149881085754,-0.2659553143168085,1.0617709528496422,0.8808539650033329,0.9565685628889945,0.9658405552588563,0.13045905125179735,-0.2659553143168083,DD,DD
B,B136,B136k80d14,B136,10.0,M,0,4,False,5.326702063133618,0.12299132041729322,0.9653257576427314,-0.25899018062672075,1.1238702195270276,0.8340459343130523,1.0198963944293664,0.9264833395563731,0.12241848673234856,-0.25899018062672063,DD,DD
B,B136,B136k80d14,B136,10.0,Q,0,0,True,3.0839453166311825,0.11351598196305002,0.8618797301666231,-0.2756314299639099,1.0534615607445035,0.7142525312043886,0.9307829305689953,0.8168872328449589,0.11333526115252957,-0.27563142996390977,DD,"H2,OOS,DD"
B,B136,B136k80d14,B136,10.0,Q,0,1,False,3.1390867163075504,0.10729706344105328,0.825494457886255,-0.2718350275964919,1.0079748144801897,0.6820877944885683,0.8920604828211206,0.7808856864746786,0.10639171974524664,-0.27183502759649214,DD,"H2,OOS,DD"
B,B136,B136k80d14,B136,10.0,Q,0,2,False,3.1104806996312435,0.11123858583058066,0.8487031744765832,-0.2720773972598862,0.9771532224729074,0.7496984195789421,0.8570081284172212,0.8461363970709752,0.11731880669349204,-0.27207739725988633,DD,"H2,OOS,DD"
B,B136,B136k80d14,B136,10.0,Q,0,3,False,3.085246107286709,0.11953512301769509,0.9134251082719831,-0.2678603233989727,1.0324075066078209,0.8236596178195894,0.9149399474997907,0.9161410632071963,0.12717264021515606,-0.2678603233989727,DD,"H2,DD"
B,B136,B136k80d14,B136,10.0,Q,0,4,False,2.9909721603237176,0.11953948828025385,0.9141797010926689,-0.2732764168313654,1.0617626876881272,0.7955823185739337,0.9516872078017843,0.8892726151284386,0.12163119810193312,-0.27327641683136583,DD,"H2,DD"
B,B136,B136k80d15,B136,10.0,D,0,0,True,26.59653923445375,0.10528236080992426,0.8839045386538098,-0.18249304504503527,0.9693597953585762,0.8031028194897015,0.8830415283389397,0.8844357100648915,0.1055421476648486,-0.1824930450450356,-,"H2,CAGR"
B,B136,B136k80d15,B136,10.0,W,0,0,True,11.142692499123608,0.11776291934782201,0.9530675577320091,-0.20366252888019165,1.0908517850116468,0.8263940101086259,1.0025189120650173,0.9132930129617389,0.11353093058108166,-0.20366252888019165,-,"H2,DD"
B,B136,B136k80d15,B136,10.0,W,0,1,False,10.956746345135896,0.12574326984887985,1.0175615580394115,-0.20391075314936813,1.1826654687441964,0.8659374804522502,1.1084342024525446,0.9446608325880224,0.11706189693492441,-0.2039107531493679,-,DD
B,B136,B136k80d15,B136,10.0,W,0,2,False,11.083053787546788,0.12699695497521502,1.0294310772210908,-0.16449505230382577,1.175034499690804,0.8925808503589979,1.0923734596726695,0.9777993537587794,0.12034645541650857,-0.16449505230382544,-,-
B,B136,B136k80d15,B136,10.0,W,0,3,False,11.141208550181458,0.12522385873830544,1.0016566893958259,-0.2152497559825025,1.174231994419164,0.8475752669689585,1.0847895641367757,0.9366974797053833,0.11857183107967928,-0.21524975598250273,DD,DD
B,B136,B136k80d15,B136,10.0,W,0,4,False,11.203257276749046,0.10894309277689707,0.8994153169398577,-0.21358715832494057,1.0433908734535366,0.7666937681655382,0.940285924717567,0.8664574443460618,0.10557364617689013,-0.21358715832494057,DD,"H2,OOS,DD"
B,B136,B136k80d15,B136,10.0,M,0,0,True,5.286576465681571,0.13607792241720862,1.0367848633785346,-0.24327044151273336,1.1787199505460693,0.9138619740607604,1.0727912323972986,1.0096155734841552,0.13571391080314488,-0.24327044151273314,DD,DD
B,B136,B136k80d15,B136,10.0,M,0,1,False,5.30434383362069,0.1325099503065683,0.9939357207344245,-0.28265920760195185,1.2213050185892949,0.8032289997162286,1.1160020923370504,0.9041779700989825,0.1237817945681976,-0.2826592076019515,DD,"H2,DD"
B,B136,B136k80d15,B136,10.0,M,0,2,False,5.2158429212017925,0.12989998951641546,0.9769716348801252,-0.27645947587709074,1.176316694546538,0.8126169063998057,1.0768665736506327,0.9050282132347428,0.12440052974576976,-0.27645947587709063,DD,"H2,DD"
B,B136,B136k80d15,B136,10.0,M,0,3,False,5.2277729133810835,0.12960605109002166,0.9730545837390762,-0.2712223453865674,1.183231728538816,0.8004037899064915,1.0628626489370698,0.909057071527701,0.12553543612312423,-0.2712223453865672,DD,"H2,DD"
B,B136,B136k80d15,B136,10.0,M,0,4,False,5.21092757534384,0.13439737419023068,1.0178405648208053,-0.2671170264965924,1.2532752118103698,0.82405829732542,1.1384900489940024,0.9315511928875859,0.12734843259852924,-0.2671170264965922,DD,"H2,DD"
B,B136,B136k80d15,B136,10.0,Q,0,0,True,3.0029412340067703,0.11455954610025243,0.85970739579609,-0.2668737196040757,1.1593244688012898,0.6176089404711799,1.0270893571613093,0.741823459407266,0.1018846079600606,-0.26687371960407547,DD,"H2,OOS,DD"
B,B136,B136k80d15,B136,10.0,Q,0,1,False,3.0550708719705866,0.11691886958134678,0.8782435325702691,-0.2628241139816312,1.145594814486085,0.6584713272769643,1.0262220257736496,0.7722137654042749,0.10575976699981426,-0.26282411398163075,DD,"H2,OOS,DD"
B,B136,B136k80d15,B136,10.0,Q,0,2,False,3.0101643686048343,0.12217767069256347,0.9076496813161734,-0.27741961032210105,1.1284184795354362,0.7285206243945278,1.017093570658081,0.8304975279547757,0.11595066074222249,-0.27741961032210105,DD,"H2,OOS,DD"
B,B136,B136k80d15,B136,10.0,Q,0,3,False,2.990022268674931,0.12335280294543072,0.9226814357715722,-0.2647295100891781,1.1799375315616425,0.712608729475829,1.0606173956657805,0.8248635984820665,0.1140351902806882,-0.2647295100891779,DD,"H2,OOS,DD"
B,B136,B136k80d15,B136,10.0,Q,0,4,False,2.9537791302849024,0.12560219410514595,0.9367177682814825,-0.2817356998197311,1.1915266540770648,0.7309023288396781,1.069192797677425,0.8440242026447237,0.11751714105685718,-0.281735699819731,DD,"H2,OOS,DD"
C,u56|COMP|10,u56|COMP|10,U56,10.0,D,0,0,True,24.645039936996593,0.08259457177486018,0.8656307643918748,-0.1367545318229555,0.8446056002707827,0.8871056359253154,0.7371738057387234,0.9650316436180686,0.09608800656556005,-0.1367545318229555,-,"H1,CAGR"
C,u56|COMP|10,u56|COMP|10,U56,10.0,W,0,0,True,10.62238050611588,0.09895662357435064,0.9958280541493006,-0.17382001834748284,1.053585234861429,0.9496472629699371,0.9530363727473082,1.0296500468443774,0.1065684471745425,-0.17382001834748284,DD,CAGR
C,u56|COMP|10,u56|COMP|10,U56,10.0,W,0,1,False,10.354422521855128,0.10017751606546432,1.010954511800319,-0.15738114339677878,1.0562959492106534,0.974101428248901,0.9729957686680665,1.0410615139702715,0.10677716168700768,-0.157381143396779,DD,CAGR
C,u56|COMP|10,u56|COMP|10,U56,10.0,W,0,2,False,10.350943351831436,0.10377019594539472,1.0512600797714282,-0.11974440426412014,1.0569249672414565,1.0499020047126832,0.9631303322201832,1.119776539923654,0.11507147442680843,-0.11974440426411992,-,CAGR
C,u56|COMP|10,u56|COMP|10,U56,10.0,W,0,3,False,10.292257932988806,0.09925891280748633,0.9928218644438999,-0.17068994465666387,1.0209416302507937,0.973831603174411,0.9116398301848004,1.0553626836921581,0.11096276703276864,-0.1706899446566641,DD,CAGR
C,u56|COMP|10,u56|COMP|10,U56,10.0,W,0,4,False,10.404884644981902,0.09288461877858367,0.95394832475236,-0.1467901903271598,0.9069591425229075,0.998745636335871,0.8075986303241676,1.0667033927123417,0.10872495459819942,-0.14679019032715923,DD,"H1,CAGR"
C,u56|COMP|10,u56|COMP|10,U56,10.0,M,0,0,True,4.830159474391548,0.11301622523326604,1.0745058602630824,-0.1819486686536541,1.190628679009368,0.9803880129711084,1.1047330905827912,1.0540126634809854,0.11545025393752106,-0.18194866865365422,DD,-
C,u56|COMP|10,u56|COMP|10,U56,10.0,M,0,1,False,4.878761027817756,0.10829585059065239,1.0244873302888502,-0.18461219706657672,1.0810717223535624,0.9833248623976304,0.9850714618705944,1.056234769548631,0.1177249394799671,-0.18461219706657672,DD,-
C,u56|COMP|10,u56|COMP|10,U56,10.0,M,0,2,False,4.790053137753848,0.10914423805588802,1.03197986440654,-0.19619115324569736,1.0868482638638208,0.9961598986039631,0.9829782923997439,1.071395179462411,0.12097607087623374,-0.19619115324569747,DD,-
C,u56|COMP|10,u56|COMP|10,U56,10.0,M,0,3,False,4.8573652907709075,0.10458197528329749,0.9836519138820312,-0.20044946773121752,1.0143639996832057,0.9670180178089326,0.9060665190699272,1.0432221433639517,0.11853115077671972,-0.20044946773121752,DD,CAGR
C,u56|COMP|10,u56|COMP|10,U56,10.0,M,0,4,False,4.932194314244984,0.10411786918877453,0.9837766071043756,-0.2129434126307852,1.0390316837185112,0.9467678024803617,0.9258623021658386,1.0292764814039828,0.1162195761703888,-0.2129434126307852,DD,"DD,CAGR"
C,u56|COMP|10,u56|COMP|10,U56,10.0,Q,0,0,True,2.511264981358619,0.10373771621086658,0.9112962151704832,-0.2504781223414686,1.2137045421095396,0.685164711239714,1.1244929471265042,0.7702811368935917,0.09213317061496773,-0.2504781223414688,"H2,DD","H2,OOS,DD,CAGR"
C,u56|COMP|10,u56|COMP|10,U56,10.0,Q,0,1,False,2.5551009896488104,0.1003602849129357,0.887277417189352,-0.24435315999216467,1.1144416100277805,0.7229283695690863,1.017149119403669,0.8053010709438165,0.09700531447917227,-0.24435315999216478,DD,"H2,OOS,DD,CAGR"
C,u56|COMP|10,u56|COMP|10,U56,10.0,Q,0,2,False,2.528593751186911,0.1060131440178993,0.928614422069446,-0.25479554612929955,1.1475075446407133,0.7727232964905406,1.0456555296806902,0.8567391045243145,0.10470128667144651,-0.25479554612929967,DD,"H2,OOS,DD,CAGR"
C,u56|COMP|10,u56|COMP|10,U56,10.0,Q,0,3,False,2.518222287965947,0.10440076784749941,0.914964069158781,-0.2546926695821664,1.1381903449752784,0.7521314023391433,1.0408545101319195,0.834531314159874,0.1011866839627642,-0.2546926695821665,DD,"H2,OOS,DD,CAGR"
C,u56|COMP|10,u56|COMP|10,U56,10.0,Q,0,4,False,2.537382298215651,0.10048945690938149,0.8948813840728252,-0.25493192187165414,1.1503527195884524,0.7030340122132133,1.0526207398762168,0.7914057379873255,0.09383945626198131,-0.25493192187165403,DD,"H2,OOS,DD,CAGR"
C,u56|COMP|25,u56|COMP|25,U56,25.0,D,0,0,True,24.645039936996593,0.043311332484810006,0.48506753734957425,-0.15838033931757522,0.4514504215204835,0.5164060923033588,0.34994637169089604,0.5891264551172141,0.05555497656536179,-0.15420887275336326,"H1,H2,DD","H1,H2,OOS,CAGR"
C,u56|COMP|25,u56|COMP|25,U56,25.0,W,0,0,True,10.62238050611588,0.08158951573489359,0.8360675632017025,-0.17514814909630116,0.8870732801302403,0.7950958772280613,0.7898237525758992,0.8722693703429657,0.08868244783226964,-0.17514814909630128,DD,"H1,H2,OOS,CAGR"
C,u56|COMP|25,u56|COMP|25,U56,25.0,W,0,1,False,10.354422521855128,0.08322208955965049,0.8541841162695829,-0.1591928847722811,0.8940795842265941,0.8215635900126266,0.81317830669548,0.8864834986074501,0.08938640417362786,-0.15919288477228133,DD,"H1,H2,CAGR"
C,u56|COMP|25,u56|COMP|25,U56,25.0,W,0,2,False,10.350943351831436,0.08676192450620346,0.8930015134553614,-0.12152447909068476,0.893639348122561,0.8955702076084848,0.8025828834306327,0.9630373109021189,0.09752636897092737,-0.12152447909068442,-,"H1,CAGR"
C,u56|COMP|25,u56|COMP|25,U56,25.0,W,0,3,False,10.292257932988806,0.08242220388431476,0.8389730380031049,-0.17223054442002594,0.8609315370323954,0.8244578267744394,0.7537895085947894,0.904172005216931,0.09347667496295964,-0.1722305444200265,DD,"H1,H2,CAGR"
C,u56|COMP|25,u56|COMP|25,U56,25.0,W,0,4,False,10.404884644981902,0.07595928260763163,0.7945436714916264,-0.14905072466048463,0.7434691872261862,0.8423671565120148,0.6476445401545403,0.9075515767556904,0.09097589618514723,-0.1490507246604844,DD,"H1,CAGR"
C,u56|COMP|25,u56|COMP|25,U56,25.0,M,0,0,True,4.830159474391548,0.10498601055206924,1.0054999305183037,-0.18285730727061633,1.1195447212999072,0.9128085893398422,1.0348677986225527,0.9855024398558867,0.10710469605630846,-0.18285730727061644,DD,CAGR
C,u56|COMP|25,u56|COMP|25,U56,25.0,M,0,1,False,4.878761027817756,0.10020602929772782,0.954448425442112,-0.18545615250349234,1.0068183134623745,0.916261599935265,0.9117156194227728,0.9884207288778566,0.10938374874529022,-0.18545615250349234,DD,CAGR
C,u56|COMP|25,u56|COMP|25,U56,25.0,M,0,2,False,4.790053137753848,0.10120435259475147,0.9639203016468026,-0.19685052469707576,1.0154335008280824,0.930257413765794,0.9122638899085176,1.0049309972904976,0.11265631367621554,-0.19685052469707598,DD,CAGR
C,u56|COMP|25,u56|COMP|25,U56,25.0,M,0,3,False,4.8573652907709075,0.09655751800671886,0.9149157156265338,-0.20099903415592635,0.9429382695846927,0.8999812515881287,0.8354936237913853,0.9755032895965613,0.11007094043670174,-0.2009990341559259,DD,"H1,CAGR"
C,u56|COMP|25,u56|COMP|25,U56,25.0,M,0,4,False,4.932194314244984,0.09598073056142953,0.9141727853057404,-0.2134051118950987,0.9643648579807566,0.8806460774878828,0.8522792922911766,0.962217504908411,0.10777684938503729,-0.21340511189509914,DD,"DD,CAGR"
C,u56|COMP|25,u56|COMP|25,U56,25.0,Q,0,0,True,2.511264981358619,0.09958807932539604,0.8786594391405527,-0.2504781223414688,1.1786469600530538,0.6540810973765324,1.090835056860391,0.7381778921706683,0.08778997108490882,-0.25047812234146904,"H2,DD","H2,OOS,DD,CAGR"
C,u56|COMP|25,u56|COMP|25,U56,25.0,Q,0,1,False,2.5551009896488104,0.09615046354054346,0.8539175944347734,-0.24435315999216478,1.0769469002663667,0.6921798074567401,0.9799807973923865,0.7742127384714848,0.09275927804060924,-0.24435315999216478,DD,"H2,OOS,DD,CAGR"
C,u56|COMP|25,u56|COMP|25,U56,25.0,Q,0,2,False,2.528593751186911,0.10182143313872127,0.8954691644947838,-0.25479554612929933,1.1104440679649978,0.7419467162251275,1.0088989292053134,0.8256871637727643,0.10042714137860731,-0.25479554612929967,DD,"H2,OOS,DD,CAGR"
C,u56|COMP|25,u56|COMP|25,U56,25.0,Q,0,3,False,2.518222287965947,0.10023253532592036,0.882024645025531,-0.25469266958216663,1.1017236413167406,0.721653368658347,1.0050133204583556,0.8034102832525571,0.09696293554729296,-0.2546926695821661,DD,"H2,OOS,DD,CAGR"
C,u56|COMP|25,u56|COMP|25,U56,25.0,Q,0,4,False,2.537382298215651,0.0963093239910795,0.8615356273882089,-0.25493192187165403,1.113327257843417,0.6720457271833274,1.0157728346172223,0.7601980889367698,0.08964366030246373,-0.2549319218716539,"H2,DD","H2,OOS,DD,CAGR"
C,u56|MOM|10,u56|MOM|10,U56,10.0,D,0,0,True,22.259656211918276,0.10276525527961322,0.9418079642657908,-0.15822143066542116,1.0042117174286351,0.8944565694134626,0.9000984004528874,0.9752095523056998,0.112725914946876,-0.15822143066542138,DD,CAGR
C,u56|MOM|10,u56|MOM|10,U56,10.0,W,0,0,True,9.41973829606147,0.11500484158799162,1.0255625735126057,-0.17416306963643702,1.09283084727324,0.9766764058824329,0.9997012797629319,1.0482675838289948,0.12506822808515805,-0.17416306963643746,DD,-
C,u56|MOM|10,u56|MOM|10,U56,10.0,W,0,1,False,9.405999069581673,0.12226499775725519,1.084495923293697,-0.17374361475716382,1.1674354562507006,1.0216643487428096,1.087812248469982,1.0860175280659183,0.12956530481545725,-0.17374361475716404,DD,-
C,u56|MOM|10,u56|MOM|10,U56,10.0,W,0,2,False,9.569760140240126,0.12413112645326652,1.0947850507466168,-0.16410571188539502,1.0740276789985914,1.1193098396085037,1.0026862224135131,1.1652830293117142,0.14069060347798934,-0.12766122285043946,DD,-
C,u56|MOM|10,u56|MOM|10,U56,10.0,W,0,3,False,9.39455430178703,0.12071346577074693,1.0618304690367393,-0.1729728727505826,1.181193285010394,0.9720657555784749,1.0928750527479265,1.0448372567940651,0.12631258537720647,-0.17297287275058237,DD,-
C,u56|MOM|10,u56|MOM|10,U56,10.0,W,0,4,False,9.430298085275993,0.11418805504891005,1.0296152043140252,-0.16041322434688343,1.0966094489165397,0.9794334093176661,0.9916355369094318,1.0607064714521486,0.12479348714045546,-0.15049419318022417,DD,-
C,u56|MOM|10,u56|MOM|10,U56,10.0,M,0,0,True,4.224722187857388,0.13268713809214527,1.1227997873035445,-0.18654075774214618,1.22054664652882,1.0491933249145733,1.1428538179203767,1.1127474764171081,0.13926384993508,-0.1865407577421463,DD,-
C,u56|MOM|10,u56|MOM|10,U56,10.0,M,0,1,False,4.317909221120276,0.13046421978903178,1.098329210084389,-0.21184608024788443,1.1723807604122638,1.0462952814842006,1.0863037358495906,1.1119399066089912,0.14092663010158213,-0.21184608024788454,DD,DD
C,u56|MOM|10,u56|MOM|10,U56,10.0,M,0,2,False,4.258217396395547,0.1293764997286564,1.0709495330931549,-0.22332731730499145,1.1799863234724777,0.9975114884680729,1.0848092789286292,1.069366093538855,0.1396118894548557,-0.22332731730499167,DD,DD
C,u56|MOM|10,u56|MOM|10,U56,10.0,M,0,3,False,4.200473320385862,0.12627917553290469,1.0517309442823901,-0.2183660914568415,1.1048681127080855,1.0213203212586424,1.00565429780526,1.090513340971178,0.14180646964632926,-0.21836609145684183,DD,DD
C,u56|MOM|10,u56|MOM|10,U56,10.0,M,0,4,False,4.193018488164645,0.11958558603809344,1.0111061964559371,-0.2116852642307333,1.0805705536515149,0.9689088783697172,0.989626940750188,1.0335652096720935,0.13275491768851788,-0.21168526423073308,DD,DD
C,u56|MOM|10,u56|MOM|10,U56,10.0,Q,0,0,True,2.114235331147977,0.11519351055140903,0.9236701622167559,-0.2534134961875202,1.0867789445082687,0.813453055776144,0.9890846664629768,0.8895052256329846,0.1203228289440903,-0.2534134961875205,DD,"H2,DD"
C,u56|MOM|10,u56|MOM|10,U56,10.0,Q,0,1,False,2.156956307852082,0.11808829194313408,0.941071045863153,-0.25364422871208525,1.1250915434598487,0.8135603063997868,1.0269136882286227,0.8926316209388288,0.12095664350410029,-0.2536442287120849,DD,"H2,DD"
C,u56|MOM|10,u56|MOM|10,U56,10.0,Q,0,2,False,2.148755632134135,0.12252854356386877,0.9684680422344867,-0.25324134154810374,1.1360385545219989,0.8548409601812775,1.0449500778709686,0.9269210103501704,0.12698886456214442,-0.25324134154810374,DD,DD
C,u56|MOM|10,u56|MOM|10,U56,10.0,Q,0,3,False,2.0894562228456435,0.12768341855622434,1.0058683474657424,-0.26172550223641144,1.1823926576897497,0.887163238986072,1.0767823404462713,0.9691365481712927,0.13368062771438738,-0.26172550223641167,DD,DD
C,u56|MOM|10,u56|MOM|10,U56,10.0,Q,0,4,False,2.1315859673630086,0.12520392387916668,0.9930394024068444,-0.2803999078409821,1.1845277590726155,0.8634939607978451,1.0920020164256394,0.9387612773291296,0.12854770999504495,-0.2803999078409828,DD,DD
C,u56|MOM|25,u56|MOM|25,U56,25.0,D,0,0,True,22.259656211918276,0.06655884971391512,0.6390738892569431,-0.16377109344495744,0.6837426714868052,0.6049034724599724,0.5752381444689789,0.6875241473745362,0.07605283064875334,-0.16377109344495722,"H2,DD","H1,H2,OOS,CAGR"
C,u56|MOM|25,u56|MOM|25,U56,25.0,W,0,0,True,9.41973829606147,0.09936413836622515,0.8996080953079407,-0.17578508144939853,0.9600757206789042,0.8554526860217844,0.866080960454682,0.9272636071792292,0.10895510069723557,-0.1757850814493982,DD,CAGR
C,u56|MOM|25,u56|MOM|25,U56,25.0,W,0,1,False,9.405999069581673,0.10654196680930328,0.9583059143740171,-0.1758883516227876,1.035181880269313,0.8997180327190235,0.9541880642203042,0.964711826840893,0.11345381065002957,-0.1758883516227875,DD,CAGR
C,u56|MOM|25,u56|MOM|25,U56,25.0,W,0,2,False,9.569760140240126,0.10810714449467929,0.9668058226032409,-0.1733842474765066,0.9366308188782918,0.9984539996591081,0.8642087741377119,1.044457063751475,0.12449282755120494,-0.12954885726549592,DD,H1
C,u56|MOM|25,u56|MOM|25,U56,25.0,W,0,3,False,9.39455430178703,0.1050334828541497,0.9373270286349397,-0.1742357278504333,1.0476436364931918,0.8538841288265351,0.9596014414234247,0.9258891821622,0.11023251788647248,-0.1742357278504335,DD,CAGR
C,u56|MOM|25,u56|MOM|25,U56,25.0,W,0,4,False,9.430298085275993,0.09854173559446222,0.9020582478384426,-0.16857583325922254,0.9625811627358567,0.8565381488492069,0.8567523769415277,0.937991689700052,0.10873058599435925,-0.15210184479886268,DD,CAGR
C,u56|MOM|25,u56|MOM|25,U56,25.0,M,0,0,True,4.224722187857388,0.12553850619959395,1.0689217870147771,-0.18761698631321821,1.1650242212696365,0.9962371247592431,1.0883985763927966,1.0590348744539886,0.13164117216518356,-0.18761698631321777,DD,-
C,u56|MOM|25,u56|MOM|25,U56,25.0,M,0,1,False,4.317909221120276,0.12316270951673625,1.0430153456331488,-0.21274631965085955,1.1137737671018675,0.9931304144624669,1.0278261555974288,1.0585760073005799,0.13332316935941146,-0.21274631965085977,DD,DD
C,u56|MOM|25,u56|MOM|25,U56,25.0,M,0,2,False,4.258217396395547,0.12218719979820669,1.017793170812163,-0.22381867258514676,1.1240320302989277,0.9460375942493046,1.028935116971178,1.0177231744935844,0.13202497833335913,-0.22381867258514654,DD,DD
C,u56|MOM|25,u56|MOM|25,U56,25.0,M,0,3,False,4.200473320385862,0.1192014372405632,0.9987824888609749,-0.2187630963834415,1.0486744757068824,0.9704302171587192,0.9497564349954059,1.0392429663088218,0.1343431806776576,-0.2187630963834415,DD,DD
C,u56|MOM|25,u56|MOM|25,U56,25.0,M,0,4,False,4.193018488164645,0.11256548017981372,0.957921537337448,-0.21206719039571564,1.0219380374149485,0.9193170968442699,0.9313783948524355,0.9833751287488471,0.1254838220421708,-0.21206719039571542,DD,DD
C,u56|MOM|25,u56|MOM|25,U56,25.0,Q,0,0,True,2.114235331147977,0.11166570129342124,0.898749576174916,-0.2534134961875203,1.0598369253998552,0.7896476913771043,0.9631853783131153,0.864974606958589,0.11650667214189858,-0.25341349618752007,DD,"H2,OOS,DD"
C,u56|MOM|25,u56|MOM|25,U56,25.0,Q,0,1,False,2.156956307852082,0.1144769167006141,0.9155841737229291,-0.2536442287120847,1.0972026438190567,0.7894228232522704,0.99870669848821,0.8686538563134336,0.11722268584178974,-0.2536442287120848,DD,"H2,OOS,DD"
C,u56|MOM|25,u56|MOM|25,U56,25.0,Q,0,2,False,2.148755632134135,0.1189125704937406,0.9429781884179392,-0.2532413415481032,1.107945509772051,0.830888737215875,1.016693766510558,0.9029896764426635,0.12325727901459338,-0.2532413415481033,DD,"H2,DD"
C,u56|MOM|25,u56|MOM|25,U56,25.0,Q,0,3,False,2.0894562228456435,0.12414872082795458,0.9809084093415764,-0.26621109240718543,1.1551671279164897,0.8636153973985461,1.049182394434717,0.9456908686888804,0.13003807701175352,-0.2662110924071839,DD,DD
C,u56|MOM|25,u56|MOM|25,U56,25.0,Q,0,4,False,2.1315859673630086,0.1216134250967631,0.9678468459846887,-0.28460469265177235,1.1562123237801183,0.8401838511575828,1.063579282344731,0.915379213280278,0.12487238115190546,-0.28460469265177313,DD,DD
C,u56|R6|10,u56|R6|10,U56,10.0,D,0,0,True,23.78859598956055,0.09800939856455337,0.9177312702168992,-0.15978474134911214,0.9882130759577405,0.8586749480211817,0.8890172622611574,0.9407815212806747,0.10453691628290773,-0.15978474134911236,DD,CAGR
C,u56|R6|10,u56|R6|10,U56,10.0,W,0,0,True,10.554507340053375,0.11703033364819815,1.0566200404110189,-0.17512145210009233,1.1215351940624225,1.0051056342028888,1.0269655435418068,1.0809178145630913,0.12545617074258164,-0.17512145210009222,DD,-
C,u56|R6|10,u56|R6|10,U56,10.0,W,0,1,False,10.497155897378848,0.1153376101650625,1.036979542544908,-0.17742205036649938,1.1045989322852867,0.9818585113503799,1.021569010806272,1.0502956310983462,0.12173161980300273,-0.1774220503664995,DD,-
C,u56|R6|10,u56|R6|10,U56,10.0,W,0,2,False,10.49294706527367,0.12395987657610763,1.1055505895566557,-0.1306110952477727,1.1470523636381054,1.0739599556119424,1.0527817744707837,1.147120845066059,0.13467438802801457,-0.13061109524777215,-,-
C,u56|R6|10,u56|R6|10,U56,10.0,W,0,3,False,10.494167155368968,0.11543625125892643,1.033951759155939,-0.1767744318086666,1.0624560109511563,1.015407513537053,0.9531184036397625,1.0961463195635104,0.1295233803325393,-0.17677443180866637,DD,-
C,u56|R6|10,u56|R6|10,U56,10.0,W,0,4,False,10.716237416907708,0.1074544839066538,0.9863339952390237,-0.1599046645178982,1.006217442444578,0.9729335235066495,0.897859077557975,1.054517020471781,0.12053492423282308,-0.1599046645178982,DD,-
C,u56|R6|10,u56|R6|10,U56,10.0,M,0,0,True,4.816147001919093,0.13610239002183455,1.1557023983662509,-0.18813402344981878,1.2279306398877199,1.101736970155847,1.1417978991339763,1.169519205443047,0.14556412540011476,-0.18813402344981867,DD,-
C,u56|R6|10,u56|R6|10,U56,10.0,M,0,1,False,4.890602449923681,0.12940542343645145,1.0939981447581633,-0.19937662201643003,1.137815988574565,1.066052108518753,1.049541137615829,1.1303716404163264,0.14265670394688357,-0.19937662201643036,DD,-
C,u56|R6|10,u56|R6|10,U56,10.0,M,0,2,False,4.853979555810357,0.12206755767212041,1.00428578830161,-0.2312392085964453,1.1157283935654376,0.9310892233657794,1.0271952084561415,0.9972720963648254,0.13141541139261936,-0.23123920859644542,DD,DD
C,u56|R6|10,u56|R6|10,U56,10.0,M,0,3,False,4.825529902008165,0.12209758535868165,1.0092669356108248,-0.23137379625264898,1.0975744530925786,0.9538417949064301,1.0060234115292286,1.0197811451426004,0.13402156985426084,-0.23137379625264942,DD,DD
C,u56|R6|10,u56|R6|10,U56,10.0,M,0,4,False,4.776767441810433,0.12400485165603836,1.0356678892264972,-0.21627102778702345,1.1162936740886822,0.9851754506496695,1.018642554220021,1.0552826446455588,0.13717445459355315,-0.21627102778702356,DD,DD
C,u56|R6|10,u56|R6|10,U56,10.0,Q,0,0,True,2.535494036104643,0.1330236755819334,1.0372497617003082,-0.260436167594694,1.191362089893047,0.9320767150695606,1.0762566523827326,1.0197353687570592,0.14163171860316348,-0.2604361675946939,DD,DD
C,u56|R6|10,u56|R6|10,U56,10.0,Q,0,1,False,2.610288181426969,0.13291707376812978,1.0451644144092822,-0.25137285175869617,1.1753001229754985,0.961198792330681,1.0585053835558675,1.0461054746690903,0.14509172897283507,-0.25137285175869617,DD,DD
C,u56|R6|10,u56|R6|10,U56,10.0,Q,0,2,False,2.6005172622185224,0.13734717773939886,1.0720095374701046,-0.2624484411293918,1.2165341098657276,0.9797547633337376,1.1062899765186753,1.060552670352393,0.14855055026889552,-0.2624484411293918,DD,DD
C,u56|R6|10,u56|R6|10,U56,10.0,Q,0,3,False,2.5846352588844925,0.14195438980136355,1.1116474319962013,-0.26231987413171487,1.2798796970373514,1.002790973546978,1.1749700048228302,1.081852038961962,0.1508684042014663,-0.26231987413171476,DD,DD
C,u56|R6|10,u56|R6|10,U56,10.0,Q,0,4,False,2.6083864379199246,0.13716165083280196,1.0852350585348263,-0.26896720784611916,1.317002098454123,0.9288341358783204,1.2077108844600846,1.017433236925825,0.13990876796601825,-0.26896720784611916,DD,DD
C,u56|R6|25,u56|R6|25,U56,25.0,D,0,0,True,23.78859598956055,0.05952710164231245,0.5881008831224854,-0.17670928094491123,0.6483308216502371,0.537011306099494,0.5463505497769605,0.6205312451479184,0.0655160465374871,-0.1645661746956536,"H2,DD","H1,H2,OOS,CAGR"
C,u56|R6|25,u56|R6|25,U56,25.0,W,0,0,True,10.554507340053375,0.09949173189111615,0.9134335062366143,-0.1765349335555354,0.9714144356959102,0.8673083691958519,0.8752668148770305,0.9437658959526957,0.10777275031547928,-0.1765349335555355,DD,CAGR
C,u56|R6|25,u56|R6|25,U56,25.0,W,0,1,False,10.497155897378848,0.09791096240530028,0.8948804036398764,-0.17926543441099374,0.9546604444942529,0.8460267217726261,0.8708499874527093,0.9144366878738704,0.10427733916227844,-0.17926543441099396,DD,"H1,CAGR"
C,u56|R6|25,u56|R6|25,U56,25.0,W,0,2,False,10.49294706527367,0.10640739355278828,0.9636583431158537,-0.1343934711608935,0.999772450589021,0.9362660256576499,0.905319938756796,1.009135222478126,0.11677908943040571,-0.13439347116089373,-,CAGR
C,u56|R6|25,u56|R6|25,U56,25.0,W,0,3,False,10.494167155368968,0.09801785990834033,0.8928042154882168,-0.1781983089871383,0.9119968101384416,0.8813679891077955,0.8026640196312405,0.9614435861188395,0.11180976040268065,-0.1781983089871383,DD,"H1,CAGR"
C,u56|R6|25,u56|R6|25,U56,25.0,W,0,4,False,10.716237416907708,0.08979371875898767,0.8391773901394787,-0.16485606081303872,0.8542234940765452,0.8293761552730291,0.7457773319428441,0.9108165213944668,0.10235052006488576,-0.16214521756963152,DD,"H1,H2,CAGR"
C,u56|R6|25,u56|R6|25,U56,25.0,M,0,0,True,4.816147001919093,0.12793053463633308,1.0937468974046314,-0.1890406796789995,1.161131986617069,1.0435219687297674,1.0759068318908025,1.11022881446928,0.13724887116018913,-0.18904067967899985,DD,-
C,u56|R6|25,u56|R6|25,U56,25.0,M,0,1,False,4.890602449923681,0.1211408419938127,1.0307247708904745,-0.20012323063679427,1.0680158914469804,1.0076092225210913,0.9803617473170302,1.0710274002760345,0.13429613860323153,-0.20012323063679438,DD,-
C,u56|R6|25,u56|R6|25,U56,25.0,M,0,2,False,4.853979555810357,0.11392744587491554,0.9444841269574116,-0.23172342224818576,1.0486047283589912,0.8762283545438148,0.9608971281624868,0.941368990806349,0.12309910130049073,-0.23172342224818576,DD,DD
C,u56|R6|25,u56|R6|25,U56,25.0,M,0,3,False,4.825529902008165,0.11400135913551268,0.9492942402611874,-0.23176020014199006,1.0299129499667254,0.8991695213018203,0.9386316486065541,0.9643413585667858,0.1258376522951592,-0.23176020014199006,DD,DD
C,u56|R6|25,u56|R6|25,U56,25.0,M,0,4,False,4.776767441810433,0.1159800323961453,0.9756805521856242,-0.21667839162657654,1.0483690080674928,0.9306175565370164,0.9506309111520429,1.0002332098865179,0.1290853033465893,-0.21667839162657632,DD,DD
C,u56|R6|25,u56|R6|25,U56,25.0,Q,0,0,True,2.535494036104643,0.12872600486895758,1.0077002210931483,-0.2604361675946939,1.157922423030812,0.9051534743104162,1.0440538953661962,0.9917395835369465,0.1371837592636289,-0.26043616759469435,DD,DD
C,u56|R6|25,u56|R6|25,U56,25.0,Q,0,1,False,2.610288181426969,0.1284886002305401,1.0141911251727713,-0.2513728517586963,1.1393530712528024,0.9334904729340253,1.0223873810741027,1.0182241403817034,0.1406805429957514,-0.2513728517586963,DD,DD
C,u56|R6|25,u56|R6|25,U56,25.0,Q,0,2,False,2.6005172622185224,0.13291277524236644,1.040975803433308,-0.2624484411293918,1.1804468540958102,0.9519012736233428,1.070054944722975,1.0325559067519718,0.14410519284829726,-0.2624484411293917,DD,DD
C,u56|R6|25,u56|R6|25,U56,25.0,Q,0,3,False,2.5846352588844925,0.1375311611126795,1.080647247558814,-0.262319874131715,1.244342814758848,0.9748075080925308,1.139346699106808,1.0535805367408457,0.14642499396979813,-0.26231987413171487,DD,DD
C,u56|R6|25,u56|R6|25,U56,25.0,Q,0,4,False,2.6083864379199246,0.1327197014559225,1.0539202831160026,-0.26896720784611916,1.281083905690223,0.9003753182537557,1.1719096419673358,0.9886882882157776,0.13541760465453523,-0.26896720784611916,DD,DD
C,broad|COMP|10,broad|COMP|10,B136,10.0,D,0,0,True,38.23491421020212,0.06377034532260772,0.6611183955202731,-0.16051074306603996,0.8910363171486196,0.4579691602933158,0.8388352893241542,0.5241520144916061,0.05039667429218797,-0.16051074306604007,H2,"H1,H2,OOS,CAGR"
C,broad|COMP|10,broad|COMP|10,B136,10.0,W,0,0,True,17.808370476174613,0.08683553647757303,0.8543369119499937,-0.1740261365707858,1.0757848856331245,0.6639898992012431,0.9956867517224206,0.7476459076318237,0.07738470240603612,-0.17402613657078558,-,"H2,OOS,CAGR"
C,broad|COMP|10,broad|COMP|10,B136,10.0,W,0,1,False,17.56736458589714,0.0893007635028722,0.8766775075829841,-0.16760032197738406,1.09986681955778,0.6810777834180827,1.0271285018565213,0.7614918072624943,0.07858623113866559,-0.16760032197738406,-,"H2,OOS,CAGR"
C,broad|COMP|10,broad|COMP|10,B136,10.0,W,0,2,False,17.468077387004126,0.09372830701728097,0.9121075808763068,-0.14957349238302053,1.1682962750006847,0.6942823060214103,1.0872941142899981,0.7818803235681739,0.08208209415546897,-0.14957349238302053,-,"H2,OOS,CAGR"
C,broad|COMP|10,broad|COMP|10,B136,10.0,W,0,3,False,17.565653381002505,0.09003054452776116,0.8773856744567686,-0.1723640173849338,1.1536627964769706,0.6369302203487236,1.0892907816094464,0.7158480053266406,0.0740056813205272,-0.17236401738493357,-,"H2,OOS,CAGR"
C,broad|COMP|10,broad|COMP|10,B136,10.0,W,0,4,False,17.797353405838447,0.0771463084524775,0.7633822784215228,-0.17679841703050603,1.065256306429802,0.5047977731570484,0.9931229906725787,0.5909445971276666,0.05997338349561332,-0.17679841703050603,H2,"H2,OOS,CAGR"
C,broad|COMP|10,broad|COMP|10,B136,10.0,M,0,0,True,8.665279045710681,0.10739801520352432,0.9943373122957979,-0.185665619182368,1.154155814137806,0.8582453950821458,1.0801291862039866,0.9301442996969937,0.10315643049565182,-0.185665619182368,-,-
C,broad|COMP|10,broad|COMP|10,B136,10.0,M,0,1,False,8.830587585277641,0.1050263199625685,0.9771326102197264,-0.19793134945499002,1.184478667132559,0.7960833345732425,1.090238311142622,0.890615734411288,0.09747706701667092,-0.1979313494549898,-,"H2,CAGR"
C,broad|COMP|10,broad|COMP|10,B136,10.0,M,0,2,False,8.810092076408527,0.10014943250749941,0.9175943830089305,-0.21481501617360454,1.2181621028238088,0.6697754618112729,1.126274525906557,0.7665961242351084,0.08583804153271446,-0.21481501617360454,DD,"H2,OOS,DD,CAGR"
C,broad|COMP|10,broad|COMP|10,B136,10.0,M,0,3,False,8.76980429654215,0.09784818491211,0.8979664426422037,-0.20814833616650008,1.152325418446868,0.6868222098358009,1.0556706217354122,0.7828394681418522,0.08764005521563534,-0.20814833616650052,-,"H2,OOS,DD,CAGR"
C,broad|COMP|10,broad|COMP|10,B136,10.0,M,0,4,False,8.64037881144207,0.09803711634645262,0.8870346794923814,-0.23424128880730155,1.1661133691513772,0.6657418667221219,1.0569835702195078,0.7682786702449261,0.08819555375031962,-0.23424128880730188,DD,"H2,OOS,DD,CAGR"
C,broad|COMP|10,broad|COMP|10,B136,10.0,Q,0,0,True,4.106808820132303,0.09608699246610986,0.8236986156378104,-0.26881355234995763,1.0963216313304671,0.6083459264115463,1.0249087881473526,0.6842089118755178,0.0824975752351298,-0.26881355234995774,DD,"H2,OOS,DD,CAGR"
C,broad|COMP|10,broad|COMP|10,B136,10.0,Q,0,1,False,4.2025708457924305,0.09479493462236444,0.81449114626713,-0.26302440752059275,1.0755823135096827,0.609904604605556,1.0010001246744118,0.6866798514054449,0.08297859016666331,-0.26302440752059275,DD,"H2,OOS,DD,CAGR"
C,broad|COMP|10,broad|COMP|10,B136,10.0,Q,0,2,False,4.160724994829989,0.09927638381192927,0.847527548546712,-0.26277505720882033,1.15249269315813,0.6117114033019757,1.0640565604182723,0.7005815610369618,0.08529128934874142,-0.26277505720882055,DD,"H2,OOS,DD,CAGR"
C,broad|COMP|10,broad|COMP|10,B136,10.0,Q,0,3,False,4.213842560464062,0.10285698043508673,0.8754543962308204,-0.2627016979336688,1.1541544331299896,0.6603588678185558,1.0719017379132991,0.7425076831995211,0.09102958802436079,-0.2627016979336695,DD,"H2,OOS,DD,CAGR"
C,broad|COMP|10,broad|COMP|10,B136,10.0,Q,0,4,False,4.152498730918605,0.10035576542898772,0.8669222056233385,-0.2657613933383347,1.173447483308916,0.6325662797278995,1.0890212172305145,0.7183337752193285,0.08683654980474675,-0.26576139333833493,DD,"H2,OOS,DD,CAGR"
C,broad|COMP|25,broad|COMP|25,B136,25.0,D,0,0,True,38.23491421020212,0.00447858776274912,0.0948836374726879,-0.2503399470761736,0.3003414485167918,-0.08809825020940949,0.26830209703204033,-0.03918709268154297,-0.009490534638361692,-0.25033994707617335,"H1,H2,DD","H1,H2,OOS,DD,CAGR"
C,broad|COMP|25,broad|COMP|25,B136,25.0,W,0,0,True,17.808370476174613,0.05818417113298868,0.5964393240811897,-0.1756427706878908,0.8050417444080042,0.41634245746853915,0.7361313000155301,0.49074527749987157,0.048103289393164106,-0.17564277068789058,H2,"H1,H2,OOS,CAGR"
C,broad|COMP|25,broad|COMP|25,B136,25.0,W,0,1,False,17.56736458589714,0.06096662706561973,0.6219882646478506,-0.19432664687739887,0.8345568101471842,0.4347273931392795,0.7721176292142092,0.5066187640691732,0.049623925696552273,-0.19432664687739987,H2,"H1,H2,OOS,CAGR"
C,broad|COMP|25,broad|COMP|25,B136,25.0,W,0,2,False,17.468077387004126,0.06543318405327692,0.6596966484925386,-0.1576962171873989,0.9051465138704174,0.4503561219873232,0.8347220763071095,0.5295336632369407,0.05299301118021038,-0.15769621718739768,H2,"H1,H2,OOS,CAGR"
C,broad|COMP|25,broad|COMP|25,B136,25.0,W,0,3,False,17.565653381002505,0.061674852058116736,0.6243174447999847,-0.17490026532618574,0.8894658801714997,0.3926821330306525,0.8371987252057608,0.4616930243047895,0.0450106306287128,-0.17490026532618574,H2,"H1,H2,OOS,CAGR"
C,broad|COMP|25,broad|COMP|25,B136,25.0,W,0,4,False,17.797353405838447,0.048762745490605885,0.507358238732679,-0.1897788611222695,0.793488415298142,0.2610424326582036,0.7337300793881122,0.33692832852963284,0.031167493777650268,-0.18977886112226938,H2,"H1,H2,OOS,CAGR"
C,broad|COMP|25,broad|COMP|25,B136,25.0,M,0,0,True,8.665279045710681,0.09309429439009853,0.8740554372003981,-0.1866511883867984,1.0262250402769304,0.7441276973011276,0.9586637182191821,0.8105448931673451,0.08845808067714134,-0.18665118838679884,-,"H2,OOS,CAGR"
C,broad|COMP|25,broad|COMP|25,B136,25.0,M,0,1,False,8.830587585277641,0.0904601297739478,0.8526990695292692,-0.1989210467131879,1.055628247528794,0.6749444902798877,0.9661367442407465,0.7657426039466829,0.08247827253945528,-0.19892104671318755,-,"H2,OOS,CAGR"
C,broad|COMP|25,broad|COMP|25,B136,25.0,M,0,2,False,8.810092076408527,0.08570434654459635,0.7978329307772332,-0.21545841365969864,1.0897578918538702,0.5563279127714373,1.0027604380373787,0.6492540136021305,0.07115773449264173,-0.2154584136596992,DD,"H2,OOS,DD,CAGR"
C,broad|COMP|25,broad|COMP|25,B136,25.0,M,0,3,False,8.76980429654215,0.0834814293763928,0.7778702884464835,-0.20895520399545975,1.0258174674576102,0.5718067502544761,0.9342043491243108,0.6637012769529175,0.0728835766132323,-0.20895520399545986,-,"H2,OOS,DD,CAGR"
C,broad|COMP|25,broad|COMP|25,B136,25.0,M,0,4,False,8.64037881144207,0.08389148619312792,0.7713462443056744,-0.23495392853389374,1.0396200724522868,0.5576039812959421,0.9356277034751539,0.6560435582091036,0.07374671731213556,-0.23495392853389407,DD,"H2,OOS,DD,CAGR"
C,broad|COMP|25,broad|COMP|25,B136,25.0,Q,0,0,True,4.106808820132303,0.08934992841070288,0.7720584248866932,-0.26881355234995763,1.0401405967010142,0.5601246733064403,0.9723064439543895,0.6331396933217849,0.0755050940029458,-0.2688135523499574,DD,"H2,OOS,DD,CAGR"
C,broad|COMP|25,broad|COMP|25,B136,25.0,Q,0,1,False,4.2025708457924305,0.08790758853507796,0.7615137013897815,-0.26302440752059275,1.0179886036086427,0.5600552789327912,0.9449404725998237,0.635567300300939,0.07594978792438001,-0.2630244075205933,DD,"H2,OOS,DD,CAGR"
C,broad|COMP|25,broad|COMP|25,B136,25.0,Q,0,2,False,4.160724994829989,0.09242634833201002,0.7949637996622866,-0.26277505720882033,1.094740480428236,0.5624664822046322,1.0081886545932082,0.6499241577932257,0.0782846224639615,-0.2627750572088201,DD,"H2,OOS,DD,CAGR"
C,broad|COMP|25,broad|COMP|25,B136,25.0,Q,0,3,False,4.213842560464062,0.09589566104748193,0.8220598145845485,-0.2627016979336694,1.0960258961657616,0.6104127682988769,1.0152137226945088,0.6912436806602791,0.08395816906587039,-0.2627016979336694,DD,"H2,OOS,DD,CAGR"
C,broad|COMP|25,broad|COMP|25,B136,25.0,Q,0,4,False,4.152498730918605,0.09351981012648714,0.814022940713813,-0.26576139333833515,1.1142718892097387,0.5836987468040581,1.031245935541504,0.6682908595529922,0.07994176513157791,-0.26576139333833515,DD,"H2,OOS,DD,CAGR"
C,broad|MOM|10,broad|MOM|10,B136,10.0,D,0,0,True,31.519454863004185,0.1287596564409903,0.9626508501403956,-0.20109715851392618,1.1265087780186298,0.8233394715647198,1.0204111194908745,0.9211633087491883,0.12751609056801638,-0.20109715851392618,-,H2
C,broad|MOM|10,broad|MOM|10,B136,10.0,W,0,0,True,13.825716180365657,0.14116359830746683,1.0249366841942855,-0.20804511183443464,1.1590647991738157,0.9180605154222232,1.0747046948407224,0.9921115754506508,0.14339597005085625,-0.2080451118344343,-,DD
C,broad|MOM|10,broad|MOM|10,B136,10.0,W,0,1,False,13.617209769473362,0.14577336154059828,1.0576088509070904,-0.21036517695888612,1.272648039192421,0.8790879698722252,1.1830513720317555,0.9681085880395075,0.13820452448451026,-0.2103651769588858,-,DD
C,broad|MOM|10,broad|MOM|10,B136,10.0,W,0,2,False,13.807902463827713,0.15017727607299625,1.0922825045353675,-0.17057504846719973,1.2759420293362689,0.9408523868988464,1.1837412880796019,1.0280467177221835,0.14716209231367539,-0.17057504846719962,-,-
C,broad|MOM|10,broad|MOM|10,B136,10.0,W,0,3,False,13.754167847858103,0.14740940132677505,1.0615784257871155,-0.22112133485749885,1.2783059951021865,0.8880810106518584,1.1871091846707327,0.9755399941144733,0.1416762022705056,-0.22112133485749885,DD,DD
C,broad|MOM|10,broad|MOM|10,B136,10.0,W,0,4,False,13.86680465982416,0.13782827230941352,1.0106585035864364,-0.21672186117617942,1.1813182499182953,0.8712566429241703,1.09514656916395,0.9519530110452179,0.13538081435012272,-0.21672186117617953,DD,DD
C,broad|MOM|10,broad|MOM|10,B136,10.0,M,0,0,True,6.15867647117577,0.16096706904141955,1.1135205147986842,-0.26024717737779335,1.3230011096679604,0.9573353104358711,1.2317470767989558,1.0390753899961533,0.15984390796403147,-0.2602471773777931,DD,DD
C,broad|MOM|10,broad|MOM|10,B136,10.0,M,0,1,False,6.2524585703887166,0.15453902276466747,1.0681135561937305,-0.27502223461312614,1.2643582530642545,0.9261306605792736,1.1770610356517575,1.0021761342736295,0.15521446625381086,-0.27502223461312647,DD,DD
C,broad|MOM|10,broad|MOM|10,B136,10.0,M,0,2,False,6.2558747934092045,0.15551455188884167,1.0745410493586105,-0.2635936611828136,1.2516414576552561,0.9436796951503823,1.15141914273264,1.0280047051107983,0.15872298559482956,-0.2635936611828136,DD,DD
C,broad|MOM|10,broad|MOM|10,B136,10.0,M,0,3,False,6.255204279160712,0.15363602416374222,1.064287666962948,-0.26488938049627453,1.2719398914516935,0.9108757338470568,1.1876054795876498,0.9868925279120067,0.1516492418139872,-0.26488938049627453,DD,DD
C,broad|MOM|10,broad|MOM|10,B136,10.0,M,0,4,False,6.199064277897167,0.14996020498574514,1.0502697101548117,-0.2587431051890722,1.2604179637438937,0.8944313392933128,1.1736277340192898,0.9731441612942014,0.14801123355084034,-0.25874310518907195,DD,DD
C,broad|MOM|10,broad|MOM|10,B136,10.0,Q,0,0,True,2.984748516326782,0.13894676744943313,0.9677038533399172,-0.261871379155699,1.206969504001375,0.7899244397321383,1.0911834979667032,0.8901308023415208,0.13584980443728445,-0.2618713791556987,DD,"H2,DD"
C,broad|MOM|10,broad|MOM|10,B136,10.0,Q,0,1,False,3.027871605174218,0.1410179921160868,0.9783525177822426,-0.2643963585384872,1.1948858005058203,0.819093600035258,1.0757687903695545,0.9187663810910736,0.1413059278203641,-0.26439635853848753,DD,"H2,DD"
C,broad|MOM|10,broad|MOM|10,B136,10.0,Q,0,2,False,3.0557882318343856,0.14901994395985008,1.0262859423799935,-0.2652229093265943,1.221145344099752,0.8818402178364414,1.104753566276503,0.9785789981913681,0.15150478498500597,-0.265222909326594,DD,DD
C,broad|MOM|10,broad|MOM|10,B136,10.0,Q,0,3,False,3.0149417972217996,0.15190934491821562,1.0439913385973194,-0.25569727774910067,1.2610099680931774,0.8783027567696028,1.1464851090614188,0.9777710104646516,0.15049601518401556,-0.25569727774910067,DD,DD
C,broad|MOM|10,broad|MOM|10,B136,10.0,Q,0,4,False,3.024794943460018,0.15096209920830672,1.0509063029268837,-0.26291383001346247,1.2573935042139353,0.8940158944197092,1.1463679013610735,0.9904485826104868,0.1510147178722363,-0.26291383001346225,DD,DD
C,broad|MOM|25,broad|MOM|25,B136,25.0,D,0,0,True,31.519454863004185,0.07664856159386457,0.6133445611895003,-0.20826153938793035,0.7522166885364406,0.49451694045188405,0.6467441054814801,0.5894769675380781,0.07597868063582314,-0.20826153938793068,"H1,H2","H1,H2,OOS,DD,CAGR"
C,broad|MOM|25,broad|MOM|25,B136,25.0,W,0,0,True,13.825716180365657,0.11774319215703355,0.8745556366363837,-0.2092659328267895,0.9985240999324145,0.775339572653808,0.9156338727535509,0.8475540526783891,0.11959388144582661,-0.2092659328267893,-,"H2,OOS,DD"
C,broad|MOM|25,broad|MOM|25,B136,25.0,W,0,1,False,13.617209769473362,0.12260687739838572,0.9087913598249847,-0.21288221105841842,1.1141805687164599,0.7375896161445387,1.0263098377188518,0.824623234188628,0.11486537113681194,-0.2128822110584183,DD,"H2,OOS,DD"
C,broad|MOM|25,broad|MOM|25,B136,25.0,W,0,2,False,13.807902463827713,0.12659425473355967,0.9400349023005309,-0.17348359090028243,1.1167561270785817,0.7938952395646068,1.0261312320790157,0.8794583787151514,0.12309779701996604,-0.17348359090028243,-,"H2,OOS"
C,broad|MOM|25,broad|MOM|25,B136,25.0,W,0,3,False,13.754167847858103,0.1239776993638333,0.9122520125663127,-0.22300268047411353,1.1166434524274398,0.7479369448121022,1.0280001822892768,0.8326165440981996,0.11800516733679989,-0.22300268047411365,DD,"H2,OOS,DD"
C,broad|MOM|25,broad|MOM|25,B136,25.0,W,0,4,False,13.86680465982416,0.114408393401769,0.8586635193391905,-0.2192334132369128,1.0185901234872756,0.7275667055933976,0.9335744983623752,0.8065204700781354,0.11184167861195049,-0.2192334132369126,DD,"H2,OOS,DD"
C,broad|MOM|25,broad|MOM|25,B136,25.0,M,0,0,True,6.15867647117577,0.15029753370690146,1.0490851733484612,-0.2609031715062371,1.252161562759705,0.8973887024034304,1.163722546153917,0.9766828737845915,0.14873210909799983,-0.2609031715062373,DD,DD
C,broad|MOM|25,broad|MOM|25,B136,25.0,M,0,1,False,6.2524585703887166,0.14375276259009873,1.0025435771321902,-0.2756844888540436,1.1901092130687683,0.8663047319624804,1.104202337591341,0.9409045575002771,0.1442434514067341,-0.2756844888540433,DD,DD
C,broad|MOM|25,broad|MOM|25,B136,25.0,M,0,2,False,6.2558747934092045,0.14472154380019964,1.0092313906700665,-0.26420797295615384,1.1802333669116991,0.8826023382154751,1.081214173112033,0.965700675701166,0.14763548059910758,-0.26420797295615395,DD,DD
C,broad|MOM|25,broad|MOM|25,B136,25.0,M,0,3,False,6.255204279160712,0.14285239428931162,0.9985293858690512,-0.2653957411422413,1.2022079977105231,0.8477888023942379,1.118559983811672,0.9230797564521938,0.14042407666965318,-0.2653957411422414,DD,DD
C,broad|MOM|25,broad|MOM|25,B136,25.0,M,0,4,False,6.199064277897167,0.13931988146924934,0.9850649508646991,-0.259105814902857,1.188888936616927,0.833416954429194,1.1023903472047638,0.9115400018116929,0.13715708778694258,-0.2591058149028571,DD,"H2,DD"
C,broad|MOM|25,broad|MOM|25,B136,25.0,Q,0,0,True,2.984748516326782,0.13385781832655663,0.9367835333301971,-0.2618713791556986,1.1732501729247968,0.7607877742843917,1.0587040727199635,0.8600289621744668,0.13050520707655577,-0.2618713791556988,DD,"H2,OOS,DD"
C,broad|MOM|25,broad|MOM|25,B136,25.0,Q,0,1,False,3.027871605174218,0.13584526881697534,0.9470082242511426,-0.26439635853848753,1.1610522142766242,0.7891519180103542,1.041806625778433,0.88889612623779,0.13594768658795497,-0.26439635853848764,DD,"H2,DD"
C,broad|MOM|25,broad|MOM|25,B136,25.0,Q,0,2,False,3.0557882318343856,0.14375602283094224,0.9943487550627457,-0.26522290932659387,1.1873155435697753,0.850980135621347,1.0708630790523554,0.9477413902788453,0.1460035335591503,-0.265222909326594,DD,DD
C,broad|MOM|25,broad|MOM|25,B136,25.0,Q,0,3,False,3.0149417972217996,0.14670209117793997,1.0124393349865304,-0.25569727774910067,1.2287349678910633,0.8472046183785833,1.1138753403643422,0.9468569273470455,0.14506444815661435,-0.25569727774910034,DD,DD
C,broad|MOM|25,broad|MOM|25,B136,25.0,Q,0,4,False,3.024794943460018,0.1457554720634,1.019364675803029,-0.2629138300134619,1.2241549462262777,0.8634037187960844,1.112883174078581,0.960024935896385,0.14560831850910216,-0.262913830013462,DD,DD
C,broad|R6|10,broad|R6|10,B136,10.0,D,0,0,True,34.60246070921476,0.10665794919592586,0.8601270061046274,-0.1620145614708275,1.0622784742793356,0.6789078856503417,0.9883770188858936,0.7609550685220536,0.09511415975398307,-0.16201456147082793,-,"H2,OOS"
C,broad|R6|10,broad|R6|10,B136,10.0,W,0,0,True,15.552654477454535,0.13312569094334759,1.0282611459302324,-0.18601554530358833,1.2321087666353223,0.8487828078237581,1.160255672248203,0.9275528923937736,0.12197491743733613,-0.1860155453035881,-,-
C,broad|R6|10,broad|R6|10,B136,10.0,W,0,1,False,15.489298970698348,0.13124722230740882,1.0095733517078824,-0.20114455905601059,1.207105575281223,0.8380779914802035,1.123508608511316,0.9240685620094912,0.12279224718840687,-0.2011445590560107,-,-
C,broad|R6|10,broad|R6|10,B136,10.0,W,0,2,False,15.561500845465007,0.13408982002004777,1.0342474249576084,-0.17496358629485564,1.2947216584063468,0.8086300429404792,1.2148592113585814,0.8991815685876992,0.11863511677559502,-0.17496358629485564,-,H2
C,broad|R6|10,broad|R6|10,B136,10.0,W,0,3,False,15.617971188469214,0.1350018915335447,1.0324007432656486,-0.1884819095640744,1.2225831050771905,0.8710366257126831,1.1424422459389456,0.9517929437399523,0.1281694192426941,-0.1884819095640744,-,-
C,broad|R6|10,broad|R6|10,B136,10.0,W,0,4,False,15.666068747115451,0.12576135147887224,0.9744273650226921,-0.20695424218294567,1.1718900046511238,0.8054950647445022,1.0789711409026195,0.8973272363170639,0.11899553798130924,-0.20695424218294545,-,"H2,DD"
C,broad|R6|10,broad|R6|10,B136,10.0,M,0,0,True,7.261433934217746,0.1595273020198016,1.1297880446033883,-0.24505357505250724,1.2635911460289975,1.0321762372171006,1.1843914227881456,1.0976392015541532,0.16514502421855637,-0.24505357505250713,DD,DD
C,broad|R6|10,broad|R6|10,B136,10.0,M,0,1,False,7.256544825287128,0.1530307002231175,1.0850989648533675,-0.24618574392328696,1.2242192153146243,0.9834052873071086,1.137454402905031,1.0548972275225843,0.15879817779575034,-0.24618574392328696,DD,DD
C,broad|R6|10,broad|R6|10,B136,10.0,M,0,2,False,7.3121583552230325,0.14668796673561113,1.0531934398456833,-0.23471484827254396,1.2416206990050664,0.9099401877686906,1.1471552332871995,0.993175048482515,0.14664793151262545,-0.23471484827254407,DD,DD
C,broad|R6|10,broad|R6|10,B136,10.0,M,0,3,False,7.359254796661579,0.14306071051617475,1.0309155446806684,-0.2280433877469118,1.1976923854091583,0.9045805943767908,1.0997494900202849,0.9878461279624701,0.14542183699091438,-0.2280433877469118,DD,DD
C,broad|R6|10,broad|R6|10,B136,10.0,M,0,4,False,7.262960490034583,0.14493618846707945,1.0477696209870717,-0.24254022653783258,1.2557932553692666,0.886876472328049,1.1457624942480247,0.9834656987575834,0.14355100949491906,-0.24254022653783258,DD,DD
C,broad|R6|10,broad|R6|10,B136,10.0,Q,0,0,True,3.672362340137664,0.14676440335543584,1.0277967685954759,-0.2742770099259575,1.2534817904220514,0.8580175192463109,1.14384986847134,0.9539428357076389,0.14456180092667936,-0.2742770099259576,DD,DD
C,broad|R6|10,broad|R6|10,B136,10.0,Q,0,1,False,3.6898658463380674,0.14812804195276486,1.0350418417076617,-0.27289737439126904,1.2307446834232767,0.8899783039544902,1.1231112132298795,0.9809920661838883,0.1496713896656443,-0.27289737439126904,DD,DD
C,broad|R6|10,broad|R6|10,B136,10.0,Q,0,2,False,3.7563730517075644,0.1501756477482059,1.0477001936467016,-0.26759202551197603,1.2840689048540757,0.870387342495072,1.1796886543846434,0.963572746060787,0.1465869332035461,-0.2675920255119759,DD,DD
C,broad|R6|10,broad|R6|10,B136,10.0,Q,0,3,False,3.7639299282628405,0.15007771738935394,1.0394940535532735,-0.27733197111168784,1.2503493517303024,0.8842605007305531,1.1443077428793946,0.9748373228344972,0.1501116666625293,-0.2773319711116877,DD,DD
C,broad|R6|10,broad|R6|10,B136,10.0,Q,0,4,False,3.748558035580362,0.14603949192530585,1.018265494355831,-0.27564022627880724,1.3015283991026645,0.8067404756444831,1.192147356412788,0.9069596860966056,0.13772301156459288,-0.2756402262788077,DD,"H2,DD"
C,broad|R6|25,broad|R6|25,B136,25.0,D,0,0,True,34.60246070921476,0.05068905607913399,0.45212731352247376,-0.1910354727647131,0.6447117212270279,0.278681161574645,0.5763612664116913,0.3558361933851875,0.03867736594113835,-0.1910354727647139,"H1,H2","H1,H2,OOS,CAGR"
C,broad|R6|25,broad|R6|25,B136,25.0,W,0,0,True,15.552654477454535,0.10700224868736674,0.8482613178975752,-0.1877926005228151,1.0489630987200902,0.6712144075099771,0.9796700724164954,0.7479042603316547,0.09538339628755321,-0.1877926005228152,-,"H2,OOS"
C,broad|R6|25,broad|R6|25,B136,25.0,W,0,1,False,15.489298970698348,0.10525815211116152,0.8309043505397578,-0.2036841920046787,1.0215642966966185,0.6647517971191063,0.9405612413317723,0.748340489809506,0.09647910069515331,-0.2036841920046788,-,"H2,OOS,DD,CAGR"
C,broad|R6|25,broad|R6|25,B136,25.0,W,0,2,False,15.561500845465007,0.10791591037634696,0.8536392001407522,-0.17737419155922285,1.1097586950133782,0.6316257673379329,1.0331942329483423,0.7194401491613232,0.09201453963047812,-0.17737419155922263,-,"H2,OOS"
C,broad|R6|25,broad|R6|25,B136,25.0,W,0,3,False,15.617971188469214,0.1087205711917123,0.8530794255430993,-0.19034305734350676,1.0336571499194371,0.6991634436685327,0.9570017290161081,0.7766487049462962,0.10154507573264393,-0.19034305734350643,-,"H2,OOS"
C,broad|R6|25,broad|R6|25,B136,25.0,W,0,4,False,15.666068747115451,0.09961002481122927,0.7934677392502149,-0.21112505449845165,0.98430589013288,0.6294426888683231,0.8929648901186454,0.7197794674373668,0.09242699996145953,-0.21112505449845198,-,"H2,OOS,DD,CAGR"
C,broad|R6|25,broad|R6|25,B136,25.0,M,0,0,True,7.261433934217746,0.14696982810442139,1.0516935095112614,-0.24596228275981158,1.1787876000693398,0.958698716882591,1.1016098254607927,1.022351556344023,0.15210042816131608,-0.24596228275981136,DD,DD
C,broad|R6|25,broad|R6|25,B136,25.0,M,0,1,False,7.256544825287128,0.1405302002794464,1.0064544900481238,-0.24728786422810523,1.1385359958339372,0.9095174691800386,1.05378414615284,0.9792302485276252,0.14580126861397558,-0.24728786422810511,DD,DD
C,broad|R6|25,broad|R6|25,B136,25.0,M,0,2,False,7.3121583552230325,0.13418069726597537,0.9741866395704857,-0.23562267987304208,1.1556005118950745,0.8358726088968669,1.0623959548722506,0.9177709788396271,0.13387329990424002,-0.23562267987304164,DD,DD
C,broad|R6|25,broad|R6|25,B136,25.0,M,0,3,False,7.359254796661579,0.13050286037424175,0.9509237419436469,-0.2288415528310983,1.1111140171550344,0.8294227639556601,1.0146596101916583,0.9111307634370035,0.1325726008950998,-0.2288415528310983,DD,"H2,DD"
C,broad|R6|25,broad|R6|25,B136,25.0,M,0,4,False,7.262960490034583,0.13253152152481307,0.9688191748310905,-0.24343079142791246,1.1704415025225403,0.812404356232377,1.06153920911018,0.9078275063196156,0.1308795792890134,-0.24343079142791268,DD,"H2,DD"
C,broad|R6|25,broad|R6|25,B136,25.0,Q,0,0,True,3.672362340137664,0.1404598659421279,0.9890133124819026,-0.27427700992595727,1.212003442129721,0.8209461081232946,1.1038093495304222,0.9157835402985535,0.13790090621834494,-0.2742770099259575,DD,"H2,DD"
C,broad|R6|25,broad|R6|25,B136,25.0,Q,0,1,False,3.6898658463380674,0.1417898981201875,0.9962769602854485,-0.27289737439126893,1.189222661796608,0.8528804119360185,1.081966161524761,0.9435689810325261,0.1430566948643659,-0.27289737439126893,DD,DD
C,broad|R6|25,broad|R6|25,B136,25.0,Q,0,2,False,3.7563730517075644,0.14369917311384595,1.0076691368442943,-0.2675920255119758,1.2412987298333966,0.8319324869396144,1.1373998435816048,0.9247671960839683,0.13981878651334667,-0.26759202551197625,DD,"H2,DD"
C,broad|R6|25,broad|R6|25,B136,25.0,Q,0,3,False,3.7639299282628405,0.143589828628361,0.9997861946551461,-0.27733197111168795,1.2084671971094565,0.8460551753015861,1.102584178049945,0.9363446879742967,0.14335954049834942,-0.27733197111168784,DD,DD
C,broad|R6|25,broad|R6|25,B136,25.0,Q,0,4,False,3.748558035580362,0.13961325736703634,0.9791067167373707,-0.2756402262788076,1.2593101322814508,0.769372547168488,1.150298674850169,0.8693074007432544,0.13108194802980377,-0.27564022627880747,DD,"H2,OOS,DD"
C,small|COMP|10,small|COMP|10,SMALL,10.0,D,0,0,True,48.202501766947556,0.03075187751758679,0.3077520876350458,-0.3263139881072511,0.4588712318825151,0.1785191005276228,0.3569382192130581,0.27957121793135115,0.027678823731143165,-0.32631398810725154,"H1,H2","H1,H2,OOS,DD,CAGR"
C,small|COMP|10,small|COMP|10,SMALL,10.0,W,0,0,True,24.297767401697673,0.05816673817715401,0.5141050425456253,-0.28507135006953443,0.8304734179694807,0.247354539575721,0.7821255539811228,0.36331860919381326,0.03937287501849296,-0.28507135006953355,H2,"H1,H2,OOS,DD,CAGR"
C,small|COMP|10,small|COMP|10,SMALL,10.0,W,0,1,False,23.86315021744915,0.06669086020130233,0.5782225669830265,-0.30294141508534633,0.7701375603559952,0.418274824453214,0.62685961323466,0.5514490585310948,0.06496953245188841,-0.30294141508534755,-,"H1,H2,OOS,DD,CAGR"
C,small|COMP|10,small|COMP|10,SMALL,10.0,W,0,2,False,24.009409293350753,0.057099596321590784,0.49542563822007046,-0.34886574845198937,0.6344657458212727,0.385239681846373,0.5763919248765955,0.452123529565814,0.053069291282037856,-0.3488657484519897,"H1,H2","H1,H2,OOS,DD,CAGR"
C,small|COMP|10,small|COMP|10,SMALL,10.0,W,0,3,False,23.814620921426833,0.0628402343151615,0.5422262777585584,-0.30998917342290044,0.7755725639647941,0.348529152512728,0.6847100428357261,0.46201773154201703,0.053429547265773314,-0.30998917342290133,H2,"H1,H2,OOS,DD,CAGR"
C,small|COMP|10,small|COMP|10,SMALL,10.0,W,0,4,False,24.270514840198913,0.0482631925764756,0.43754059694744474,-0.31537704503347286,0.7326451061918551,0.192443427931878,0.6846483488921472,0.29871618979512937,0.030832887273974485,-0.3153770450334732,"H1,H2","H1,H2,OOS,DD,CAGR"
C,small|COMP|10,small|COMP|10,SMALL,10.0,M,0,0,True,11.516921315629423,0.05612499399378246,0.47870401047325484,-0.3695116155519961,0.6955250095866936,0.30890092016788767,0.6485675421677607,0.3886208914423863,0.04529406292222449,-0.3695116155519961,"H1,H2,DD","H1,H2,OOS,DD,CAGR"
C,small|COMP|10,small|COMP|10,SMALL,10.0,M,0,1,False,11.508644594519644,0.06149626697151045,0.5180550796924692,-0.3565454580204309,0.7817252031560658,0.3050829521896895,0.7412651009019805,0.3965216312464297,0.046108135099730996,-0.3565454580204317,H2,"H1,H2,OOS,DD,CAGR"
C,small|COMP|10,small|COMP|10,SMALL,10.0,M,0,2,False,11.430066677150577,0.06995803732337347,0.574030640028259,-0.34893560323588724,0.7585386704489071,0.42751907372148173,0.7079611846933884,0.5036955367507681,0.0625242551242775,-0.3489356032358881,-,"H1,H2,OOS,DD,CAGR"
C,small|COMP|10,small|COMP|10,SMALL,10.0,M,0,3,False,11.377423834937947,0.056556234639351555,0.47553318245933446,-0.3592691120458734,0.7461835357616871,0.2590971458200347,0.7374589165773995,0.336390015641385,0.03827770412004661,-0.359269112045874,H2,"H1,H2,OOS,DD,CAGR"
C,small|COMP|10,small|COMP|10,SMALL,10.0,M,0,4,False,11.237653546406762,0.05667733531389585,0.47857504125187655,-0.376793320446955,0.7470228695435766,0.26689817579056846,0.71481091391789,0.353422602528412,0.04059982140171203,-0.376793320446956,"H2,DD","H1,H2,OOS,DD,CAGR"
C,small|COMP|10,small|COMP|10,SMALL,10.0,Q,0,0,True,4.49806632188722,0.026952331096063764,0.26181328601299764,-0.36067763194872227,0.5719241674606794,0.025220525486546193,0.45094339282912616,0.16356406094396603,0.0132323795491458,-0.3606776319487225,"H1,H2","H1,H2,OOS,DD,CAGR"
C,small|COMP|10,small|COMP|10,SMALL,10.0,Q,0,1,False,4.555284468092281,0.02919144153933484,0.2780526094784865,-0.38024015101067066,0.5750159970893646,0.04715400398631563,0.5279956597426562,0.1444071230270859,0.010407534727259637,-0.3802401510106703,"H1,H2,DD","H1,H2,OOS,DD,CAGR"
C,small|COMP|10,small|COMP|10,SMALL,10.0,Q,0,2,False,4.592688857464024,0.02978247754971708,0.2820345303754481,-0.3575498531097723,0.5432644385994025,0.0769878050716927,0.4841840173923152,0.1747020471848123,0.01485406021349367,-0.3575498531097715,"H1,H2","H1,H2,OOS,DD,CAGR"
C,small|COMP|10,small|COMP|10,SMALL,10.0,Q,0,3,False,4.556680770274536,0.028525278340165272,0.2733999532681375,-0.34064927481740237,0.5236964617461544,0.06992839433549274,0.4560442816436958,0.17411773140385553,0.014750185657267822,-0.34064927481740226,"H1,H2","H1,H2,OOS,DD,CAGR"
C,small|COMP|10,small|COMP|10,SMALL,10.0,Q,0,4,False,4.517825103091409,0.03065566060277658,0.2880968420271952,-0.3633128221897888,0.6006493014597439,0.03505743789293329,0.4961478843697814,0.17538675966099576,0.014950711830008734,-0.363312822189789,"H1,H2,DD","H1,H2,OOS,DD,CAGR"
C,small|COMP|25,small|COMP|25,SMALL,25.0,D,0,0,True,48.202501766947556,-0.04114903574117601,-0.2796232539305871,-0.5553196857436633,-0.1621574269562288,-0.38253775432916814,-0.2392599612840997,-0.3030947327084753,-0.04519177644611716,-0.46060274284892844,"H1,H2,DD","H1,H2,OOS,DD,CAGR"
C,small|COMP|25,small|COMP|25,SMALL,25.0,W,0,0,True,24.297767401697673,0.020267650113042768,0.22273853498312235,-0.3717765595775938,0.5186947722087261,-0.0286405758040038,0.48597988109406676,0.0742561983054671,0.001212091937100146,-0.3717765595775949,"H1,H2,DD","H1,H2,OOS,DD,CAGR"
C,small|COMP|25,small|COMP|25,SMALL,25.0,W,0,1,False,23.86315021744915,0.029170560691420322,0.2921085237472371,-0.33907164839649273,0.46405104904227695,0.1475310808527176,0.33619255718746177,0.2675455923410132,0.02659355233375993,-0.3390716483964913,"H1,H2","H1,H2,OOS,DD,CAGR"
C,small|COMP|25,small|COMP|25,SMALL,25.0,W,0,2,False,24.009409293350753,0.019676620584112126,0.21570270522687496,-0.387072643425209,0.3259737185600027,0.1267699967955557,0.28300580676146453,0.179305462724709,0.01515247547849019,-0.3870726434252091,"H1,H2,DD","H1,H2,OOS,DD,CAGR"
C,small|COMP|25,small|COMP|25,SMALL,25.0,W,0,3,False,23.814620921426833,0.025522213692046547,0.26149225975814294,-0.34733947542544874,0.47223930863239033,0.08474291464760461,0.4002822764063051,0.18292178642948081,0.015498736375234579,-0.3473394754254472,"H1,H2","H1,H2,OOS,DD,CAGR"
C,small|COMP|25,small|COMP|25,SMALL,25.0,W,0,4,False,24.270514840198913,0.010779113129264939,0.14831463742586432,-0.35959750445496796,0.42388941426735877,-0.08235950410378341,0.3915108173713318,0.011291410407866232,-0.007011379555996067,-0.3595975044549682,"H1,H2","H1,H2,OOS,DD,CAGR"
C,small|COMP|25,small|COMP|25,SMALL,25.0,M,0,0,True,11.516921315629423,0.03802122270822217,0.34798050046614426,-0.38620835005119325,0.5492834524883186,0.188994418446321,0.5106903011828413,0.26115979882781226,0.02694801810343006,-0.38620835005119203,"H1,H2,DD","H1,H2,OOS,DD,CAGR"
C,small|COMP|25,small|COMP|25,SMALL,25.0,M,0,1,False,11.508644594519644,0.043299945346650714,0.3867044261905278,-0.3718462358418565,0.6362911849505295,0.18413195825734624,0.6022249622236509,0.269073203521122,0.027943668301401825,-0.37184623584185705,"H1,H2,DD","H1,H2,OOS,DD,CAGR"
C,small|COMP|25,small|COMP|25,SMALL,25.0,M,0,2,False,11.430066677150577,0.051761333583440594,0.44515677804948495,-0.3647814142530724,0.6146121324247009,0.30963760678717667,0.5705123721730408,0.37898315430041946,0.0441643771926965,-0.36478141425307253,"H1,H2,DD","H1,H2,OOS,DD,CAGR"
C,small|COMP|25,small|COMP|25,SMALL,25.0,M,0,3,False,11.377423834937947,0.03865344692976391,0.3485582215999951,-0.37484783757057394,0.6035266775423915,0.14401936345003116,0.6011113513784533,0.21425610431632963,0.02048594984393759,-0.37484783757057394,"H1,H2,DD","H1,H2,OOS,DD,CAGR"
C,small|COMP|25,small|COMP|25,SMALL,25.0,M,0,4,False,11.237653546406762,0.038991722273258755,0.35236491840933926,-0.3924782798706109,0.6044460144366801,0.15241961040384538,0.5782003151647424,0.23230694938928173,0.023017223325473735,-0.39247827987061157,"H1,H2,DD","H1,H2,OOS,DD,CAGR"
C,small|COMP|25,small|COMP|25,SMALL,25.0,Q,0,0,True,4.49806632188722,0.02003682279990815,0.2129455863538316,-0.3647984058145275,0.5156660050452295,-0.0187576962954358,0.39934188092496686,0.11593221356360761,0.0061927645352486405,-0.3647984058145286,"H1,H2,DD","H1,H2,OOS,DD,CAGR"
C,small|COMP|25,small|COMP|25,SMALL,25.0,Q,0,1,False,4.555284468092281,0.02218114187391995,0.22845399952006817,-0.38613605681290786,0.5193534408581458,0.001670243450156039,0.47404284143474784,0.09696124587481374,0.0034963739800435434,-0.3861360568129092,"H1,H2,DD","H1,H2,OOS,DD,CAGR"
C,small|COMP|25,small|COMP|25,SMALL,25.0,Q,0,2,False,4.592688857464024,0.022706708503682727,0.23204928165118138,-0.36294687526750335,0.4871475241096977,0.031193444014871376,0.42994261357943536,0.1267412190059913,0.007817009325907787,-0.3629468752675037,"H1,H2,DD","H1,H2,OOS,DD,CAGR"
C,small|COMP|25,small|COMP|25,SMALL,25.0,Q,0,3,False,4.556680770274536,0.021506287660501,0.22361973972933985,-0.3461385480990915,0.46869607376162387,0.024009640396210993,0.4019593278636765,0.12658701595943972,0.00783786788745,-0.34613854809909206,"H1,H2","H1,H2,OOS,DD,CAGR"
C,small|COMP|25,small|COMP|25,SMALL,25.0,Q,0,4,False,4.517825103091409,0.0236902677436317,0.23893665397795935,-0.3684213153738637,0.5463158714701237,-0.010440846392123199,0.44234660304389284,0.12852544136903335,0.008113866296842964,-0.368421315373863,"H1,H2,DD","H1,H2,OOS,DD,CAGR"
C,small|MOM|10,small|MOM|10,SMALL,10.0,D,0,0,True,42.419762855092166,0.06617402640371539,0.46846351100967193,-0.2801239909714729,0.5159704702024889,0.43423605962470746,0.452611197282934,0.4786301201899798,0.0709129655567935,-0.280123990971472,H1,"H1,H2,OOS,DD,CAGR"
C,small|MOM|10,small|MOM|10,SMALL,10.0,W,0,0,True,19.83058408063406,0.09812385212329966,0.6428701744251156,-0.26393167057038847,0.688937396268138,0.6112819076070551,0.5880841803588723,0.6744082112878792,0.10899319340166636,-0.26393167057038835,H1,"H1,H2,OOS,DD,CAGR"
C,small|MOM|10,small|MOM|10,SMALL,10.0,W,0,1,False,19.90704402881504,0.09610881797256288,0.6321330714577805,-0.282406391642554,0.6616924266641665,0.6137864271169463,0.6212251756276076,0.6402805055071761,0.10221881410061506,-0.2824063916425543,H1,"H1,H2,OOS,DD,CAGR"
C,small|MOM|10,small|MOM|10,SMALL,10.0,W,0,2,False,19.806230573092193,0.08161198274383219,0.5448052478586921,-0.3236339774897633,0.5869587953596603,0.5169956535844842,0.600905322578211,0.5176748419165389,0.08022469995580872,-0.3236339774897635,H1,"H1,H2,OOS,DD,CAGR"
C,small|MOM|10,small|MOM|10,SMALL,10.0,W,0,3,False,19.64895809565413,0.09955589906838225,0.6407156208307694,-0.30494223602682613,0.7354341383673098,0.5739788434892246,0.7125721934458211,0.6065450453811937,0.09807220885252455,-0.30494223602682613,H1,"H1,H2,OOS,DD"
C,small|MOM|10,small|MOM|10,SMALL,10.0,W,0,4,False,19.84554887219966,0.09932367886744076,0.644336502141754,-0.31331723891673524,0.7812080338520436,0.5405621411380165,0.7589883994438641,0.5863776726429952,0.09282848166286128,-0.31331723891673546,-,"H1,H2,OOS,DD"
C,small|MOM|10,small|MOM|10,SMALL,10.0,M,0,0,True,9.433517146322487,0.10232479721263332,0.6432228200685961,-0.362878294911964,0.7965842782009452,0.5287188421684492,0.754441910528199,0.5881244883683852,0.09633696242565382,-0.3628782949119628,DD,"H1,H2,OOS,DD"
C,small|MOM|10,small|MOM|10,SMALL,10.0,M,0,1,False,9.447642561569324,0.08870513203790309,0.5722494646396067,-0.396329242687674,0.7848596052318104,0.4119128616876152,0.65431094950518,0.5330230680151291,0.08546037947143215,-0.39632924268767156,DD,"H1,H2,OOS,DD,CAGR"
C,small|MOM|10,small|MOM|10,SMALL,10.0,M,0,2,False,9.557472402032593,0.11567343300672928,0.7079447072729266,-0.42198660450970427,0.8648196358797748,0.5939357924901225,0.7763048919726699,0.6772651587520151,0.11610521924976935,-0.4219866045097036,DD,"H1,H2,OOS,DD"
C,small|MOM|10,small|MOM|10,SMALL,10.0,M,0,3,False,9.610039401447453,0.12052508065284573,0.7363652762016698,-0.39750215291104607,0.908229629071931,0.6133890717505502,0.8627294578910144,0.6769705850031933,0.11552792465883166,-0.39750215291104696,DD,"H2,OOS,DD"
C,small|MOM|10,small|MOM|10,SMALL,10.0,M,0,4,False,9.467461107912206,0.11889041836793468,0.7289290512772654,-0.34923572172677364,0.9374239876189157,0.5775253578409968,0.9319931084131782,0.6309583178109043,0.10585821634701609,-0.34923572172677375,-,"H2,OOS,DD"
C,small|MOM|10,small|MOM|10,SMALL,10.0,Q,0,0,True,3.9074902897591417,0.09463276690337086,0.5957678553980572,-0.3180449442959675,0.7413650554993567,0.4889931663900083,0.716875428317831,0.5367653897585659,0.0875369570532818,-0.3180449442959665,H1,"H1,H2,OOS,DD,CAGR"
C,small|MOM|10,small|MOM|10,SMALL,10.0,Q,0,1,False,3.9123707289258203,0.09265212666764744,0.5848329408654842,-0.32189533890754574,0.630860487936075,0.555038913990053,0.5319296349787772,0.6151995800046179,0.10368498104456325,-0.32189533890754585,H1,"H1,H2,OOS,DD,CAGR"
C,small|MOM|10,small|MOM|10,SMALL,10.0,Q,0,2,False,3.924338659980544,0.0911990006892116,0.5784802289476724,-0.3312448185471274,0.6926744766978312,0.4963328012690289,0.6240754337915051,0.5579687380502669,0.09177505794285046,-0.3312448185471286,H1,"H1,H2,OOS,DD,CAGR"
C,small|MOM|10,small|MOM|10,SMALL,10.0,Q,0,3,False,4.0102337485838815,0.0854973854919896,0.5501867107578331,-0.3265457126682376,0.7112189739805899,0.4332503023780356,0.6494340915490331,0.5027257503566659,0.08041697378174484,-0.32654571266823806,H1,"H1,H2,OOS,DD,CAGR"
C,small|MOM|10,small|MOM|10,SMALL,10.0,Q,0,4,False,3.956390893001799,0.08383523532813753,0.5414040919232269,-0.33930699744350257,0.7366869593976006,0.3984353058298779,0.6513400336287035,0.48906978275731283,0.07777478277836702,-0.3393069974435028,"H1,H2","H1,H2,OOS,DD,CAGR"
C,small|MOM|25,small|MOM|25,SMALL,25.0,D,0,0,True,42.419762855092166,0.00044055738202963823,0.08620183629782391,-0.40069627252284323,0.12563544724203,0.0549604123359937,0.06964502852109175,0.09532652213096254,0.00129400462395024,-0.40069627252284246,"H1,H2,DD","H1,H2,OOS,DD,CAGR"
C,small|MOM|25,small|MOM|25,SMALL,25.0,W,0,0,True,19.83058408063406,0.0659208398151141,0.4648762391916153,-0.27885684921200726,0.5093883119572766,0.43289824187993997,0.4131329023569652,0.4941126369185627,0.07430135676724148,-0.27885684921200704,H1,"H1,H2,OOS,DD,CAGR"
C,small|MOM|25,small|MOM|25,SMALL,25.0,W,0,1,False,19.90704402881504,0.06386412244049833,0.4536887920463003,-0.31356646379112774,0.48098770821437914,0.43557572264793337,0.4463164589709158,0.45928866217382797,0.06760608253900702,-0.31356646379112796,H1,"H1,H2,OOS,DD,CAGR"
C,small|MOM|25,small|MOM|25,SMALL,25.0,W,0,2,False,19.806230573092193,0.04990889806099896,0.37045019646820976,-0.3304492052288278,0.4092696114846128,0.3434740235954943,0.42983623074027394,0.3409147669605329,0.04632058339504219,-0.3304492052288276,"H1,H2","H1,H2,OOS,DD,CAGR"
C,small|MOM|25,small|MOM|25,SMALL,25.0,W,0,3,False,19.64895809565413,0.06761153414672805,0.46816331111918996,-0.3292073005387085,0.556352808567545,0.40430985058351004,0.5400756266248603,0.43302808650297464,0.06404116267465954,-0.32920730053870906,"H1,H2","H1,H2,OOS,DD,CAGR"
C,small|MOM|25,small|MOM|25,SMALL,25.0,W,0,4,False,19.84554887219966,0.06709727033673607,0.46866622040173195,-0.321337029941406,0.6030986829418216,0.3651059157668788,0.5861190284776052,0.4085280007132916,0.05862817346612803,-0.3213370299414061,"H1,H2","H1,H2,OOS,DD,CAGR"
C,small|MOM|25,small|MOM|25,SMALL,25.0,M,0,0,True,9.433517146322487,0.08682269242315321,0.5623258732528265,-0.37651041866612434,0.713470471978164,0.44855600273848006,0.6762289477627696,0.5053350490010602,0.0795974985556509,-0.3765104186661258,"H1,DD","H1,H2,OOS,DD,CAGR"
C,small|MOM|25,small|MOM|25,SMALL,25.0,M,0,1,False,9.447642561569324,0.07337819438704307,0.49139069235995203,-0.40946713516321054,0.7011821794210001,0.3322638706676421,0.5738094079111503,0.4515635026424611,0.06909524000251643,-0.40946713516320965,"H1,H2,DD","H1,H2,OOS,DD,CAGR"
C,small|MOM|25,small|MOM|25,SMALL,25.0,M,0,2,False,9.557472402032593,0.0997928195827551,0.626761272543444,-0.4339227561066137,0.7802536376448773,0.5142283108551441,0.6946790656649131,0.5958047015212826,0.0991016206790305,-0.43392275610661424,DD,"H1,H2,OOS,DD"
C,small|MOM|25,small|MOM|25,SMALL,25.0,M,0,3,False,9.610039401447453,0.10447785597181047,0.65397012958256,-0.4098331969617056,0.821735297408802,0.5331665916525328,0.779346954634991,0.5946715280699614,0.09850244684332976,-0.4098331969617047,DD,"H1,H2,OOS,DD"
C,small|MOM|25,small|MOM|25,SMALL,25.0,M,0,4,False,9.467461107912206,0.103102732421126,0.6476270154847827,-0.3617576381979011,0.8518524691399192,0.4983378982852201,0.8491934099540884,0.5498953665610333,0.08921637319466158,-0.3617576381979011,DD,"H1,H2,OOS,DD"
C,small|MOM|25,small|MOM|25,SMALL,25.0,Q,0,0,True,3.9074902897591417,0.0882267739635354,0.5628014259864466,-0.3241551365186144,0.705923117612637,0.45754403388280823,0.6840941006920802,0.5035291189874451,0.08070590387230214,-0.3241551365186146,H1,"H1,H2,OOS,DD,CAGR"
C,small|MOM|25,small|MOM|25,SMALL,25.0,Q,0,1,False,3.9123707289258203,0.08626616513113183,0.5521462992425297,-0.32189533890754596,0.5969788441359859,0.5229279869691918,0.499069632000319,0.5824480959910565,0.09684324022408841,-0.32189533890754585,H1,"H1,H2,OOS,DD,CAGR"
C,small|MOM|25,small|MOM|25,SMALL,25.0,Q,0,2,False,3.924338659980544,0.08478333150846185,0.5453127053239373,-0.3371518337123529,0.6580629015304513,0.4638670347781192,0.590154440530186,0.5250184309735213,0.08499669519702424,-0.33715183371235335,H1,"H1,H2,OOS,DD,CAGR"
C,small|MOM|25,small|MOM|25,SMALL,25.0,Q,0,3,False,4.0102337485838815,0.07897666856860441,0.5162267613323983,-0.3326658715414751,0.6756411848680054,0.40013527461938175,0.6151611473609119,0.46876966756925387,0.073502666479488,-0.3326658715414764,"H1,H2","H1,H2,OOS,DD,CAGR"
C,small|MOM|25,small|MOM|25,SMALL,25.0,Q,0,4,False,3.956390893001799,0.07741688068527197,0.5079983097028133,-0.344928428460221,0.7012286197184244,0.36615178688837713,0.6165189455015625,0.4561643452422237,0.07105349708268327,-0.34492842846022087,"H1,H2","H1,H2,OOS,DD,CAGR"
C,small|R6|10,small|R6|10,SMALL,10.0,D,0,0,True,47.498950646890954,0.01671902437659467,0.18354577204694003,-0.4079517880500838,0.1457341185924546,0.21641704524757216,0.007081979102543174,0.28144103763346406,0.03378732522354877,-0.4079517880500827,"H1,H2,DD","H1,H2,OOS,DD,CAGR"
C,small|R6|10,small|R6|10,SMALL,10.0,W,0,0,True,22.371773778183222,0.04474258656853647,0.34978280370150544,-0.31761030239720167,0.2697394185972474,0.41909953781628356,0.15809192290788768,0.4568382288669518,0.06514978995879317,-0.31761030239720134,H1,"H1,H2,OOS,DD,CAGR"
C,small|R6|10,small|R6|10,SMALL,10.0,W,0,1,False,22.23241622889099,0.04667017007865293,0.36021997449766396,-0.2858456262442137,0.2804968962673879,0.42961130086877963,0.19890349373614527,0.45062394320703514,0.06420443158763289,-0.28584562624421306,H1,"H1,H2,OOS,DD,CAGR"
C,small|R6|10,small|R6|10,SMALL,10.0,W,0,2,False,22.230447789803097,0.042205471790097704,0.3303175506012366,-0.38851471129460613,0.21855362287774108,0.4244530475270424,0.1392992873286676,0.435142134786669,0.06287845057221686,-0.37193284042075525,"H1,DD","H1,H2,OOS,DD,CAGR"
C,small|R6|10,small|R6|10,SMALL,10.0,W,0,3,False,22.172661572464648,0.054088106165208094,0.3987928168031629,-0.34063919944178744,0.4467381147993877,0.3629980544672769,0.3443185770299631,0.4294947066553754,0.0616093209319466,-0.3406391994417871,"H1,H2","H1,H2,OOS,DD,CAGR"
C,small|R6|10,small|R6|10,SMALL,10.0,W,0,4,False,22.468405955030168,0.06102882674019616,0.4390802780411527,-0.3387845892267718,0.4777436159837115,0.41179061632332603,0.4348787318520303,0.44261440648201367,0.0639353137587455,-0.33878458922677157,H1,"H1,H2,OOS,DD,CAGR"
C,small|R6|10,small|R6|10,SMALL,10.0,M,0,0,True,10.405638079905186,0.07182800262091704,0.49341944604818644,-0.3822923830604019,0.5462645894738146,0.4541918443027036,0.5358188612147943,0.4719769430421159,0.07053840716094029,-0.38229238306040214,"H1,DD","H1,H2,OOS,DD,CAGR"
C,small|R6|10,small|R6|10,SMALL,10.0,M,0,1,False,10.454788953080032,0.09003089308944179,0.5910639374101175,-0.36507149341284184,0.599797785019255,0.5890229349775071,0.6464914515122325,0.562806683689751,0.08823084184758856,-0.36507149341284295,"H1,DD","H1,H2,OOS,DD,CAGR"
C,small|R6|10,small|R6|10,SMALL,10.0,M,0,2,False,10.40032665854159,0.07396185775520348,0.504111893503988,-0.42603727209710573,0.5446025568031349,0.4761828287380996,0.5602496906486921,0.4759289505208727,0.07167845477298562,-0.42603727209710607,"H1,DD","H1,H2,OOS,DD,CAGR"
C,small|R6|10,small|R6|10,SMALL,10.0,M,0,3,False,10.401039732980289,0.062086269656712156,0.43786107588478795,-0.40884587119012517,0.47086300940191467,0.4147805781487791,0.4867907519342051,0.4126146261732282,0.05953364152677265,-0.40884587119012583,"H1,DD","H1,H2,OOS,DD,CAGR"
C,small|R6|10,small|R6|10,SMALL,10.0,M,0,4,False,10.57388182196369,0.0614446718339412,0.43400215415689963,-0.41852823531212047,0.5474884441067953,0.345493791859389,0.5363632578603093,0.3798988215553626,0.05339348147766709,-0.41852823531212047,"H1,H2,DD","H1,H2,OOS,DD,CAGR"
C,small|R6|10,small|R6|10,SMALL,10.0,Q,0,0,True,4.604959169297988,0.026388642414289842,0.23609128509856014,-0.4924377399980029,0.4568635969113578,0.06514917026136158,0.5036825769925062,0.09750294367167454,0.0006040251632717375,-0.4924377399980031,"H1,H2,DD","H1,H2,OOS,DD,CAGR"
C,small|R6|10,small|R6|10,SMALL,10.0,Q,0,1,False,4.713034967758325,0.021949518763175746,0.2119258303157735,-0.476858655404253,0.3490218932020726,0.1050026725377691,0.43007604818125267,0.09825567596084515,0.0008997136247699267,-0.4768586554042533,"H1,H2,DD","H1,H2,OOS,DD,CAGR"
C,small|R6|10,small|R6|10,SMALL,10.0,Q,0,2,False,4.712051009693893,0.03248773690202289,0.2705443576414623,-0.4579689236704062,0.44452132128243477,0.13301757299447853,0.5206723615516677,0.13814242097144994,0.008406833250634405,-0.45796892367040565,"H1,H2,DD","H1,H2,OOS,DD,CAGR"
C,small|R6|10,small|R6|10,SMALL,10.0,Q,0,3,False,4.662174648883314,0.03042938944186191,0.2592073189126478,-0.453544893982321,0.40340185602238615,0.14391866464553182,0.41969108559630264,0.17295647997934988,0.01490877754633324,-0.45354489398232134,"H1,H2,DD","H1,H2,OOS,DD,CAGR"
C,small|R6|10,small|R6|10,SMALL,10.0,Q,0,4,False,4.750409006765608,0.028857439535988405,0.25071044127796693,-0.489562478605846,0.4404131970032871,0.0970304711259057,0.46375812069054806,0.1355955581430518,0.00801874360208199,-0.4895624786058469,"H1,H2,DD","H1,H2,OOS,DD,CAGR"
C,small|R6|25,small|R6|25,SMALL,25.0,D,0,0,True,47.498950646890954,-0.0532137568680916,-0.2555666650452972,-0.6759704256103642,-0.299695083260785,-0.22060353602822308,-0.4336882973850178,-0.15761528167405983,-0.04006955799187173,-0.5624289120881607,"H1,H2,DD","H1,H2,OOS,DD,CAGR"
C,small|R6|25,small|R6|25,SMALL,25.0,W,0,0,True,22.371773778183222,0.010240088788938673,0.14427111059125344,-0.3961647163860388,0.05986628577831106,0.21572770435660696,-0.04615476214390718,0.250207073523087,0.028450671527072036,-0.3961647163860398,"H1,H2,DD","H1,H2,OOS,DD,CAGR"
C,small|R6|25,small|R6|25,SMALL,25.0,W,0,1,False,22.23241622889099,0.012334298728137849,0.15696879785292872,-0.3698745413421831,0.07431059765150211,0.22742445593876157,-0.002996946355889248,0.24622965526352933,0.02779229968556729,-0.3586161678884574,"H1,H2,DD","H1,H2,OOS,DD,CAGR"
C,small|R6|25,small|R6|25,SMALL,25.0,W,0,2,False,22.230447789803097,0.00797701780601745,0.1317309157605479,-0.4890115118715428,0.016435508515198406,0.22689528414131066,-0.058606732540546214,0.23560118580868566,0.02626225891879108,-0.4038476373857818,"H1,H2,DD","H1,H2,OOS,DD,CAGR"
C,small|R6|25,small|R6|25,SMALL,25.0,W,0,3,False,22.172661572464648,0.019582512204862068,0.19983780046956579,-0.3712085693975439,0.2430355143374654,0.16615289737858846,0.1464540663272307,0.2294313911020148,0.025099903125077372,-0.37120856939754376,"H1,H2,DD","H1,H2,OOS,DD,CAGR"
C,small|R6|25,small|R6|25,SMALL,25.0,W,0,4,False,22.468405955030168,0.025859587413864515,0.23685341116449865,-0.3727780262996918,0.2698301078040635,0.2122999268149848,0.23216932981698904,0.24006935406244434,0.02696682684423779,-0.3727780262996927,"H1,H2,DD","H1,H2,OOS,DD,CAGR"
C,small|R6|25,small|R6|25,SMALL,25.0,M,0,0,True,10.405638079905186,0.055218080653904655,0.4014130764337755,-0.3965080970764747,0.45048687813603133,0.36445578613947577,0.44380393007680924,0.37965405489079007,0.05307875669391948,-0.3965080970764753,"H1,H2,DD","H1,H2,OOS,DD,CAGR"
C,small|R6|25,small|R6|25,SMALL,25.0,M,0,1,False,10.454788953080032,0.07305301188189328,0.49876764146876706,-0.3790688122578235,0.5042426589098814,0.4986026850987693,0.5526540822597591,0.47108705632735415,0.07058606130393152,-0.37906881225782385,"H1,DD","H1,H2,OOS,DD,CAGR"
C,small|R6|25,small|R6|25,SMALL,25.0,M,0,2,False,10.40032665854159,0.05732842306376229,0.41244080919034276,-0.4388323233564657,0.4481584945059795,0.38742614609256854,0.46463064187798137,0.38599703633295335,0.054534255405993104,-0.4388323233564668,"H1,H2,DD","H1,H2,OOS,DD,CAGR"
C,small|R6|25,small|R6|25,SMALL,25.0,M,0,3,False,10.401039732980289,0.0456309502267056,0.34655267657958233,-0.44731533607797436,0.376453203106034,0.3252711739927203,0.3942848998953941,0.3217629160499802,0.04244198694917922,-0.42135774952360305,"H1,H2,DD","H1,H2,OOS,DD,CAGR"
C,small|R6|25,small|R6|25,SMALL,25.0,M,0,4,False,10.57388182196369,0.044724017495065826,0.34126269677799165,-0.43121565208965174,0.4518936584108797,0.25423014563512913,0.44241414862465456,0.28756802027836265,0.03608302616290282,-0.4312156520896524,"H1,H2,DD","H1,H2,OOS,DD,CAGR"
C,small|R6|25,small|R6|25,SMALL,25.0,Q,0,0,True,4.604959169297988,0.01931262751067586,0.1970042889100326,-0.49750044939934257,0.41355919553204323,0.028895917322732483,0.46298201033337116,0.059112416139236686,-0.0065848440165987565,-0.4975004493993428,"H1,H2,DD","H1,H2,OOS,DD,CAGR"
C,small|R6|25,small|R6|25,SMALL,25.0,Q,0,1,False,4.713034967758325,0.014751754237199322,0.17167154385708455,-0.48285339037232033,0.30579388236485583,0.06662595162192216,0.38707219622915084,0.059267509200726126,-0.006319337056671315,-0.48198111987250825,"H1,H2,DD","H1,H2,OOS,DD,CAGR"
C,small|R6|25,small|R6|25,SMALL,25.0,Q,0,2,False,4.712051009693893,0.02520333085243509,0.2301088099364802,-0.4634711014215783,0.4016807082904798,0.09408308620437808,0.4785230932263105,0.09844172874203672,0.001045442738343061,-0.46347110142157766,"H1,H2,DD","H1,H2,OOS,DD,CAGR"
C,small|R6|25,small|R6|25,SMALL,25.0,Q,0,3,False,4.662174648883314,0.02323639134064992,0.21919405758151728,-0.459063270551197,0.36177508931985086,0.10492060697195339,0.37873805019979623,0.1333858329826635,0.0075648869548012865,-0.45906327055119656,"H1,H2,DD","H1,H2,OOS,DD,CAGR"
C,small|R6|25,small|R6|25,SMALL,25.0,Q,0,4,False,4.750409006765608,0.021542574625804,0.2098328119242765,-0.4948795579696279,0.3979223828966137,0.057075472717153894,0.42173588504144766,0.09514825805487884,0.0005970369549090915,-0.49487955796962757,"H1,H2,DD","H1,H2,OOS,DD,CAGR"
D,u56|S4|0.00,u56|S4|0.00,U56,10.0,D,0,0,True,36.032318293587885,0.14757512816746998,0.9552259977531875,-0.23868925522710804,0.9266925845724883,0.984553825957724,0.8333298947453918,1.0477994746286325,0.1720147613375671,-0.23868925522710793,DD,"H1,DD"
D,u56|S4|0.00,u56|S4|0.00,U56,10.0,W,0,0,True,14.640373351417706,0.17043894112856628,1.0637782086043885,-0.23978888764278394,1.06816742980379,1.0668718196846572,0.9758599191176791,1.131166085677921,0.1931846992715236,-0.2397888876427836,DD,DD
D,u56|S4|0.00,u56|S4|0.00,U56,10.0,W,0,1,False,14.37212536854122,0.17557321795543235,1.0946716160946908,-0.24278495278343648,1.0837140753110055,1.109821799384266,1.0152675337763157,1.1560345614015426,0.1962167494672964,-0.2427849527834368,DD,DD
D,u56|S4|0.00,u56|S4|0.00,U56,10.0,W,0,2,False,14.509885743110948,0.18164546783010738,1.1194084206881325,-0.22125942736744986,1.0591785291728297,1.177256213898661,0.9775978359760079,1.226483950332607,0.21293957608286784,-0.22125942736744986,DD,DD
D,u56|S4|0.00,u56|S4|0.00,U56,10.0,W,0,3,False,14.012514095178764,0.18805836739119108,1.1535095797238182,-0.229624052906502,1.1644775879506748,1.1523564806622544,1.0512831660089534,1.2315169648358424,0.2150346948939985,-0.2296240529065019,DD,DD
D,u56|S4|0.00,u56|S4|0.00,U56,10.0,W,0,4,False,14.69694024014019,0.16605963066569718,1.04124121599252,-0.2590983510513032,1.0377514617087793,1.050366867774439,0.9377305466832068,1.1200174914429364,0.19037557703754016,-0.2590983510513034,DD,DD
D,u56|S4|0.00,u56|S4|0.00,U56,10.0,M,0,0,True,6.395783811111525,0.20572925240517836,1.2153296460735672,-0.25249877006837085,1.203365897757755,1.2329120642651257,1.092740587652032,1.3085646521972267,0.2367779345820442,-0.25249877006837074,DD,DD
D,u56|S4|0.00,u56|S4|0.00,U56,10.0,M,0,1,False,6.469676456625316,0.20154681951172693,1.18125259691458,-0.2711426386836566,1.140302242309376,1.2238024640099405,1.0285075333701312,1.2959749800451081,0.23803036158507984,-0.2711426386836562,DD,DD
D,u56|S4|0.00,u56|S4|0.00,U56,10.0,M,0,2,False,6.486362423008584,0.20130194767359222,1.1679346401238182,-0.2759240332799061,1.110708528339204,1.226068864402782,1.0028519606852702,1.2897590800682375,0.24327287136355014,-0.2759240332799059,DD,DD
D,u56|S4|0.00,u56|S4|0.00,U56,10.0,M,0,3,False,6.5855592660845685,0.1882619426029224,1.094687054786626,-0.28356220087561823,1.078152306475077,1.1203220652939667,0.9697459164155409,1.1879696596066136,0.22364523943022485,-0.2835622008756187,DD,DD
D,u56|S4|0.00,u56|S4|0.00,U56,10.0,M,0,4,False,6.503249741639776,0.19032328151637823,1.1123291176221946,-0.28057001782616886,1.109431379695375,1.127345717875886,0.9968906257718362,1.19919935899696,0.22458670112956503,-0.2805700178261691,DD,DD
D,u56|S4|0.50,u56|S4|0.50,U56,10.0,D,0,0,True,31.10001924967946,0.09814360242313835,0.9904167098791595,-0.13444384830040923,0.939267250556954,1.0393790173171242,0.8757514167912441,1.083962934170997,0.10891194204547339,-0.13444384830040923,-,"H1,CAGR"
D,u56|S4|0.50,u56|S4|0.50,U56,10.0,W,0,0,True,12.498244101583115,0.11752047563303591,1.1490705173163172,-0.14225991402961413,1.099186292865067,1.1966911402647353,1.0407370661713065,1.236093245041245,0.12897551021683684,-0.14225991402961435,DD,-
D,u56|S4|0.50,u56|S4|0.50,U56,10.0,W,0,1,False,12.446963202046815,0.11774691823812677,1.1496107017346495,-0.13680809702792818,1.1084079445016655,1.1891580242974582,1.0707585618178568,1.2132748743235426,0.12614264051853574,-0.13680809702792796,-,-
D,u56|S4|0.50,u56|S4|0.50,U56,10.0,W,0,2,False,12.35116884995342,0.12233669044542594,1.1911299941037072,-0.11726144803615113,1.0756024093507497,1.301210428373346,1.039899132248789,1.3142314521247727,0.13721691080789422,-0.11726144803615102,-,-
D,u56|S4|0.50,u56|S4|0.50,U56,10.0,W,0,3,False,12.053058481466453,0.12317302263493857,1.1971089777235844,-0.13123989261293723,1.1512305022684715,1.2410514887585495,1.066014173193094,1.301931269627572,0.13719433391341496,-0.13123989261293711,-,-
D,u56|S4|0.50,u56|S4|0.50,U56,10.0,W,0,4,False,12.406682675132862,0.1140971758014302,1.1231657250725,-0.14387694272615847,1.0200550592628095,1.2217086811180802,0.9533635365380406,1.2620795077754814,0.13026838507245309,-0.14387694272615825,DD,-
D,u56|S4|0.50,u56|S4|0.50,U56,10.0,M,0,0,True,5.346616955853883,0.13467881930249193,1.280661049061602,-0.1275096133783351,1.18655496387767,1.3701075022586229,1.1023230100998098,1.4254182715131414,0.1528319913473788,-0.127509613378335,-,-
D,u56|S4|0.50,u56|S4|0.50,U56,10.0,M,0,1,False,5.47619198578694,0.13426161338611298,1.2630256917416902,-0.13407923130027288,1.1636693074339706,1.3567174039459808,1.0747206873649462,1.413749455056314,0.15442176400085272,-0.13407923130027266,-,-
D,u56|S4|0.50,u56|S4|0.50,U56,10.0,M,0,2,False,5.490728898783487,0.13102435989125127,1.226398090414713,-0.1358558128491898,1.0953960069907187,1.3474597756534894,1.014451025976384,1.392373825437842,0.1548546657390668,-0.1358558128491898,-,-
D,u56|S4|0.50,u56|S4|0.50,U56,10.0,M,0,3,False,5.387584904392148,0.1266781821143439,1.1866641829010656,-0.1398008428073655,1.0823030685850876,1.2835576001653466,1.0025036195209112,1.3306433411478686,0.14779589965785567,-0.1398008428073655,DD,-
D,u56|S4|0.50,u56|S4|0.50,U56,10.0,M,0,4,False,5.411456094103093,0.12389018320583611,1.1704360627731865,-0.13808146908505203,1.0537796192460531,1.278471436558901,0.9830660918337157,1.3167433977895393,0.14513341026719018,-0.1380814690850518,-,-
D,u56|S3|0.00,u56|S3|0.00,U56,10.0,D,0,0,True,36.032318293587885,0.14757512816746998,0.9552259977531875,-0.23868925522710804,0.9266925845724883,0.984553825957724,0.8333298947453918,1.0477994746286325,0.1720147613375671,-0.23868925522710793,DD,"H1,DD"
D,u56|S3|0.00,u56|S3|0.00,U56,10.0,W,0,0,True,14.640373351417706,0.17043894112856628,1.0637782086043885,-0.23978888764278394,1.06816742980379,1.0668718196846572,0.9758599191176791,1.131166085677921,0.1931846992715236,-0.2397888876427836,DD,DD
D,u56|S3|0.00,u56|S3|0.00,U56,10.0,W,0,1,False,14.37212536854122,0.17557321795543235,1.0946716160946908,-0.24278495278343648,1.0837140753110055,1.109821799384266,1.0152675337763157,1.1560345614015426,0.1962167494672964,-0.2427849527834368,DD,DD
D,u56|S3|0.00,u56|S3|0.00,U56,10.0,W,0,2,False,14.509885743110948,0.18164546783010738,1.1194084206881325,-0.22125942736744986,1.0591785291728297,1.177256213898661,0.9775978359760079,1.226483950332607,0.21293957608286784,-0.22125942736744986,DD,DD
D,u56|S3|0.00,u56|S3|0.00,U56,10.0,W,0,3,False,14.012514095178764,0.18805836739119108,1.1535095797238182,-0.229624052906502,1.1644775879506748,1.1523564806622544,1.0512831660089534,1.2315169648358424,0.2150346948939985,-0.2296240529065019,DD,DD
D,u56|S3|0.00,u56|S3|0.00,U56,10.0,W,0,4,False,14.69694024014019,0.16605963066569718,1.04124121599252,-0.2590983510513032,1.0377514617087793,1.050366867774439,0.9377305466832068,1.1200174914429364,0.19037557703754016,-0.2590983510513034,DD,DD
D,u56|S3|0.00,u56|S3|0.00,U56,10.0,M,0,0,True,6.395783811111525,0.20572925240517836,1.2153296460735672,-0.25249877006837085,1.203365897757755,1.2329120642651257,1.092740587652032,1.3085646521972267,0.2367779345820442,-0.25249877006837074,DD,DD
D,u56|S3|0.00,u56|S3|0.00,U56,10.0,M,0,1,False,6.469676456625316,0.20154681951172693,1.18125259691458,-0.2711426386836566,1.140302242309376,1.2238024640099405,1.0285075333701312,1.2959749800451081,0.23803036158507984,-0.2711426386836562,DD,DD
D,u56|S3|0.00,u56|S3|0.00,U56,10.0,M,0,2,False,6.486362423008584,0.20130194767359222,1.1679346401238182,-0.2759240332799061,1.110708528339204,1.226068864402782,1.0028519606852702,1.2897590800682375,0.24327287136355014,-0.2759240332799059,DD,DD
D,u56|S3|0.00,u56|S3|0.00,U56,10.0,M,0,3,False,6.5855592660845685,0.1882619426029224,1.094687054786626,-0.28356220087561823,1.078152306475077,1.1203220652939667,0.9697459164155409,1.1879696596066136,0.22364523943022485,-0.2835622008756187,DD,DD
D,u56|S3|0.00,u56|S3|0.00,U56,10.0,M,0,4,False,6.503249741639776,0.19032328151637823,1.1123291176221946,-0.28057001782616886,1.109431379695375,1.127345717875886,0.9968906257718362,1.19919935899696,0.22458670112956503,-0.2805700178261691,DD,DD
D,u56|S3|0.50,u56|S3|0.50,U56,10.0,D,0,0,True,30.85958865899905,0.09551410335409871,0.9959292969588129,-0.12564132786624427,0.9944790804403071,0.9980217495216801,0.9294712224061964,1.049549385658042,0.10214048330045933,-0.1256413278662446,-,CAGR
D,u56|S3|0.50,u56|S3|0.50,U56,10.0,W,0,0,True,12.424213081305652,0.11548347531494074,1.167288542068541,-0.1329311313521483,1.1693743035134567,1.1669042566286885,1.1074493316773506,1.215012799486523,0.12274055081360524,-0.1329311313521484,-,-
D,u56|S3|0.50,u56|S3|0.50,U56,10.0,W,0,1,False,12.373990193774745,0.11659181215197822,1.1760529832839264,-0.12744217912256817,1.1803432246110197,1.1732843820284027,1.1421064421167801,1.2032314809242197,0.12127714548703472,-0.12744217912256828,-,-
D,u56|S3|0.50,u56|S3|0.50,U56,10.0,W,0,2,False,12.251050732720568,0.12157255509973597,1.222877220148551,-0.11018580729486394,1.155481840707988,1.287184223589689,1.1168966375515674,1.308477112655934,0.13223769671858565,-0.11018580729486371,-,-
D,u56|S3|0.50,u56|S3|0.50,U56,10.0,W,0,3,False,12.017498268561935,0.1216728642350473,1.2218649898226817,-0.12296077029102148,1.220261392852669,1.2251930432909728,1.1338222638088993,1.2917597865357184,0.131918972397163,-0.12296077029102159,-,-
D,u56|S3|0.50,u56|S3|0.50,U56,10.0,W,0,4,False,12.327787726874577,0.11244737980223474,1.1417694121856041,-0.13517020799567425,1.0797023015478435,1.2011022384505263,1.0078110756762788,1.2505494833515667,0.12517714359153276,-0.13517020799567436,-,-
D,u56|S3|0.50,u56|S3|0.50,U56,10.0,M,0,0,True,5.306570520618462,0.1345886559722289,1.324450180661626,-0.11704260640751729,1.295894628596094,1.3522505789649728,1.208863797039565,1.417909335140644,0.1464548617912924,-0.11704260640751707,-,-
D,u56|S3|0.50,u56|S3|0.50,U56,10.0,M,0,1,False,5.4049122993564,0.13441126578891427,1.3103734224171002,-0.12372852891492947,1.276632046400745,1.343280476068874,1.1864042637229761,1.4089747092967464,0.14832743329873477,-0.12372852891492936,-,-
D,u56|S3|0.50,u56|S3|0.50,U56,10.0,M,0,2,False,5.460826922725985,0.1295039376714604,1.2530707859064514,-0.12511279458576285,1.1783250772563862,1.3234140306545255,1.0926875895556698,1.378272088079936,0.14808680597646084,-0.12511279458576263,-,-
D,u56|S3|0.50,u56|S3|0.50,U56,10.0,M,0,3,False,5.334363337021297,0.12560146718266862,1.2176528367097277,-0.12883412095583102,1.166051509711441,1.2671122139236568,1.0809678917006686,1.324349260392738,0.14190205069313877,-0.12883412095583102,-,-
D,u56|S3|0.50,u56|S3|0.50,U56,10.0,M,0,4,False,5.413981020428858,0.12252869359672736,1.1952387136524703,-0.12729634723407113,1.1278319171617244,1.2588351266586957,1.0370665296732449,1.3183800722766603,0.14071392115323778,-0.12729634723407113,-,-
D,broad|S4|0.00,broad|S4|0.00,B136,10.0,D,0,0,True,45.06978512845452,0.12836232041304352,0.7504749704697441,-0.28843353849914943,0.9126672147560903,0.6055777458476503,0.82786381748785,0.6908759033284684,0.11889688830369494,-0.28843353849914966,DD,"H1,H2,OOS,DD"
D,broad|S4|0.00,broad|S4|0.00,B136,10.0,W,0,0,True,19.061552224633477,0.17230965956257882,0.944976899729114,-0.26198457049262847,1.1068813406182023,0.8042443502607914,1.024556769637889,0.8853548812240479,0.16455356689778688,-0.26198457049262835,DD,"H2,DD"
D,broad|S4|0.00,broad|S4|0.00,B136,10.0,W,0,1,False,18.777856405375733,0.1732194433490839,0.948059121981007,-0.2785972073409638,1.1375978416594232,0.7827446736955512,1.0507750119087091,0.8707516885429639,0.16144408682549027,-0.2785972073409638,DD,"H2,OOS,DD"
D,broad|S4|0.00,broad|S4|0.00,B136,10.0,W,0,2,False,18.52325918238177,0.17641024841989772,0.9605672081217455,-0.2600296124364453,1.1689232916223238,0.7798628185008508,1.0790160309561576,0.8719821861964229,0.16249090208693828,-0.26002961243644507,DD,"H2,OOS,DD"
D,broad|S4|0.00,broad|S4|0.00,B136,10.0,W,0,3,False,18.638032206249306,0.17623051252842137,0.9558405286141509,-0.2741320983658144,1.1195994152089526,0.8154085924490629,1.0321120232492358,0.8994312613589719,0.16965986838479763,-0.2741320983658144,DD,"H2,DD"
D,broad|S4|0.00,broad|S4|0.00,B136,10.0,W,0,4,False,18.714441036253916,0.16672116824845462,0.91782007001325,-0.3101578146392773,1.1053718098726169,0.757666263406827,1.0223792973479306,0.8410283231480717,0.15592033888813028,-0.3101578146392775,DD,"H2,OOS,DD"
D,broad|S4|0.00,broad|S4|0.00,B136,10.0,M,0,0,True,8.67752645110862,0.22331773491722196,1.1134304696235862,-0.336744403440303,1.307278352367234,0.9632333342572625,1.2169957478966897,1.045070710340343,0.21994293137742305,-0.336744403440303,DD,DD
D,broad|S4|0.00,broad|S4|0.00,B136,10.0,M,0,1,False,8.679932625346284,0.2160136790287257,1.0878383147720987,-0.34382669353728756,1.301335238874631,0.9212579223959578,1.1895952323126582,1.0207880667073368,0.21270166140325308,-0.34382669353728745,DD,DD
D,broad|S4|0.00,broad|S4|0.00,B136,10.0,M,0,2,False,8.673333396489937,0.20298202087944284,1.0258759057185003,-0.33808466331668563,1.2614205531988907,0.8442507573588782,1.1533515820084967,0.9419102378671502,0.19508664856745672,-0.33808466331668563,DD,DD
D,broad|S4|0.00,broad|S4|0.00,B136,10.0,M,0,3,False,8.769954957922488,0.19290408888704946,0.9859863340315334,-0.3274244148464137,1.2262583500734932,0.7995079471072237,1.1342372204212978,0.8874212245288499,0.18084520454945396,-0.3274244148464134,DD,"H2,DD"
D,broad|S4|0.00,broad|S4|0.00,B136,10.0,M,0,4,False,8.669119728270527,0.19253277204079722,0.9893690187503965,-0.3356823534453143,1.2651963321667357,0.7707231966197597,1.177121731458895,0.8613411559042701,0.17271634704423233,-0.33568235344531416,DD,"H2,OOS,DD"
D,broad|S4|0.50,broad|S4|0.50,B136,10.0,D,0,0,True,36.97738451386929,0.09109419110858519,0.8307326456983849,-0.1589396733858749,0.9819921660901016,0.6859150137891873,0.9208602093554397,0.756318954239963,0.0820498453152767,-0.1589396733858751,-,"H2,OOS,CAGR"
D,broad|S4|0.50,broad|S4|0.50,B136,10.0,W,0,0,True,15.32374190000813,0.12174349486659075,1.0631058327844392,-0.1561505525800979,1.1731568822814156,0.9608723931706532,1.1161344062894747,1.0203746481932119,0.11759774497241215,-0.1561505525800979,-,-
D,broad|S4|0.50,broad|S4|0.50,B136,10.0,W,0,1,False,15.206552368861658,0.11849784824608656,1.0358717614431454,-0.16193534300364743,1.2145873382256205,0.8702022592488724,1.1573305787893235,0.9386478189484632,0.10753305698796822,-0.16193534300364731,-,-
D,broad|S4|0.50,broad|S4|0.50,B136,10.0,W,0,2,False,14.975861288528188,0.12377750920886199,1.0794960497113206,-0.14693101049248736,1.2369341444278172,0.9306551777552726,1.1888813654969719,0.9904326638820069,0.11316746536455624,-0.1469310104924877,-,-
D,broad|S4|0.50,broad|S4|0.50,B136,10.0,W,0,3,False,14.95477072009389,0.12054398231985552,1.0450848599324365,-0.1592834188334309,1.1816053211179198,0.9196201310174703,1.1162807272458628,0.9881948782028596,0.114814014162824,-0.15928341883343078,-,-
D,broad|S4|0.50,broad|S4|0.50,B136,10.0,W,0,4,False,15.053192569634998,0.11854062882496064,1.0349137618626543,-0.1807498117942371,1.1464336261115182,0.9322182563377418,1.0886148056802012,0.9921002835142818,0.11474002479081835,-0.18074981179423721,-,-
D,broad|S4|0.50,broad|S4|0.50,B136,10.0,M,0,0,True,6.724776807660367,0.1484140016844684,1.2355386049921233,-0.15462217690571978,1.3415472639079031,1.1414253463322652,1.2702131525072395,1.2087303270866965,0.1480522323528497,-0.15462217690571955,-,-
D,broad|S4|0.50,broad|S4|0.50,B136,10.0,M,0,1,False,6.862003540386126,0.14545430460255737,1.2110512023909765,-0.1575934985745081,1.3539415984593068,1.0850410656078315,1.2599550802851005,1.1739810032969316,0.1444427414495737,-0.15759349857450777,-,-
D,broad|S4|0.50,broad|S4|0.50,B136,10.0,M,0,2,False,6.851057888531743,0.1376580796000526,1.1476036378924248,-0.1562745180565449,1.2876220961833513,1.0274661135156264,1.1995156135564768,1.1092448455904698,0.13705971812151918,-0.1562745180565447,-,-
D,broad|S4|0.50,broad|S4|0.50,B136,10.0,M,0,3,False,6.780791400798389,0.1339779578908673,1.1182167204704976,-0.15150364319541232,1.254621679005065,0.999438683916684,1.183351023848486,1.0692333825310432,0.1314482855589143,-0.15150364319541243,-,-
D,broad|S4|0.50,broad|S4|0.50,B136,10.0,M,0,4,False,6.784586906423771,0.13041339222567117,1.0992874365388638,-0.15136852539365409,1.233050184511161,0.9795477461944841,1.171188850049435,1.0436525094947253,0.12603398418263922,-0.15136852539365397,-,-
D,broad|S3|0.00,broad|S3|0.00,B136,10.0,D,0,0,True,45.06978512845452,0.12836232041304352,0.7504749704697441,-0.28843353849914943,0.9126672147560903,0.6055777458476503,0.82786381748785,0.6908759033284684,0.11889688830369494,-0.28843353849914966,DD,"H1,H2,OOS,DD"
D,broad|S3|0.00,broad|S3|0.00,B136,10.0,W,0,0,True,19.061552224633477,0.17230965956257882,0.944976899729114,-0.26198457049262847,1.1068813406182023,0.8042443502607914,1.024556769637889,0.8853548812240479,0.16455356689778688,-0.26198457049262835,DD,"H2,DD"
D,broad|S3|0.00,broad|S3|0.00,B136,10.0,W,0,1,False,18.777856405375733,0.1732194433490839,0.948059121981007,-0.2785972073409638,1.1375978416594232,0.7827446736955512,1.0507750119087091,0.8707516885429639,0.16144408682549027,-0.2785972073409638,DD,"H2,OOS,DD"
D,broad|S3|0.00,broad|S3|0.00,B136,10.0,W,0,2,False,18.52325918238177,0.17641024841989772,0.9605672081217455,-0.2600296124364453,1.1689232916223238,0.7798628185008508,1.0790160309561576,0.8719821861964229,0.16249090208693828,-0.26002961243644507,DD,"H2,OOS,DD"
D,broad|S3|0.00,broad|S3|0.00,B136,10.0,W,0,3,False,18.638032206249306,0.17623051252842137,0.9558405286141509,-0.2741320983658144,1.1195994152089526,0.8154085924490629,1.0321120232492358,0.8994312613589719,0.16965986838479763,-0.2741320983658144,DD,"H2,DD"
D,broad|S3|0.00,broad|S3|0.00,B136,10.0,W,0,4,False,18.714441036253916,0.16672116824845462,0.91782007001325,-0.3101578146392773,1.1053718098726169,0.757666263406827,1.0223792973479306,0.8410283231480717,0.15592033888813028,-0.3101578146392775,DD,"H2,OOS,DD"
D,broad|S3|0.00,broad|S3|0.00,B136,10.0,M,0,0,True,8.67752645110862,0.22331773491722196,1.1134304696235862,-0.336744403440303,1.307278352367234,0.9632333342572625,1.2169957478966897,1.045070710340343,0.21994293137742305,-0.336744403440303,DD,DD
D,broad|S3|0.00,broad|S3|0.00,B136,10.0,M,0,1,False,8.679932625346284,0.2160136790287257,1.0878383147720987,-0.34382669353728756,1.301335238874631,0.9212579223959578,1.1895952323126582,1.0207880667073368,0.21270166140325308,-0.34382669353728745,DD,DD
D,broad|S3|0.00,broad|S3|0.00,B136,10.0,M,0,2,False,8.673333396489937,0.20298202087944284,1.0258759057185003,-0.33808466331668563,1.2614205531988907,0.8442507573588782,1.1533515820084967,0.9419102378671502,0.19508664856745672,-0.33808466331668563,DD,DD
D,broad|S3|0.00,broad|S3|0.00,B136,10.0,M,0,3,False,8.769954957922488,0.19290408888704946,0.9859863340315334,-0.3274244148464137,1.2262583500734932,0.7995079471072237,1.1342372204212978,0.8874212245288499,0.18084520454945396,-0.3274244148464134,DD,"H2,DD"
D,broad|S3|0.00,broad|S3|0.00,B136,10.0,M,0,4,False,8.669119728270527,0.19253277204079722,0.9893690187503965,-0.3356823534453143,1.2651963321667357,0.7707231966197597,1.177121731458895,0.8613411559042701,0.17271634704423233,-0.33568235344531416,DD,"H2,OOS,DD"
D,broad|S3|0.50,broad|S3|0.50,B136,10.0,D,0,0,True,36.69564535854542,0.0887001198312618,0.83035113974968,-0.14843255886460305,1.0429542037690476,0.6319840207892181,0.9787006063852876,0.7113555369731216,0.07549191446826176,-0.1484325588646026,-,"H2,OOS,CAGR"
D,broad|S3|0.50,broad|S3|0.50,B136,10.0,W,0,0,True,15.225949849278125,0.11951809801251856,1.0725560973337747,-0.14620967840627608,1.2445221300024185,0.9170176239491609,1.1844357881501169,0.9854039674197342,0.1112548900053687,-0.1462096784062764,-,-
D,broad|S3|0.50,broad|S3|0.50,B136,10.0,W,0,1,False,15.109740824214857,0.11765533396182115,1.0562638439272232,-0.15108104695843194,1.2952396583878103,0.8406291038374406,1.236712055557272,0.9163827242173181,0.10294680352899466,-0.15108104695843205,-,-
D,broad|S3|0.50,broad|S3|0.50,B136,10.0,W,0,2,False,14.854318225696767,0.12346457077002859,1.1050668408255544,-0.1380987455799747,1.3284730532649744,0.897878785242906,1.2760540108276421,0.9691358190018844,0.10835869021284372,-0.1380987455799746,-,-
D,broad|S3|0.50,broad|S3|0.50,B136,10.0,W,0,3,False,14.923106076968459,0.1191073907666047,1.059331502895532,-0.1497942927840219,1.2514921901320792,0.8871030265876645,1.1850263058610864,0.9619254343214343,0.10962036724074986,-0.1497942927840218,-,-
D,broad|S3|0.50,broad|S3|0.50,B136,10.0,W,0,4,False,14.989803254150406,0.1172442284091757,1.0484030745597561,-0.17069376135040681,1.2154490159352045,0.8983806685912299,1.1524538494281678,0.9680444558119539,0.11002784804583654,-0.17069376135040693,-,-
D,broad|S3|0.50,broad|S3|0.50,B136,10.0,M,0,0,True,6.684357743694757,0.14833467366453923,1.2680743640874728,-0.14217663106405676,1.4475890732738352,1.1093314600388464,1.3738849864464808,1.1868732522539704,0.1415956797277007,-0.14217663106405698,-,-
D,broad|S3|0.50,broad|S3|0.50,B136,10.0,M,0,1,False,6.791878842865037,0.14535126408779098,1.2452421697430678,-0.14521625212759437,1.4672110330299104,1.0523736070142122,1.3707719215660796,1.1514042670986073,0.13799981093127167,-0.14521625212759426,-,-
D,broad|S3|0.50,broad|S3|0.50,B136,10.0,M,0,2,False,6.821197985300461,0.13574838316251148,1.1627623442950445,-0.14414386859275274,1.3749242201336016,0.9837369963565451,1.2816425793129729,1.0762404028198163,0.1299238169086383,-0.14414386859275274,-,-
D,broad|S3|0.50,broad|S3|0.50,B136,10.0,M,0,3,False,6.7294782015185195,0.13242507327096908,1.1360917607485308,-0.13985591911172268,1.3403239890022076,0.961228917115077,1.2644814156659243,1.0414171034639337,0.12499595527823426,-0.13985591911172246,-,-
D,broad|S3|0.50,broad|S3|0.50,B136,10.0,M,0,4,False,6.7913835849248345,0.12870193725156942,1.11241890328305,-0.13974521451277067,1.3052396709912513,0.9429175132087689,1.2261693767314819,1.026461305438373,0.1214883455838851,-0.139745214512771,-,-
